0.000000 11.119081
0.010000 11.429203
0.020000 11.810311
0.030000 12.252534
0.040000 12.882376
0.050000 13.752863
0.060000 14.773506
0.070000 15.818235
0.080000 16.742819
0.090000 17.322334
0.100000 17.459082
0.110000 17.255268
0.120000 17.091459
0.130000 17.369514
0.140000 17.791494
0.150000 18.123270
0.160000 18.418816
0.170000 18.478165
0.180000 18.211443
0.190000 17.675526
0.200000 16.945791
0.210000 16.083368
0.220000 15.113948
0.230000 14.088970
0.240000 13.069367
0.250000 12.072743
0.260000 11.144545
0.270000 10.375157
0.280000 9.757318
0.290000 9.209001
0.300000 8.703294
0.310000 8.350870
0.320000 8.746306
0.330000 9.640869
0.340000 10.619257
0.350000 11.993989
0.360000 13.751308
0.370000 15.721324
0.380000 17.326849
0.390000 18.133770
0.400000 18.653839
0.410000 18.444149
0.420000 17.897980
0.430000 17.004044
0.440000 15.770971
0.450000 14.299827
0.460000 12.643580
0.470000 11.179874
0.480000 10.281108
0.490000 10.101509
0.500000 10.521089
0.510000 11.026510
0.520000 11.090700
0.530000 10.770252
0.540000 10.344575
0.550000 10.020105
0.560000 9.836771
0.570000 9.741577
0.580000 9.724846
0.590000 9.789383
0.600000 9.904487
0.610000 10.042021
0.620000 10.198907
0.630000 10.391541
0.640000 10.605969
0.650000 10.783566
0.660000 10.918591
0.670000 11.193052
0.680000 11.854677
0.690000 12.813035
0.700000 13.894611
0.710000 14.889957
0.720000 15.476280
0.730000 15.597370
0.740000 15.350562
0.750000 15.298833
0.760000 15.764735
0.770000 16.354691
0.780000 16.931925
0.790000 17.344707
0.800000 17.419838
0.810000 17.141483
0.820000 16.477409
0.830000 15.470796
0.840000 14.271696
0.850000 13.108669
0.860000 12.140488
0.870000 11.407187
0.880000 10.800994
0.890000 10.097912
0.900000 9.281599
0.910000 8.600578
0.920000 8.028515
0.930000 7.443321
0.940000 6.877170
0.950000 6.981752
0.960000 7.885561
0.970000 8.906028
0.980000 10.249384
0.990000 12.071595
1.000000 14.099331
1.010000 15.716177
1.020000 16.374039
1.030000 16.737249
1.040000 16.292480
1.050000 15.615578
1.060000 14.500837
1.070000 13.187263
1.080000 11.693051
1.090000 10.151507
1.100000 9.079665
1.110000 8.666595
1.120000 8.877817
1.130000 9.549739
1.140000 9.861917
1.150000 9.607578
1.160000 9.137258
1.170000 8.830474
1.180000 8.750809
1.190000 8.778982
1.200000 8.848605
1.210000 8.982210
1.220000 9.175405
1.230000 9.390285
1.240000 9.594623
1.250000 9.779423
1.260000 9.929316
1.270000 9.967652
1.280000 9.859499
1.290000 9.725114
1.300000 9.716264
1.310000 10.056565
1.320000 10.864706
1.330000 11.962153
1.340000 13.020688
1.350000 13.627009
1.360000 13.699931
1.370000 13.366556
1.380000 13.355033
1.390000 14.036350
1.400000 14.960567
1.410000 15.863877
1.420000 16.363390
1.430000 16.213673
1.440000 15.418188
1.450000 14.172168
1.460000 12.653009
1.470000 11.126641
1.480000 9.873907
1.490000 8.957752
1.500000 8.422332
1.510000 8.362731
1.520000 8.662889
1.530000 8.647192
1.540000 7.944213
1.550000 7.242228
1.560000 6.601394
1.570000 5.880238
1.580000 5.404562
1.590000 5.987705
1.600000 6.997731
1.610000 8.221574
1.620000 9.988832
1.630000 12.060931
1.640000 13.897835
1.650000 14.591079
1.660000 14.891261
1.670000 14.363686
1.680000 13.596918
1.690000 12.356317
1.700000 10.999334
1.710000 9.533815
1.720000 8.103728
1.730000 7.297714
1.740000 7.257144
1.750000 7.881523
1.760000 8.563470
1.770000 8.632871
1.780000 8.153024
1.790000 7.720469
1.800000 7.626513
1.810000 7.747618
1.820000 7.900523
1.830000 8.066169
1.840000 8.298429
1.850000 8.589311
1.860000 8.904510
1.870000 9.211652
1.880000 9.478237
1.890000 9.621174
1.900000 9.545841
1.910000 9.279084
1.920000 8.938248
1.930000 8.689831
1.940000 8.643490
1.950000 9.045449
1.960000 9.992687
1.970000 10.938387
1.980000 11.486444
1.990000 11.640994
2.000000 11.355640
2.010000 11.333327
2.020000 12.275295
2.030000 13.677041
2.040000 14.934248
2.050000 15.132983
2.060000 14.079197
2.070000 12.579277
2.080000 11.087273
2.090000 9.608023
2.100000 8.208447
2.110000 7.006805
2.120000 6.050965
2.130000 5.386083
2.140000 5.181870
2.150000 5.523187
2.160000 6.445625
2.170000 7.400480
2.180000 7.054367
2.190000 6.236695
2.200000 5.463274
2.210000 4.567423
2.220000 4.292065
2.230000 4.917467
2.240000 6.050056
2.250000 7.496034
2.260000 9.518762
2.270000 11.674440
2.280000 12.829452
2.290000 13.125216
2.300000 12.708519
2.310000 11.929869
2.320000 10.675206
2.330000 9.273269
2.340000 7.889994
2.350000 6.546633
2.360000 5.743598
2.370000 5.828650
2.380000 6.805737
2.390000 7.532618
2.400000 7.456449
2.410000 6.917499
2.420000 6.629677
2.430000 6.631157
2.440000 6.785166
2.450000 6.959237
2.460000 7.134975
2.470000 7.370002
2.480000 7.676350
2.490000 8.051233
2.500000 8.480667
2.510000 8.907707
2.520000 9.180611
2.530000 9.207612
2.540000 9.030649
2.550000 8.698030
2.560000 8.260094
2.570000 7.877901
2.580000 7.762371
2.590000 8.098672
2.600000 8.631374
2.610000 9.081519
2.620000 9.512299
2.630000 9.515815
2.640000 9.386858
2.650000 10.314897
2.660000 12.194865
2.670000 13.822611
2.680000 13.483432
2.690000 11.651215
2.700000 9.954399
2.710000 8.523476
2.720000 7.115168
2.730000 5.926976
2.740000 4.940003
2.750000 3.968662
2.760000 3.047627
2.770000 2.624552
2.780000 2.872311
2.790000 3.495750
2.800000 4.458648
2.810000 5.795267
2.820000 6.546219
2.830000 5.632265
2.840000 4.699957
2.850000 3.658511
2.860000 3.381622
2.870000 3.907111
2.880000 4.985080
2.890000 6.479005
2.900000 8.614830
2.910000 10.661194
2.920000 11.287165
2.930000 11.252617
2.940000 10.459088
2.950000 9.418074
2.960000 7.977287
2.970000 6.659131
2.980000 5.478333
2.990000 4.543046
3.000000 4.358119
3.010000 5.317165
3.020000 6.400961
3.030000 6.457825
3.040000 5.905911
3.050000 5.663297
3.060000 5.722466
3.070000 5.864931
3.080000 6.010046
3.090000 6.142168
3.100000 6.283308
3.110000 6.475317
3.120000 6.761156
3.130000 7.165143
3.140000 7.659391
3.150000 8.103304
3.160000 8.423626
3.170000 8.582239
3.180000 8.539804
3.190000 8.305354
3.200000 7.858692
3.210000 7.359229
3.220000 7.046681
3.230000 6.816638
3.240000 6.780800
3.250000 7.204557
3.260000 7.604167
3.270000 7.651637
3.280000 8.032477
3.290000 9.861722
3.300000 12.128258
3.310000 12.104167
3.320000 10.110905
3.330000 8.285902
3.340000 6.857241
3.350000 5.427160
3.360000 4.141067
3.370000 3.238961
3.380000 2.624673
3.390000 1.952013
3.400000 0.787274
3.410000 0.832903
3.420000 1.864752
3.430000 2.705165
3.440000 3.417532
3.450000 4.286988
3.460000 5.382988
3.470000 5.632453
3.480000 4.460678
3.490000 3.323191
3.500000 3.079054
3.510000 3.218719
3.520000 3.790009
3.530000 4.949450
3.540000 6.966212
3.550000 9.000177
3.560000 9.556883
3.570000 9.252254
3.580000 8.421235
3.590000 7.208190
3.600000 5.728128
3.610000 4.576045
3.620000 3.734226
3.630000 3.188615
3.640000 3.584097
3.650000 4.715551
3.660000 5.499424
3.670000 5.048599
3.680000 4.812516
3.690000 5.030381
3.700000 5.245091
3.710000 5.279477
3.720000 5.264769
3.730000 5.334377
3.740000 5.413191
3.750000 5.527321
3.760000 5.738344
3.770000 6.097944
3.780000 6.514203
3.790000 6.887390
3.800000 7.244358
3.810000 7.571922
3.820000 7.803413
3.830000 7.827155
3.840000 7.602752
3.850000 7.160244
3.860000 6.597131
3.870000 6.039506
3.880000 5.327474
3.890000 5.379015
3.900000 5.754455
3.910000 6.106538
3.920000 6.806355
3.930000 8.975100
3.940000 10.663220
3.950000 9.733593
3.960000 7.848220
3.970000 6.177463
3.980000 4.701629
3.990000 3.310732
4.000000 2.186056
4.010000 1.428434
4.020000 1.213147
4.030000 1.285325
4.040000 1.328116
4.050000 1.750277
4.060000 2.554759
4.070000 3.169064
4.080000 3.527948
4.090000 3.759866
4.100000 4.065579
4.110000 4.564105
4.120000 4.887084
4.130000 3.682883
4.140000 3.270204
4.150000 3.299906
4.160000 3.137191
4.170000 3.498659
4.180000 4.594676
4.190000 6.610614
4.200000 7.778277
4.210000 7.690312
4.220000 6.816600
4.230000 5.756568
4.240000 4.237424
4.250000 3.045452
4.260000 2.322314
4.270000 2.071171
4.280000 2.695272
4.290000 3.809343
4.300000 4.346017
4.310000 4.109900
4.320000 4.401134
4.330000 4.837675
4.340000 4.995668
4.350000 4.840613
4.360000 4.656695
4.370000 4.756935
4.380000 4.854212
4.390000 4.876196
4.400000 4.912270
4.410000 5.076765
4.420000 5.313399
4.430000 5.590031
4.440000 5.890769
4.450000 6.184424
4.460000 6.504419
4.470000 6.821015
4.480000 6.986405
4.490000 6.955189
4.500000 6.687065
4.510000 6.176799
4.520000 5.204997
4.530000 4.097370
4.540000 3.886858
4.550000 4.528345
4.560000 5.377416
4.570000 7.095032
4.580000 8.498020
4.590000 8.174996
4.600000 6.870585
4.610000 5.258595
4.620000 3.677761
4.630000 2.334117
4.640000 1.576954
4.650000 1.272910
4.660000 1.365893
4.670000 1.707428
4.680000 2.126429
4.690000 2.691822
4.700000 3.287333
4.710000 3.869910
4.720000 4.413820
4.730000 4.487560
4.740000 4.170712
4.750000 3.922002
4.760000 3.809442
4.770000 4.010742
4.780000 3.392286
4.790000 3.410055
4.800000 3.699660
4.810000 3.600606
4.820000 3.380352
4.830000 3.486959
4.840000 5.121302
4.850000 6.180885
4.860000 5.896466
4.870000 5.066077
4.880000 3.826780
4.890000 2.370549
4.900000 1.408710
4.910000 0.931885
4.920000 1.499208
4.930000 2.571829
4.940000 3.353966
4.950000 3.571820
4.960000 3.776953
4.970000 3.997933
4.980000 4.091911
4.990000 3.958228
5.000000 3.712886
5.010000 3.712382
5.020000 4.009447
5.030000 4.258443
5.040000 4.399436
5.050000 4.459098
5.060000 4.503255
5.070000 4.530511
5.080000 4.616458
5.090000 4.754824
5.100000 4.958435
5.110000 5.241850
5.120000 5.538502
5.130000 5.895639
5.140000 6.223547
5.150000 6.260803
5.160000 6.064229
5.170000 5.141540
5.180000 3.828037
5.190000 2.616888
5.200000 3.185517
5.210000 4.722060
5.220000 6.327201
5.230000 6.552451
5.240000 6.203478
5.250000 5.406258
5.260000 4.228223
5.270000 2.788627
5.280000 1.824500
5.290000 1.952737
5.300000 2.185161
5.310000 2.424958
5.320000 2.696221
5.330000 2.959134
5.340000 3.369503
5.350000 3.877187
5.360000 3.805629
5.370000 2.730602
5.380000 2.043350
5.390000 1.791388
5.400000 1.832428
5.410000 2.058573
5.420000 2.233155
5.430000 2.627836
5.440000 2.775328
5.450000 3.450111
5.460000 4.011083
5.470000 3.994411
5.480000 3.433586
5.490000 2.785657
5.500000 4.152105
5.510000 4.772591
5.520000 4.048144
5.530000 3.200129
5.540000 1.750520
5.550000 0.787203
5.560000 0.619963
5.570000 1.210585
5.580000 2.078592
5.590000 2.607656
5.600000 2.854100
5.610000 2.893342
5.620000 3.009296
5.630000 2.980983
5.640000 2.896836
5.650000 2.751306
5.660000 2.748310
5.670000 3.035615
5.680000 3.396334
5.690000 3.697335
5.700000 3.867782
5.710000 4.003262
5.720000 4.054374
5.730000 3.994176
5.740000 3.804039
5.750000 3.620988
5.760000 3.721488
5.770000 3.991226
5.780000 4.360374
5.790000 4.800234
5.800000 5.274138
5.810000 5.632861
5.820000 5.649584
5.830000 4.736513
5.840000 3.620457
5.850000 2.363895
5.860000 2.005277
5.870000 4.356901
5.880000 5.195266
5.890000 5.178607
5.900000 4.808421
5.910000 4.209362
5.920000 3.696258
5.930000 2.710248
5.940000 2.107434
5.950000 2.640755
5.960000 2.970316
5.970000 3.167202
5.980000 3.341513
5.990000 3.327391
6.000000 3.303639
6.010000 2.516090
6.020000 0.738435
6.030000 1.068058
6.040000 1.308875
6.050000 1.260801
6.060000 1.019057
6.070000 0.849000
6.080000 0.976834
6.090000 1.372355
6.100000 2.028501
6.110000 2.766047
6.120000 2.146889
6.130000 3.942055
6.140000 4.159885
6.150000 3.438970
6.160000 2.060572
6.170000 3.128285
6.180000 3.414615
6.190000 2.759919
6.200000 1.581379
6.210000 0.648522
6.220000 1.185932
6.230000 1.686368
6.240000 1.983769
6.250000 1.814776
6.260000 2.008851
6.270000 2.090580
6.280000 2.131521
6.290000 1.845881
6.300000 1.750919
6.310000 1.712554
6.320000 1.784159
6.330000 2.006257
6.340000 2.365616
6.350000 2.796407
6.360000 3.204577
6.370000 3.486962
6.380000 3.588901
6.390000 3.528940
6.400000 3.250612
6.410000 2.711239
6.420000 2.375904
6.430000 2.333118
6.440000 2.619335
6.450000 3.131924
6.460000 3.697889
6.470000 4.289734
6.480000 4.894111
6.490000 5.242141
6.500000 4.625141
6.510000 3.622753
6.520000 2.609860
6.530000 1.486318
6.540000 3.086280
6.550000 3.926528
6.560000 4.291728
6.570000 4.748120
6.580000 4.077350
6.590000 3.426660
6.600000 3.181852
6.610000 2.392421
6.620000 2.511380
6.630000 3.152860
6.640000 3.261152
6.650000 3.212228
6.660000 2.941554
6.670000 2.528054
6.680000 0.832099
6.690000 1.940987
6.700000 2.396724
6.710000 2.367079
6.720000 1.765794
6.730000 1.229893
6.740000 0.910857
6.750000 0.750639
6.760000 0.611041
6.770000 0.866298
6.780000 1.470876
6.790000 2.338202
6.800000 2.760564
6.810000 0.830061
6.820000 3.931666
6.830000 4.078151
6.840000 2.408307
6.850000 1.492668
6.860000 2.572053
6.870000 2.305769
6.880000 1.182169
6.890000 0.806379
6.900000 1.821907
6.910000 2.370414
6.920000 1.164595
6.930000 1.165728
6.940000 1.692362
6.950000 1.719108
6.960000 1.307870
6.970000 1.038249
6.980000 1.025598
6.990000 1.116827
7.000000 1.175816
7.010000 1.228989
7.020000 1.340870
7.030000 1.493395
7.040000 1.815723
7.050000 2.119114
7.060000 2.424055
7.070000 2.638598
7.080000 2.371415
7.090000 1.814623
7.100000 1.173413
7.110000 0.529448
7.120000 0.834903
7.130000 1.560509
7.140000 2.363291
7.150000 3.212251
7.160000 4.068538
7.170000 4.636019
7.180000 4.717920
7.190000 4.300958
7.200000 3.530110
7.210000 2.534605
7.220000 1.607502
7.230000 2.465186
7.240000 2.911836
7.250000 2.867341
7.260000 3.708308
7.270000 4.477409
7.280000 3.909014
7.290000 2.726291
7.300000 1.908912
7.310000 1.176046
7.320000 1.578907
7.330000 2.488173
7.340000 2.374605
7.350000 2.141412
7.360000 2.234676
7.370000 0.935392
7.380000 2.056351
7.390000 2.412170
7.400000 1.479827
7.410000 1.004102
7.420000 0.968681
7.430000 0.671774
7.440000 0.791862
7.450000 0.705045
7.460000 0.415571
7.470000 0.508823
7.480000 1.188066
7.490000 1.886343
7.500000 2.494726
7.510000 3.546382
7.520000 2.214899
7.530000 1.298320
7.540000 3.898807
7.550000 2.902426
7.560000 0.641737
7.570000 2.076996
7.580000 1.914316
7.590000 0.124766
7.600000 1.633497
7.610000 2.098497
7.620000 0.830784
7.630000 0.796500
7.640000 1.757898
7.650000 1.552065
7.660000 0.953668
7.670000 0.556861
7.680000 0.696811
7.690000 0.893833
7.700000 0.571730
7.710000 0.234363
7.720000 0.480918
7.730000 0.629295
7.740000 0.826673
7.750000 1.256071
7.760000 1.642502
7.770000 2.099907
7.780000 2.430781
7.790000 2.322813
7.800000 1.778196
7.810000 1.276532
7.820000 1.229011
7.830000 1.579217
7.840000 2.086974
7.850000 2.644913
7.860000 3.196801
7.870000 3.588004
7.880000 3.861013
7.890000 3.960282
7.900000 3.928478
7.910000 3.903620
7.920000 3.887210
7.930000 3.536763
7.940000 2.822688
7.950000 1.944938
7.960000 1.600991
7.970000 2.318727
7.980000 2.019567
7.990000 1.576772
8.000000 1.447119
8.010000 1.845205
8.020000 2.992894
8.030000 3.760459
8.040000 3.689082
8.050000 2.741482
8.060000 1.499247
8.070000 1.106179
8.080000 0.994240
8.090000 0.603613
8.100000 0.372060
8.110000 1.350626
8.120000 0.904228
8.130000 1.427093
8.140000 1.113795
8.150000 1.013006
8.160000 0.412380
8.170000 0.433947
8.180000 0.869677
8.190000 1.108951
8.200000 1.248146
8.210000 1.230551
8.220000 1.525104
8.230000 1.738547
8.240000 1.237495
8.250000 0.641794
8.260000 2.282413
8.270000 3.374110
8.280000 3.369913
8.290000 3.020637
8.300000 2.037503
8.310000 1.722913
8.320000 3.913023
8.330000 1.779353
8.340000 0.779186
8.350000 0.624215
8.360000 1.466094
8.370000 1.734096
8.380000 1.088635
8.390000 0.345216
8.400000 1.494018
8.410000 2.617267
8.420000 2.024594
8.430000 1.298323
8.440000 0.919130
8.450000 0.829121
8.460000 0.551794
8.470000 0.453236
8.480000 0.596360
8.490000 0.637965
8.500000 0.540228
8.510000 0.522713
8.520000 0.592114
8.530000 0.911831
8.540000 1.411807
8.550000 1.422095
8.560000 1.087033
8.570000 0.835303
8.580000 0.907238
8.590000 1.063324
8.600000 1.246557
8.610000 1.408934
8.620000 1.537458
8.630000 1.675269
8.640000 1.923210
8.650000 2.136184
8.660000 2.189691
8.670000 2.110684
8.680000 1.993806
8.690000 1.935160
8.700000 2.020714
8.710000 2.249950
8.720000 2.512583
8.730000 2.719761
8.740000 2.844425
8.750000 2.883777
8.760000 3.094057
8.770000 3.740650
8.780000 4.584809
8.790000 5.441273
8.800000 6.196593
8.810000 6.634758
8.820000 6.511598
8.830000 5.883649
8.840000 5.079427
8.850000 4.070988
8.860000 3.046412
8.870000 2.162631
8.880000 1.254540
8.890000 2.522661
8.900000 4.096052
8.910000 4.150877
8.920000 3.422688
8.930000 2.721561
8.940000 1.807302
8.950000 1.140026
8.960000 1.401856
8.970000 1.992470
8.980000 2.339133
8.990000 2.832413
9.000000 3.257174
9.010000 3.167754
9.020000 2.874845
9.030000 2.783850
9.040000 2.302521
9.050000 1.579788
9.060000 0.770675
9.070000 0.242461
9.080000 0.812831
9.090000 0.679227
9.100000 0.736885
9.110000 0.816587
9.120000 0.318466
9.130000 1.294117
9.140000 1.834113
9.150000 1.459174
9.160000 2.566608
9.170000 1.389128
9.180000 0.981239
9.190000 0.279842
9.200000 0.692320
9.210000 0.606304
9.220000 0.842676
9.230000 0.492291
9.240000 0.494475
9.250000 1.490183
9.260000 2.125998
9.270000 2.132640
9.280000 1.541981
9.290000 0.597532
9.300000 0.632317
9.310000 1.354534
9.320000 1.944240
9.330000 2.311430
9.340000 2.582451
9.350000 2.884176
9.360000 2.755532
9.370000 2.039402
9.380000 1.552263
9.390000 1.364444
9.400000 1.291871
9.410000 1.191062
9.420000 1.354286
9.430000 1.667125
9.440000 1.967272
9.450000 2.054601
9.460000 1.845621
9.470000 1.350408
9.480000 0.821721
9.490000 1.025141
9.500000 1.652397
9.510000 2.040746
9.520000 2.048168
9.530000 2.138917
9.540000 2.540276
9.550000 3.345926
9.560000 3.933917
9.570000 3.911234
9.580000 3.382038
9.590000 2.416432
9.600000 1.065831
9.610000 0.747621
9.620000 1.735525
9.630000 2.558159
9.640000 2.895924
9.650000 1.738617
9.660000 1.154226
9.670000 0.828910
9.680000 2.219910
9.690000 2.588761
9.700000 2.287292
9.710000 1.564445
9.720000 0.990345
9.730000 1.100779
9.740000 1.062549
9.750000 1.103287
9.760000 0.905522
9.770000 0.802159
9.780000 0.684646
9.790000 1.223094
9.800000 1.754376
9.810000 2.337251
9.820000 3.246213
9.830000 2.684817
9.840000 1.598413
9.850000 3.714581
9.860000 3.310622
9.870000 0.488054
9.880000 1.751289
9.890000 1.525856
9.900000 0.414819
9.910000 2.098539
9.920000 1.270494
9.930000 0.144187
9.940000 1.294420
9.950000 2.153876
9.960000 1.486562
9.970000 0.784777
9.980000 0.279434
9.990000 0.115578
10.000000 0.105820
10.010000 0.329667
10.020000 0.366461
10.030000 0.511045
10.040000 0.413393
10.050000 0.535000
10.060000 0.886657
10.070000 1.169051
10.080000 1.688769
10.090000 2.085917
10.100000 2.193258
10.110000 1.927126
10.120000 1.619751
10.130000 1.487883
10.140000 1.710567
10.150000 2.179875
10.160000 2.712272
10.170000 3.084992
10.180000 3.255525
10.190000 3.344924
10.200000 3.376021
10.210000 3.341977
10.220000 3.231622
10.230000 3.074491
10.240000 2.903055
10.250000 2.725232
10.260000 2.540204
10.270000 2.350885
10.280000 2.147058
10.290000 1.866076
10.300000 1.410077
10.310000 0.884870
10.320000 1.185929
10.330000 2.502527
10.340000 3.364492
10.350000 2.499726
10.360000 1.541129
10.370000 1.186224
10.380000 0.975860
10.390000 0.720477
10.400000 1.007540
10.410000 1.677945
10.420000 2.313574
10.430000 2.438277
10.440000 2.120696
10.450000 2.066091
10.460000 1.985980
10.470000 1.441227
10.480000 1.333097
10.490000 2.123038
10.500000 1.355922
10.510000 1.404699
10.520000 1.401554
10.530000 0.730576
10.540000 0.942999
10.550000 1.775311
10.560000 1.718231
10.570000 1.464824
10.580000 1.015524
10.590000 0.920825
10.600000 0.498679
10.610000 0.360278
10.620000 0.557231
10.630000 0.740824
10.640000 0.683403
10.650000 0.238314
10.660000 0.580852
10.670000 1.540922
10.680000 2.863936
10.690000 3.044253
10.700000 0.365764
10.710000 3.749480
10.720000 2.664601
10.730000 2.553683
10.740000 0.467977
10.750000 0.443542
10.760000 1.558393
10.770000 1.300304
10.780000 2.048896
10.790000 0.922983
10.800000 0.977987
10.810000 2.066305
10.820000 1.690646
10.830000 1.197889
10.840000 1.013432
10.850000 0.721528
10.860000 0.699764
10.870000 0.708297
10.880000 1.137997
10.890000 1.517849
10.900000 1.538777
10.910000 1.909223
10.920000 2.133509
10.930000 2.310980
10.940000 2.595321
10.950000 2.816107
10.960000 2.493780
10.970000 2.253918
10.980000 2.166738
10.990000 2.188671
11.000000 2.351886
11.010000 2.368424
11.020000 2.564328
11.030000 3.232090
11.040000 4.065647
11.050000 4.544931
11.060000 4.317233
11.070000 3.992390
11.080000 3.843717
11.090000 3.914291
11.100000 4.188476
11.110000 4.700583
11.120000 5.376361
11.130000 5.852977
11.140000 6.350142
11.150000 6.835489
11.160000 5.359084
11.170000 4.366422
11.180000 4.451301
11.190000 5.429574
11.200000 6.889775
11.210000 7.342454
11.220000 7.168179
11.230000 7.258560
11.240000 6.457432
11.250000 4.986804
11.260000 3.414518
11.270000 2.055765
11.280000 1.374782
11.290000 1.414877
11.300000 1.429700
11.310000 1.202217
11.320000 1.118396
11.330000 1.756090
11.340000 2.136033
11.350000 2.223553
11.360000 1.668562
11.370000 0.766163
11.380000 0.960810
11.390000 1.017877
11.400000 1.347224
11.410000 1.434524
11.420000 2.613994
11.430000 2.990071
11.440000 1.106553
11.450000 1.313575
11.460000 1.148420
11.470000 0.899608
11.480000 0.534920
11.490000 0.738653
11.500000 0.978246
11.510000 0.761238
11.520000 0.342100
11.530000 0.723566
11.540000 1.138056
11.550000 1.211617
11.560000 1.149687
11.570000 1.171843
11.580000 1.108076
11.590000 1.003626
11.600000 0.846184
11.610000 0.692259
11.620000 0.377678
11.630000 0.269920
11.640000 0.371475
11.650000 0.597832
11.660000 0.892867
11.670000 0.851708
11.680000 0.407371
11.690000 0.359652
11.700000 0.683716
11.710000 1.035751
11.720000 1.491058
11.730000 1.544047
11.740000 1.590920
11.750000 1.662008
11.760000 1.657017
11.770000 1.607197
11.780000 1.909654
11.790000 2.492446
11.800000 3.111520
11.810000 3.780705
11.820000 4.454229
11.830000 4.934470
11.840000 4.932731
11.850000 4.380533
11.860000 3.849767
11.870000 3.757078
11.880000 3.644821
11.890000 3.727834
11.900000 2.173500
11.910000 0.942739
11.920000 1.567079
11.930000 3.794802
11.940000 4.349147
11.950000 4.097336
11.960000 4.119911
11.970000 3.889927
11.980000 3.212180
11.990000 1.769778
12.000000 0.272709
12.010000 1.105181
12.020000 1.807840
12.030000 2.078001
12.040000 1.921723
12.050000 1.423051
12.060000 1.319652
12.070000 1.234462
12.080000 1.379390
12.090000 2.011920
12.100000 2.183642
12.110000 2.507736
12.120000 2.409373
12.130000 1.798088
12.140000 1.526815
12.150000 1.857039
12.160000 1.959142
12.170000 3.109006
12.180000 3.346946
12.190000 1.381478
12.200000 0.239125
12.210000 0.475105
12.220000 1.172180
12.230000 0.648850
12.240000 0.978321
12.250000 0.612375
12.260000 0.222134
12.270000 1.101721
12.280000 1.652485
12.290000 2.400450
12.300000 2.418969
12.310000 1.904474
12.320000 0.964231
12.330000 0.530819
12.340000 1.241619
12.350000 1.974788
12.360000 2.601268
12.370000 2.964699
12.380000 2.907846
12.390000 2.377387
12.400000 1.484816
12.410000 0.610968
12.420000 0.550062
12.430000 1.137030
12.440000 1.619814
12.450000 1.685635
12.460000 1.504181
12.470000 1.239218
12.480000 1.066283
12.490000 1.106233
12.500000 1.301770
12.510000 1.554078
12.520000 1.804642
12.530000 2.053208
12.540000 2.322903
12.550000 2.608492
12.560000 2.889716
12.570000 3.152483
12.580000 3.392408
12.590000 3.611476
12.600000 3.815943
12.610000 4.014513
12.620000 4.217151
12.630000 4.433396
12.640000 4.670141
12.650000 4.928150
12.660000 5.198490
12.670000 5.459304
12.680000 5.675452
12.690000 5.802784
12.700000 5.800910
12.710000 5.655761
12.720000 5.415482
12.730000 5.229548
12.740000 5.190908
12.750000 4.842133
12.760000 3.797965
12.770000 2.686785
12.780000 2.080106
12.790000 2.064938
12.800000 2.473045
12.810000 2.996726
12.820000 3.483886
12.830000 4.030605
12.840000 4.854949
12.850000 5.839035
12.860000 6.545274
12.870000 6.530380
12.880000 6.150889
12.890000 6.458358
12.900000 7.402861
12.910000 7.451987
12.920000 7.602600
12.930000 6.504689
12.940000 4.773400
12.950000 2.674085
12.960000 0.760037
12.970000 1.502307
12.980000 2.899456
12.990000 3.571710
13.000000 3.774688
13.010000 4.706267
13.020000 5.397211
13.030000 5.608711
13.040000 5.376792
13.050000 4.613198
13.060000 3.529157
13.070000 2.314672
13.080000 1.250557
13.090000 0.690668
13.100000 1.242662
13.110000 2.342866
13.120000 2.370593
13.130000 1.105061
13.140000 3.229007
13.150000 5.619766
13.160000 6.304479
13.170000 3.153618
13.180000 2.231200
13.190000 1.839923
13.200000 1.405312
13.210000 1.122128
13.220000 1.392643
13.230000 1.468677
13.240000 1.746001
13.250000 2.943121
13.260000 3.441746
13.270000 3.060426
13.280000 2.348578
13.290000 1.657782
13.300000 0.891586
13.310000 1.082798
13.320000 2.010504
13.330000 2.266992
13.340000 2.915351
13.350000 3.737849
13.360000 4.393675
13.370000 5.223932
13.380000 5.582907
13.390000 5.874912
13.400000 6.421533
13.410000 7.051472
13.420000 8.033900
13.430000 9.365294
13.440000 10.744053
13.450000 11.600915
13.460000 11.874783
13.470000 11.982191
13.480000 11.977380
13.490000 12.205057
13.500000 12.736590
13.510000 13.458562
13.520000 13.904593
13.530000 13.964369
13.540000 13.977260
13.550000 12.809687
13.560000 11.173391
13.570000 10.663890
13.580000 10.754038
13.590000 11.402472
13.600000 12.261003
13.610000 12.120966
13.620000 11.417210
13.630000 10.063030
13.640000 8.060804
13.650000 6.123128
13.660000 4.696206
13.670000 3.676709
13.680000 2.811467
13.690000 2.211828
13.700000 1.992487
13.710000 2.156770
13.720000 2.329392
13.730000 2.289946
13.740000 2.530618
13.750000 2.998728
13.760000 3.060254
13.770000 2.239764
13.780000 1.194605
13.790000 2.050178
13.800000 3.568796
13.810000 2.992465
13.820000 0.854403
13.830000 0.810502
13.840000 1.484998
13.850000 1.128894
13.860000 1.470108
13.870000 1.407372
13.880000 1.297481
13.890000 1.321581
13.900000 0.770998
13.910000 0.158258
13.920000 0.644341
13.930000 1.093238
13.940000 1.491184
13.950000 1.713385
13.960000 1.717532
13.970000 1.635631
13.980000 1.608650
13.990000 1.620355
14.000000 1.705936
14.010000 1.793507
14.020000 2.019377
14.030000 2.406584
14.040000 2.525348
14.050000 2.626030
14.060000 2.631714
14.070000 2.592488
14.080000 2.527130
14.090000 2.865537
14.100000 3.493592
14.110000 4.010417
14.120000 4.184349
14.130000 3.746876
14.140000 3.140286
14.150000 2.202821
14.160000 1.097986
14.170000 2.930901
14.180000 4.883719
14.190000 6.415780
14.200000 8.475805
14.210000 8.055825
14.220000 6.059773
14.230000 4.424277
14.240000 3.953967
14.250000 4.764573
14.260000 5.715523
14.270000 5.820104
14.280000 5.571748
14.290000 4.539874
14.300000 3.321208
14.310000 2.335036
14.320000 1.812544
14.330000 1.671417
14.340000 1.446120
14.350000 1.036160
14.360000 0.587946
14.370000 0.473583
14.380000 0.889845
14.390000 1.325804
14.400000 1.355020
14.410000 1.146146
14.420000 1.178464
14.430000 1.161512
14.440000 0.543278
14.450000 1.280965
14.460000 3.152423
14.470000 3.442656
14.480000 1.387816
14.490000 1.112740
14.500000 1.380857
14.510000 1.110216
14.520000 1.181462
14.530000 0.845085
14.540000 0.881189
14.550000 1.031979
14.560000 0.360116
14.570000 0.642698
14.580000 1.223887
14.590000 1.631760
14.600000 1.884285
14.610000 1.863066
14.620000 1.768263
14.630000 1.715367
14.640000 1.555715
14.650000 1.281359
14.660000 1.162992
14.670000 1.280265
14.680000 1.532313
14.690000 1.913196
14.700000 2.197024
14.710000 2.237968
14.720000 2.266465
14.730000 2.170687
14.740000 1.796207
14.750000 1.685769
14.760000 2.526268
14.770000 3.651626
14.780000 4.009737
14.790000 3.749989
14.800000 3.320939
14.810000 2.908193
14.820000 2.245022
14.830000 0.848296
14.840000 1.538548
14.850000 3.741410
14.860000 5.093647
14.870000 7.034034
14.880000 7.122902
14.890000 5.040533
14.900000 3.604861
14.910000 3.400469
14.920000 4.398794
14.930000 5.334930
14.940000 5.686746
14.950000 5.224928
14.960000 4.645208
14.970000 3.676011
14.980000 2.240717
14.990000 0.866962
15.000000 0.498847
15.010000 1.025196
15.020000 1.424891
15.030000 1.414158
15.040000 1.251341
15.050000 1.530059
15.060000 1.679437
15.070000 1.544021
15.080000 1.070199
15.090000 0.428591
15.100000 0.774066
15.110000 0.676316
15.120000 0.716416
15.130000 1.648318
15.140000 3.358080
15.150000 2.517341
15.160000 1.142304
15.170000 1.677249
15.180000 1.391753
15.190000 1.285094
15.200000 0.873615
15.210000 0.779010
15.220000 0.676693
15.230000 0.609354
15.240000 0.887073
15.250000 1.213176
15.260000 1.427784
15.270000 1.580599
15.280000 1.402500
15.290000 1.207852
15.300000 1.121507
15.310000 0.929366
15.320000 0.626536
15.330000 0.536693
15.340000 0.546436
15.350000 0.411132
15.360000 0.546319
15.370000 1.042815
15.380000 1.454427
15.390000 1.423286
15.400000 1.248911
15.410000 0.950241
15.420000 0.746726
15.430000 1.301727
15.440000 2.027681
15.450000 2.629848
15.460000 3.158473
15.470000 3.338506
15.480000 3.230383
15.490000 2.977975
15.500000 2.842490
15.510000 2.627832
15.520000 2.003616
15.530000 1.491747
15.540000 2.570516
15.550000 3.444422
15.560000 4.868073
15.570000 5.693444
15.580000 3.879525
15.590000 2.677500
15.600000 2.651662
15.610000 3.711829
15.620000 4.994170
15.630000 5.205590
15.640000 5.245996
15.650000 5.115229
15.660000 4.138765
15.670000 2.781629
15.680000 1.540217
15.690000 1.039599
15.700000 1.344586
15.710000 1.520154
15.720000 1.401331
15.730000 1.335019
15.740000 1.776588
15.750000 2.274581
15.760000 2.538404
15.770000 2.208294
15.780000 1.297662
15.790000 0.683928
15.800000 1.076948
15.810000 1.157067
15.820000 1.448549
15.830000 1.952908
15.840000 3.465515
15.850000 1.929238
15.860000 1.586008
15.870000 0.997611
15.880000 1.194094
15.890000 0.701963
15.900000 0.631763
15.910000 0.853758
15.920000 0.886215
15.930000 0.609256
15.940000 0.485533
15.950000 1.024885
15.960000 1.266252
15.970000 1.159733
15.980000 1.035539
15.990000 1.016184
16.000000 0.952731
16.010000 0.889086
16.020000 0.873845
16.030000 0.721113
16.040000 0.430796
16.050000 0.299921
16.060000 0.323163
16.070000 0.626891
16.080000 0.863055
16.090000 0.556217
16.100000 0.234817
16.110000 0.514536
16.120000 0.891254
16.130000 1.399763
16.140000 1.637392
16.150000 1.739644
16.160000 1.861803
16.170000 1.917873
16.180000 1.917840
16.190000 2.179913
16.200000 2.646950
16.210000 3.159637
16.220000 3.747292
16.230000 4.345374
16.240000 4.710379
16.250000 4.552251
16.260000 3.927161
16.270000 3.584483
16.280000 3.626063
16.290000 3.632745
16.300000 3.743265
16.310000 2.049425
16.320000 1.066733
16.330000 1.914651
16.340000 3.923362
16.350000 4.424472
16.360000 4.258511
16.370000 4.360254
16.380000 4.162513
16.390000 3.277473
16.400000 1.852573
16.410000 0.439843
16.420000 0.999657
16.430000 1.831640
16.440000 2.128485
16.450000 1.887630
16.460000 1.418340
16.470000 1.173245
16.480000 1.209386
16.490000 1.686602
16.500000 2.311431
16.510000 2.513172
16.520000 2.629897
16.530000 2.171882
16.540000 1.619141
16.550000 1.701396
16.560000 1.862488
16.570000 2.199471
16.580000 3.567278
16.590000 2.679886
16.600000 1.149697
16.610000 0.454404
16.620000 0.571792
16.630000 1.029755
16.640000 0.662037
16.650000 0.928076
16.660000 0.471161
16.670000 0.447040
16.680000 1.039715
16.690000 1.598761
16.700000 2.322447
16.710000 2.453099
16.720000 1.892974
16.730000 0.970279
16.740000 0.507459
16.750000 1.102952
16.760000 1.815425
16.770000 2.403882
16.780000 2.713838
16.790000 2.605363
16.800000 2.133893
16.810000 1.422580
16.820000 0.771629
16.830000 0.576841
16.840000 1.007067
16.850000 1.277806
16.860000 1.293250
16.870000 1.150456
16.880000 0.976176
16.890000 0.953214
16.900000 1.111722
16.910000 1.298672
16.920000 1.408287
16.930000 1.564210
16.940000 1.812553
16.950000 2.116214
16.960000 2.450520
16.970000 2.801140
16.980000 3.157506
16.990000 3.511780
17.000000 3.858925
17.010000 4.197052
17.020000 4.527494
17.030000 4.854247
17.040000 5.183091
17.050000 5.519487
17.060000 5.866867
17.070000 6.224945
17.080000 6.591385
17.090000 6.966184
17.100000 7.359069
17.110000 7.793462
17.120000 8.303671
17.130000 8.920973
17.140000 9.652424
17.150000 10.461188
17.160000 11.257205
17.170000 11.903679
17.180000 12.247275
17.190000 12.173134
17.200000 11.663075
17.210000 10.803021
17.220000 9.721383
17.230000 8.537755
17.240000 7.274906
17.250000 5.653415
17.260000 4.361085
17.270000 5.054250
17.280000 6.282176
17.290000 6.266794
17.300000 5.446261
17.310000 4.545571
17.320000 3.147503
17.330000 1.788977
17.340000 2.968241
17.350000 4.790020
17.360000 5.731456
17.370000 6.822119
17.380000 8.751761
17.390000 9.954741
17.400000 9.971966
17.410000 9.634935
17.420000 8.646694
17.430000 7.007079
17.440000 4.776366
17.450000 2.553430
17.460000 1.544908
17.470000 2.587472
17.480000 4.013507
17.490000 5.475673
17.500000 6.884555
17.510000 7.505993
17.520000 7.239079
17.530000 7.342210
17.540000 6.070150
17.550000 6.351853
17.560000 5.794984
17.570000 3.694473
17.580000 3.146634
17.590000 4.831258
17.600000 4.391026
17.610000 4.190956
17.620000 4.400462
17.630000 3.843046
17.640000 3.539259
17.650000 2.598568
17.660000 1.866723
17.670000 1.624650
17.680000 1.611836
17.690000 2.719195
17.700000 2.690768
17.710000 1.868210
17.720000 0.866825
17.730000 0.549780
17.740000 0.905041
17.750000 2.060323
17.760000 3.134346
17.770000 3.200791
17.780000 2.447156
17.790000 2.180159
17.800000 1.980332
17.810000 1.713476
17.820000 1.709759
17.830000 1.481485
17.840000 1.582057
17.850000 1.708957
17.860000 1.271882
17.870000 0.865445
17.880000 0.901567
17.890000 1.051359
17.900000 1.587404
17.910000 2.279467
17.920000 2.758823
17.930000 3.284711
17.940000 3.762695
17.950000 4.019863
17.960000 4.949124
17.970000 6.409146
17.980000 7.203276
17.990000 7.163807
18.000000 6.813560
18.010000 6.279974
18.020000 5.767428
18.030000 5.386667
18.040000 4.884050
18.050000 4.542934
18.060000 3.511610
18.070000 2.279553
18.080000 1.486131
18.090000 1.060703
18.100000 0.830486
18.110000 1.060440
18.120000 1.705837
18.130000 2.069601
18.140000 2.533130
18.150000 3.137506
18.160000 3.210470
18.170000 2.756870
18.180000 2.521818
18.190000 4.289847
18.200000 5.186416
18.210000 4.580273
18.220000 3.767670
18.230000 2.283282
18.240000 1.103888
18.250000 0.549947
18.260000 1.022205
18.270000 1.880299
18.280000 2.487513
18.290000 2.847375
18.300000 2.858001
18.310000 2.995916
18.320000 2.980400
18.330000 2.908803
18.340000 2.769122
18.350000 2.742377
18.360000 3.009181
18.370000 3.375388
18.380000 3.685798
18.390000 3.864393
18.400000 4.004627
18.410000 4.069345
18.420000 4.021880
18.430000 3.851629
18.440000 3.671519
18.450000 3.750242
18.460000 4.015653
18.470000 4.369102
18.480000 4.803655
18.490000 5.274068
18.500000 5.639343
18.510000 5.692873
18.520000 4.850075
18.530000 3.721131
18.540000 2.475826
18.550000 1.931806
18.560000 4.196777
18.570000 5.245639
18.580000 5.217046
18.590000 4.881473
18.600000 4.282208
18.610000 3.751328
18.620000 2.789450
18.630000 2.074115
18.640000 2.577956
18.650000 2.930503
18.660000 3.132852
18.670000 3.319859
18.680000 3.340970
18.690000 3.297983
18.700000 2.801845
18.710000 0.922139
18.720000 0.920252
18.730000 1.203771
18.740000 1.197536
18.750000 0.984002
18.760000 0.827596
18.770000 0.973725
18.780000 1.368123
18.790000 2.023801
18.800000 2.808418
18.810000 2.142154
18.820000 3.924232
18.830000 4.161272
18.840000 3.500609
18.850000 2.096303
18.860000 3.127326
18.870000 3.489210
18.880000 2.835624
18.890000 1.691414
18.900000 0.638980
18.910000 1.135563
18.920000 1.638978
18.930000 1.993175
18.940000 1.834371
18.950000 2.041943
18.960000 2.094773
18.970000 2.174100
18.980000 1.900070
18.990000 1.794315
19.000000 1.751600
19.010000 1.804761
19.020000 2.019455
19.030000 2.377305
19.040000 2.806431
19.050000 3.215671
19.060000 3.501378
19.070000 3.608943
19.080000 3.554582
19.090000 3.300578
19.100000 2.782950
19.110000 2.426998
19.120000 2.385756
19.130000 2.657730
19.140000 3.158268
19.150000 3.714400
19.160000 4.298038
19.170000 4.899468
19.180000 5.262256
19.190000 4.657086
19.200000 3.656292
19.210000 2.656274
19.220000 1.489326
19.230000 3.047263
19.240000 3.976164
19.250000 4.308072
19.260000 4.753604
19.270000 4.089588
19.280000 3.450186
19.290000 3.208895
19.300000 2.410426
19.310000 2.515455
19.320000 3.152074
19.330000 3.269752
19.340000 3.231821
19.350000 2.974302
19.360000 2.588762
19.370000 0.797822
19.380000 1.860775
19.390000 2.381884
19.400000 2.404269
19.410000 1.812007
19.420000 1.276917
19.430000 0.953532
19.440000 0.776203
19.450000 0.639890
19.460000 0.848581
19.470000 1.459965
19.480000 2.348911
19.490000 2.593698
19.500000 1.002141
19.510000 3.946669
19.520000 4.061809
19.530000 2.332577
19.540000 1.577315
19.550000 2.599764
19.560000 2.304446
19.570000 1.174037
19.580000 0.812577
19.590000 1.806052
19.600000 2.363181
19.610000 1.189474
19.620000 1.184967
19.630000 1.693389
19.640000 1.739388
19.650000 1.335819
19.660000 1.058696
19.670000 1.039381
19.680000 1.125768
19.690000 1.195134
19.700000 1.262258
19.710000 1.387101
19.720000 1.557510
19.730000 1.886218
19.740000 2.187102
19.750000 2.479752
19.760000 2.674484
19.770000 2.393136
19.780000 1.825996
19.790000 1.202005
19.800000 0.595600
19.810000 0.886177
19.820000 1.597940
19.830000 2.407906
19.840000 3.259519
19.850000 4.104254
19.860000 4.665252
19.870000 4.745962
19.880000 4.277265
19.890000 3.483588
19.900000 2.453345
19.910000 1.604983
19.920000 2.567189
19.930000 2.938304
19.940000 2.954956
19.950000 3.876088
19.960000 4.505245
19.970000 3.790223
19.980000 2.645561
19.990000 1.885065
