0.000000 0.072081
0.010000 0.075527
0.020000 0.078760
0.030000 0.081759
0.040000 0.084495
0.050000 0.086970
0.060000 0.089198
0.070000 0.091146
0.080000 0.092826
0.090000 0.094248
0.100000 0.095384
0.110000 0.096289
0.120000 0.096948
0.130000 0.097362
0.140000 0.097578
0.150000 0.097569
0.160000 0.097378
0.170000 0.096964
0.180000 0.096397
0.190000 0.095634
0.200000 0.094709
0.210000 0.093628
0.220000 0.092363
0.230000 0.090969
0.240000 0.089390
0.250000 0.087646
0.260000 0.085754
0.270000 0.083706
0.280000 0.081528
0.290000 0.079191
0.300000 0.076732
0.310000 0.074189
0.320000 0.071554
0.330000 0.068832
0.340000 0.066143
0.350000 0.063447
0.360000 0.060841
0.370000 0.058327
0.380000 0.056017
0.390000 0.053942
0.400000 0.052167
0.410000 0.050706
0.420000 0.049629
0.430000 0.048934
0.440000 0.048639
0.450000 0.048708
0.460000 0.049078
0.470000 0.049715
0.480000 0.050529
0.490000 0.051464
0.500000 0.052467
0.510000 0.053436
0.520000 0.054370
0.530000 0.055189
0.540000 0.055880
0.550000 0.056415
0.560000 0.056795
0.570000 0.056978
0.580000 0.057039
0.590000 0.056955
0.600000 0.056764
0.610000 0.056515
0.620000 0.056280
0.630000 0.056072
0.640000 0.055992
0.650000 0.056092
0.660000 0.056420
0.670000 0.057064
0.680000 0.058007
0.690000 0.059336
0.700000 0.061050
0.710000 0.063101
0.720000 0.065447
0.730000 0.068073
0.740000 0.070915
0.750000 0.073914
0.760000 0.076979
0.770000 0.080050
0.780000 0.083039
0.790000 0.085874
0.800000 0.088506
0.810000 0.090822
0.820000 0.092804
0.830000 0.094332
0.840000 0.095400
0.850000 0.095904
0.860000 0.095815
0.870000 0.095077
0.880000 0.093641
0.890000 0.091516
0.900000 0.088614
0.910000 0.084951
0.920000 0.080515
0.930000 0.075327
0.940000 0.069433
0.950000 0.062843
0.960000 0.055689
0.970000 0.048094
0.980000 0.040349
0.990000 0.032928
1.000000 0.026841
1.010000 0.023884
1.020000 0.025674
1.030000 0.031667
1.040000 0.040105
1.050000 0.049717
1.060000 0.059759
1.070000 0.069829
1.080000 0.079635
1.090000 0.088932
1.100000 0.097510
1.110000 0.105279
1.120000 0.112029
1.130000 0.117593
1.140000 0.121900
1.150000 0.124837
1.160000 0.126322
1.170000 0.126283
1.180000 0.124703
1.190000 0.121587
1.200000 0.116916
1.210000 0.110802
1.220000 0.103297
1.230000 0.094524
1.240000 0.084646
1.250000 0.073880
1.260000 0.062571
1.270000 0.051172
1.280000 0.040546
1.290000 0.032401
1.300000 0.029455
1.310000 0.033353
1.320000 0.042085
1.330000 0.052971
1.340000 0.064488
1.350000 0.075887
1.360000 0.086661
1.370000 0.096605
1.380000 0.105439
1.390000 0.113033
1.400000 0.119248
1.410000 0.124038
1.420000 0.127349
1.430000 0.129149
1.440000 0.129490
1.450000 0.128376
1.460000 0.125957
1.470000 0.122262
1.480000 0.117466
1.490000 0.111729
1.500000 0.105257
1.510000 0.098280
1.520000 0.091041
1.530000 0.083859
1.540000 0.077038
1.550000 0.070941
1.560000 0.065915
1.570000 0.062244
1.580000 0.060058
1.590000 0.059348
1.600000 0.059885
1.610000 0.061224
1.620000 0.062999
1.630000 0.064842
1.640000 0.066379
1.650000 0.067410
1.660000 0.067723
1.670000 0.067221
1.680000 0.065885
1.690000 0.063664
1.700000 0.060621
1.710000 0.056827
1.720000 0.052528
1.730000 0.047884
1.740000 0.043295
1.750000 0.039293
1.760000 0.036556
1.770000 0.035880
1.780000 0.037689
1.790000 0.041924
1.800000 0.048009
1.810000 0.055429
1.820000 0.063657
1.830000 0.072357
1.840000 0.081251
1.850000 0.090211
1.860000 0.099056
1.870000 0.107697
1.880000 0.116031
1.890000 0.124056
1.900000 0.131637
1.910000 0.138786
1.920000 0.145449
1.930000 0.151579
1.940000 0.157158
1.950000 0.162164
1.960000 0.166582
1.970000 0.170377
1.980000 0.173526
1.990000 0.176022
2.000000 0.177828
2.010000 0.178956
2.020000 0.179378
2.030000 0.179084
2.040000 0.178077
2.050000 0.176366
2.060000 0.173958
2.070000 0.170882
2.080000 0.167118
2.090000 0.162756
2.100000 0.157775
2.110000 0.152284
2.120000 0.146294
2.130000 0.139905
2.140000 0.133159
2.150000 0.126184
2.160000 0.119027
2.170000 0.111820
2.180000 0.104659
2.190000 0.097673
2.200000 0.090989
2.210000 0.084743
2.220000 0.079047
2.230000 0.074040
2.240000 0.069817
2.250000 0.066455
2.260000 0.064006
2.270000 0.062408
2.280000 0.061589
2.290000 0.061410
2.300000 0.061710
2.310000 0.062330
2.320000 0.063135
2.330000 0.063932
2.340000 0.064657
2.350000 0.065201
2.360000 0.065489
2.370000 0.065476
2.380000 0.065119
2.390000 0.064419
2.400000 0.063303
2.410000 0.061842
2.420000 0.060018
2.430000 0.057825
2.440000 0.055291
2.450000 0.052442
2.460000 0.049320
2.470000 0.045965
2.480000 0.042391
2.490000 0.038735
2.500000 0.035003
2.510000 0.031376
2.520000 0.027972
2.530000 0.025059
2.540000 0.022853
2.550000 0.021753
2.560000 0.021876
2.570000 0.023233
2.580000 0.025591
2.590000 0.028612
2.600000 0.032040
2.610000 0.035696
2.620000 0.039377
2.630000 0.042996
2.640000 0.046488
2.650000 0.049775
2.660000 0.052791
2.670000 0.055558
2.680000 0.058027
2.690000 0.060185
2.700000 0.062019
2.710000 0.063556
2.720000 0.064786
2.730000 0.065731
2.740000 0.066389
2.750000 0.066772
2.760000 0.066909
2.770000 0.066817
2.780000 0.066490
2.790000 0.065917
2.800000 0.065149
2.810000 0.064152
2.820000 0.062963
2.830000 0.061550
2.840000 0.059935
2.850000 0.058129
2.860000 0.056125
2.870000 0.053956
2.880000 0.051630
2.890000 0.049188
2.900000 0.046683
2.910000 0.044147
2.920000 0.041617
2.930000 0.039183
2.940000 0.036899
2.950000 0.034822
2.960000 0.033064
2.970000 0.031675
2.980000 0.030725
2.990000 0.030219
3.000000 0.030239
3.010000 0.030666
3.020000 0.031489
3.030000 0.032646
3.040000 0.034025
3.050000 0.035563
3.060000 0.037169
3.070000 0.038816
3.080000 0.040426
3.090000 0.041965
3.100000 0.043418
3.110000 0.044724
3.120000 0.045912
3.130000 0.046956
3.140000 0.047914
3.150000 0.048777
3.160000 0.049558
3.170000 0.050350
3.180000 0.051153
3.190000 0.052006
3.200000 0.052906
3.210000 0.053871
3.220000 0.054879
3.230000 0.055901
3.240000 0.056860
3.250000 0.057723
3.260000 0.058437
3.270000 0.058912
3.280000 0.059122
3.290000 0.059066
3.300000 0.058670
3.310000 0.057925
3.320000 0.056826
3.330000 0.055446
3.340000 0.053774
3.350000 0.051840
3.360000 0.049718
3.370000 0.047417
3.380000 0.044972
3.390000 0.042479
3.400000 0.039988
3.410000 0.037635
3.420000 0.035572
3.430000 0.034034
3.440000 0.033349
3.450000 0.033884
3.460000 0.035882
3.470000 0.039463
3.480000 0.044595
3.490000 0.051140
3.500000 0.058877
3.510000 0.067647
3.520000 0.077280
3.530000 0.087647
3.540000 0.098603
3.550000 0.110079
3.560000 0.121817
3.570000 0.133871
3.580000 0.146033
3.590000 0.158191
3.600000 0.170248
3.610000 0.182074
3.620000 0.193553
3.630000 0.204576
3.640000 0.214989
3.650000 0.224709
3.660000 0.233650
3.670000 0.241633
3.680000 0.248655
3.690000 0.254568
3.700000 0.259301
3.710000 0.262808
3.720000 0.265048
3.730000 0.265961
3.740000 0.265602
3.750000 0.263898
3.760000 0.260901
3.770000 0.256678
3.780000 0.251251
3.790000 0.244741
3.800000 0.237187
3.810000 0.228752
3.820000 0.219511
3.830000 0.209610
3.840000 0.199170
3.850000 0.188333
3.860000 0.177258
3.870000 0.166001
3.880000 0.154784
3.890000 0.143644
3.900000 0.132745
3.910000 0.122123
3.920000 0.111940
3.930000 0.102143
3.940000 0.092838
3.950000 0.084058
3.960000 0.075828
3.970000 0.068115
3.980000 0.060935
3.990000 0.054268
4.000000 0.048096
4.010000 0.042430
4.020000 0.037219
4.030000 0.032485
4.040000 0.028231
4.050000 0.024510
4.060000 0.021376
4.070000 0.018932
4.080000 0.017284
4.090000 0.016457
4.100000 0.016489
4.110000 0.017102
4.120000 0.018164
4.130000 0.019439
4.140000 0.020768
4.150000 0.022036
4.160000 0.023117
4.170000 0.024017
4.180000 0.024591
4.190000 0.024910
4.200000 0.024922
4.210000 0.024634
4.220000 0.024062
4.230000 0.023237
4.240000 0.022209
4.250000 0.021005
4.260000 0.019762
4.270000 0.018564
4.280000 0.017558
4.290000 0.016881
4.300000 0.016684
4.310000 0.016997
4.320000 0.017876
4.330000 0.019215
4.340000 0.020893
4.350000 0.022789
4.360000 0.024816
4.370000 0.026828
4.380000 0.028805
4.390000 0.030645
4.400000 0.032341
4.410000 0.033841
4.420000 0.035133
4.430000 0.036163
4.440000 0.036942
4.450000 0.037500
4.460000 0.037797
4.470000 0.037838
4.480000 0.037647
4.490000 0.037210
4.500000 0.036586
4.510000 0.035722
4.520000 0.034661
4.530000 0.033446
4.540000 0.032068
4.550000 0.030545
4.560000 0.028931
4.570000 0.027199
4.580000 0.025447
4.590000 0.023645
4.600000 0.021861
4.610000 0.020118
4.620000 0.018471
4.630000 0.016985
4.640000 0.015685
4.650000 0.014641
4.660000 0.013894
4.670000 0.013468
4.680000 0.013323
4.690000 0.013460
4.700000 0.013797
4.710000 0.014298
4.720000 0.014899
4.730000 0.015568
4.740000 0.016283
4.750000 0.017048
4.760000 0.017866
4.770000 0.018728
4.780000 0.019691
4.790000 0.020713
4.800000 0.021849
4.810000 0.023082
4.820000 0.024396
4.830000 0.025768
4.840000 0.027186
4.850000 0.028612
4.860000 0.029986
4.870000 0.031301
4.880000 0.032475
4.890000 0.033526
4.900000 0.034331
4.910000 0.034919
4.920000 0.035247
4.930000 0.035307
4.940000 0.035027
4.950000 0.034474
4.960000 0.033625
4.970000 0.032445
4.980000 0.031042
4.990000 0.029338
5.000000 0.027432
5.010000 0.025313
5.020000 0.023110
5.030000 0.020814
5.040000 0.018597
5.050000 0.016534
5.060000 0.014900
5.070000 0.013906
5.080000 0.013756
5.090000 0.014522
5.100000 0.016012
5.110000 0.018004
5.120000 0.020255
5.130000 0.022593
5.140000 0.024840
5.150000 0.026882
5.160000 0.028659
5.170000 0.030054
5.180000 0.031070
5.190000 0.031619
5.200000 0.031707
5.210000 0.031308
5.220000 0.030457
5.230000 0.029215
5.240000 0.027612
5.250000 0.025743
5.260000 0.023785
5.270000 0.021859
5.280000 0.020221
5.290000 0.019109
5.300000 0.018747
5.310000 0.019244
5.320000 0.020486
5.330000 0.022242
5.340000 0.024288
5.350000 0.026433
5.360000 0.028456
5.370000 0.030283
5.380000 0.031769
5.390000 0.032946
5.400000 0.033719
5.410000 0.034160
5.420000 0.034280
5.430000 0.034147
5.440000 0.033859
5.450000 0.033504
5.460000 0.033138
5.470000 0.032828
5.480000 0.032618
5.490000 0.032473
5.500000 0.032367
5.510000 0.032237
5.520000 0.031997
5.530000 0.031599
5.540000 0.030970
5.550000 0.030101
5.560000 0.029029
5.570000 0.027839
5.580000 0.026645
5.590000 0.025589
5.600000 0.024884
5.610000 0.024628
5.620000 0.024912
5.630000 0.025680
5.640000 0.026882
5.650000 0.028330
5.660000 0.029896
5.670000 0.031429
5.680000 0.032813
5.690000 0.033962
5.700000 0.034886
5.710000 0.035504
5.720000 0.035810
5.730000 0.035804
5.740000 0.035497
5.750000 0.034889
5.760000 0.033978
5.770000 0.032800
5.780000 0.031287
5.790000 0.029510
5.800000 0.027413
5.810000 0.025009
5.820000 0.022291
5.830000 0.019246
5.840000 0.015927
5.850000 0.012375
5.860000 0.008721
5.870000 0.005366
5.880000 0.003943
5.890000 0.006092
5.900000 0.009573
5.910000 0.013133
5.920000 0.016451
5.930000 0.019349
5.940000 0.021716
5.950000 0.023454
5.960000 0.024528
5.970000 0.024911
5.980000 0.024617
5.990000 0.023712
6.000000 0.022273
6.010000 0.020413
6.020000 0.018307
6.030000 0.016156
6.040000 0.014217
6.050000 0.012774
6.060000 0.012068
6.070000 0.012169
6.080000 0.012871
6.090000 0.013868
6.100000 0.014908
6.110000 0.015763
6.120000 0.016318
6.130000 0.016500
6.140000 0.016287
6.150000 0.015725
6.160000 0.014829
6.170000 0.013740
6.180000 0.012550
6.190000 0.011464
6.200000 0.010698
6.210000 0.010532
6.220000 0.011040
6.230000 0.012204
6.240000 0.013848
6.250000 0.015755
6.260000 0.017774
6.270000 0.019773
6.280000 0.021648
6.290000 0.023320
6.300000 0.024772
6.310000 0.025926
6.320000 0.026760
6.330000 0.027254
6.340000 0.027388
6.350000 0.027166
6.360000 0.026574
6.370000 0.025640
6.380000 0.024362
6.390000 0.022807
6.400000 0.020990
6.410000 0.019017
6.420000 0.016950
6.430000 0.014946
6.440000 0.013180
6.450000 0.011918
6.460000 0.011380
6.470000 0.011744
6.480000 0.012907
6.490000 0.014599
6.500000 0.016563
6.510000 0.018635
6.520000 0.020678
6.530000 0.022593
6.540000 0.024311
6.550000 0.025827
6.560000 0.027096
6.570000 0.028148
6.580000 0.028892
6.590000 0.029436
6.600000 0.029758
6.610000 0.029870
6.620000 0.029833
6.630000 0.029678
6.640000 0.029391
6.650000 0.029078
6.660000 0.028731
6.670000 0.028412
6.680000 0.028185
6.690000 0.028049
6.700000 0.028117
6.710000 0.028416
6.720000 0.028984
6.730000 0.029864
6.740000 0.031079
6.750000 0.032636
6.760000 0.034519
6.770000 0.036689
6.780000 0.039084
6.790000 0.041660
6.800000 0.044331
6.810000 0.047003
6.820000 0.049608
6.830000 0.052067
6.840000 0.054293
6.850000 0.056231
6.860000 0.057839
6.870000 0.059062
6.880000 0.059872
6.890000 0.060293
6.900000 0.060329
6.910000 0.060027
6.920000 0.059411
6.930000 0.058607
6.940000 0.057684
6.950000 0.056721
6.960000 0.055889
6.970000 0.055272
6.980000 0.054997
6.990000 0.055153
7.000000 0.055769
7.010000 0.056889
7.020000 0.058466
7.030000 0.060411
7.040000 0.062639
7.050000 0.065018
7.060000 0.067397
7.070000 0.069662
7.080000 0.071652
7.090000 0.073296
7.100000 0.074486
7.110000 0.075134
7.120000 0.075205
7.130000 0.074686
7.140000 0.073600
7.150000 0.071995
7.160000 0.069964
7.170000 0.067632
7.180000 0.065179
7.190000 0.062775
7.200000 0.060627
7.210000 0.058990
7.220000 0.058034
7.230000 0.057888
7.240000 0.058658
7.250000 0.060336
7.260000 0.062895
7.270000 0.066272
7.280000 0.070379
7.290000 0.075170
7.300000 0.080574
7.310000 0.086515
7.320000 0.092920
7.330000 0.099658
7.340000 0.106585
7.350000 0.113510
7.360000 0.120195
7.370000 0.126444
7.380000 0.131950
7.390000 0.136502
7.400000 0.139869
7.410000 0.141835
7.420000 0.142249
7.430000 0.140996
7.440000 0.138027
7.450000 0.133321
7.460000 0.126901
7.470000 0.118882
7.480000 0.109422
7.490000 0.098657
7.500000 0.086797
7.510000 0.074089
7.520000 0.060859
7.530000 0.047534
7.540000 0.034917
7.550000 0.024993
7.560000 0.022148
7.570000 0.028377
7.580000 0.039139
7.590000 0.051088
7.600000 0.062910
7.610000 0.073981
7.620000 0.083998
7.630000 0.092675
7.640000 0.099847
7.650000 0.105434
7.660000 0.109343
7.670000 0.111610
7.680000 0.112245
7.690000 0.111371
7.700000 0.109125
7.710000 0.105726
7.720000 0.101390
7.730000 0.096421
7.740000 0.091203
7.750000 0.086217
7.760000 0.081966
7.770000 0.079033
7.780000 0.077972
7.790000 0.079089
7.800000 0.082495
7.810000 0.087970
7.820000 0.095117
7.830000 0.103491
7.840000 0.112653
7.850000 0.122239
7.860000 0.131952
7.870000 0.141605
7.880000 0.150976
7.890000 0.159982
7.900000 0.168523
7.910000 0.176572
7.920000 0.184050
7.930000 0.190936
7.940000 0.197206
7.950000 0.202803
7.960000 0.207705
7.970000 0.211825
7.980000 0.215097
7.990000 0.217431
8.000000 0.218790
8.010000 0.219112
8.020000 0.218333
8.030000 0.216419
8.040000 0.213356
8.050000 0.209085
8.060000 0.203556
8.070000 0.196756
8.080000 0.188547
8.090000 0.178961
8.100000 0.167965
8.110000 0.155697
8.120000 0.142411
8.130000 0.128659
8.140000 0.115466
8.150000 0.104433
8.160000 0.097837
8.170000 0.098082
8.180000 0.106262
8.190000 0.121586
8.200000 0.142254
8.210000 0.166608
8.220000 0.193371
8.230000 0.221804
8.240000 0.251454
8.250000 0.282043
8.260000 0.313491
8.270000 0.345781
8.280000 0.378894
8.290000 0.412810
8.300000 0.447480
8.310000 0.482817
8.320000 0.518642
8.330000 0.554706
8.340000 0.590716
8.350000 0.626311
8.360000 0.661005
8.370000 0.694354
8.380000 0.725783
8.390000 0.754741
8.400000 0.780560
8.410000 0.802632
8.420000 0.820279
8.430000 0.832868
8.440000 0.839808
8.450000 0.840560
8.460000 0.834713
8.470000 0.821973
8.480000 0.802231
8.490000 0.775574
8.500000 0.742320
8.510000 0.702976
8.520000 0.658325
8.530000 0.609347
8.540000 0.557221
8.550000 0.503291
8.560000 0.449094
8.570000 0.396376
8.580000 0.347179
8.590000 0.304002
8.600000 0.269952
8.610000 0.248426
8.620000 0.241883
8.630000 0.250270
8.640000 0.270892
8.650000 0.299781
8.660000 0.333484
8.670000 0.369460
8.680000 0.406168
8.690000 0.442564
8.700000 0.478048
8.710000 0.512221
8.720000 0.544834
8.730000 0.575670
8.740000 0.604616
8.750000 0.631539
8.760000 0.656421
8.770000 0.679101
8.780000 0.699396
8.790000 0.716967
8.800000 0.731345
8.810000 0.741817
8.820000 0.747693
8.830000 0.748170
8.840000 0.742602
8.850000 0.730513
8.860000 0.711817
8.870000 0.686748
8.880000 0.655944
8.890000 0.620512
8.900000 0.581897
8.910000 0.541778
8.920000 0.502067
8.930000 0.464645
8.940000 0.431277
8.950000 0.403372
8.960000 0.381887
8.970000 0.367119
8.980000 0.358830
8.990000 0.356248
9.000000 0.358399
9.010000 0.364162
9.020000 0.372530
9.030000 0.382398
9.040000 0.392917
9.050000 0.403062
9.060000 0.411910
9.070000 0.418575
9.080000 0.422275
9.090000 0.422255
9.100000 0.418008
9.110000 0.409178
9.120000 0.395563
9.130000 0.377231
9.140000 0.354367
9.150000 0.327392
9.160000 0.296812
9.170000 0.263286
9.180000 0.227604
9.190000 0.190622
9.200000 0.153248
9.210000 0.116801
9.220000 0.083269
9.230000 0.057352
9.240000 0.049808
9.250000 0.064419
9.260000 0.088658
9.270000 0.114723
9.280000 0.140028
9.290000 0.163682
9.300000 0.185464
9.310000 0.205219
9.320000 0.223133
9.330000 0.239336
9.340000 0.254042
9.350000 0.267357
9.360000 0.279472
9.370000 0.290546
9.380000 0.300533
9.390000 0.309509
9.400000 0.317402
9.410000 0.324119
9.420000 0.329607
9.430000 0.333767
9.440000 0.336607
9.450000 0.338091
9.460000 0.338315
9.470000 0.337363
9.480000 0.335384
9.490000 0.332539
9.500000 0.329056
9.510000 0.325076
9.520000 0.320761
9.530000 0.316241
9.540000 0.311685
9.550000 0.307071
9.560000 0.302568
9.570000 0.298165
9.580000 0.293907
9.590000 0.289780
9.600000 0.285788
9.610000 0.281855
9.620000 0.278020
9.630000 0.274154
9.640000 0.270267
9.650000 0.266254
9.660000 0.262083
9.670000 0.257664
9.680000 0.253024
9.690000 0.248034
9.700000 0.242761
9.710000 0.237144
9.720000 0.231214
9.730000 0.224997
9.740000 0.218533
9.750000 0.211839
9.760000 0.205005
9.770000 0.198057
9.780000 0.191072
9.790000 0.184098
9.800000 0.177185
9.810000 0.170340
9.820000 0.163619
9.830000 0.157033
9.840000 0.150600
9.850000 0.144265
9.860000 0.138096
9.870000 0.132040
9.880000 0.126099
9.890000 0.120241
9.900000 0.114455
9.910000 0.108728
9.920000 0.103039
9.930000 0.097361
9.940000 0.091698
9.950000 0.085982
9.960000 0.080232
9.970000 0.074399
9.980000 0.068487
9.990000 0.062512
10.000000 0.056435
10.010000 0.050303
10.020000 0.044179
10.030000 0.038137
10.040000 0.032308
10.050000 0.026912
10.060000 0.022268
10.070000 0.018821
10.080000 0.017063
10.090000 0.017158
10.100000 0.018579
10.110000 0.020606
10.120000 0.022744
10.130000 0.024544
10.140000 0.025829
10.150000 0.026527
10.160000 0.026580
10.170000 0.026014
10.180000 0.024929
10.190000 0.023457
10.200000 0.021675
10.210000 0.019771
10.220000 0.017885
10.230000 0.016108
10.240000 0.014617
10.250000 0.013363
10.260000 0.012394
10.270000 0.011634
10.280000 0.011084
10.290000 0.010774
10.300000 0.010828
10.310000 0.011388
10.320000 0.012536
10.330000 0.014274
10.340000 0.016470
10.350000 0.018925
10.360000 0.021492
10.370000 0.023977
10.380000 0.026286
10.390000 0.028265
10.400000 0.029879
10.410000 0.031055
10.420000 0.031828
10.430000 0.032158
10.440000 0.032143
10.450000 0.031814
10.460000 0.031258
10.470000 0.030539
10.480000 0.029693
10.490000 0.028760
10.500000 0.027734
10.510000 0.026629
10.520000 0.025390
10.530000 0.024016
10.540000 0.022452
10.550000 0.020765
10.560000 0.018962
10.570000 0.017163
10.580000 0.015557
10.590000 0.014381
10.600000 0.013850
10.610000 0.014162
10.620000 0.015239
10.630000 0.016874
10.640000 0.018822
10.650000 0.020839
10.660000 0.022772
10.670000 0.024542
10.680000 0.026073
10.690000 0.027328
10.700000 0.028311
10.710000 0.029089
10.720000 0.029661
10.730000 0.030085
10.740000 0.030392
10.750000 0.030629
10.760000 0.030838
10.770000 0.031018
10.780000 0.031152
10.790000 0.031260
10.800000 0.031286
10.810000 0.031190
10.820000 0.030994
10.830000 0.030639
10.840000 0.030144
10.850000 0.029505
10.860000 0.028735
10.870000 0.027850
10.880000 0.026911
10.890000 0.025951
10.900000 0.024990
10.910000 0.024102
10.920000 0.023291
10.930000 0.022588
10.940000 0.022021
10.950000 0.021554
10.960000 0.021206
10.970000 0.020922
10.980000 0.020734
10.990000 0.020599
11.000000 0.020516
11.010000 0.020521
11.020000 0.020594
11.030000 0.020776
11.040000 0.021068
11.050000 0.021438
11.060000 0.021909
11.070000 0.022421
11.080000 0.022951
11.090000 0.023426
11.100000 0.023861
11.110000 0.024180
11.120000 0.024374
11.130000 0.024492
11.140000 0.024502
11.150000 0.024489
11.160000 0.024480
11.170000 0.024520
11.180000 0.024642
11.190000 0.024880
11.200000 0.025163
11.210000 0.025502
11.220000 0.025814
11.230000 0.026040
11.240000 0.026122
11.250000 0.026012
11.260000 0.025670
11.270000 0.025129
11.280000 0.024383
11.290000 0.023453
11.300000 0.022393
11.310000 0.021231
11.320000 0.020022
11.330000 0.018801
11.340000 0.017615
11.350000 0.016486
11.360000 0.015508
11.370000 0.014734
11.380000 0.014297
11.390000 0.014309
11.400000 0.014838
11.410000 0.015850
11.420000 0.017218
11.430000 0.018728
11.440000 0.020161
11.450000 0.021309
11.460000 0.021986
11.470000 0.022024
11.480000 0.021388
11.490000 0.020047
11.500000 0.018133
11.510000 0.015872
11.520000 0.013668
11.530000 0.012118
11.540000 0.011720
11.550000 0.012402
11.560000 0.013565
11.570000 0.014490
11.580000 0.014708
11.590000 0.013942
11.600000 0.012120
11.610000 0.009378
11.620000 0.006061
11.630000 0.003188
11.640000 0.003965
11.650000 0.006964
11.660000 0.009729
11.670000 0.011700
11.680000 0.012832
11.690000 0.013345
11.700000 0.013641
11.710000 0.014216
11.720000 0.015367
11.730000 0.016902
11.740000 0.018365
11.750000 0.019310
11.760000 0.019356
11.770000 0.018337
11.780000 0.016263
11.790000 0.013329
11.800000 0.009989
11.810000 0.007021
11.820000 0.006008
11.830000 0.007555
11.840000 0.009931
11.850000 0.011908
11.860000 0.012989
11.870000 0.013043
11.880000 0.012071
11.890000 0.010294
11.900000 0.008221
11.910000 0.006963
11.920000 0.007877
11.930000 0.010641
11.940000 0.013997
11.950000 0.017241
11.960000 0.019971
11.970000 0.021973
11.980000 0.023183
11.990000 0.023586
12.000000 0.023305
12.010000 0.022462
12.020000 0.021284
12.030000 0.019989
12.040000 0.018680
12.050000 0.017376
12.060000 0.016074
12.070000 0.014655
12.080000 0.013040
12.090000 0.011097
12.100000 0.008919
12.110000 0.006598
12.120000 0.004545
12.130000 0.003840
12.140000 0.005120
12.150000 0.007246
12.160000 0.009394
12.170000 0.011256
12.180000 0.012780
12.190000 0.013947
12.200000 0.014850
12.210000 0.015597
12.220000 0.016330
12.230000 0.017210
12.240000 0.018269
12.250000 0.019467
12.260000 0.020728
12.270000 0.021979
12.280000 0.023025
12.290000 0.023816
12.300000 0.024215
12.310000 0.024177
12.320000 0.023729
12.330000 0.022852
12.340000 0.021596
12.350000 0.020117
12.360000 0.018572
12.370000 0.017183
12.380000 0.016140
12.390000 0.015597
12.400000 0.015647
12.410000 0.016118
12.420000 0.016782
12.430000 0.017420
12.440000 0.017825
12.450000 0.017853
12.460000 0.017443
12.470000 0.016623
12.480000 0.015552
12.490000 0.014418
12.500000 0.013584
12.510000 0.013456
12.520000 0.014309
12.530000 0.016061
12.540000 0.018470
12.550000 0.021174
12.560000 0.023975
12.570000 0.026640
12.580000 0.029099
12.590000 0.031261
12.600000 0.033080
12.610000 0.034515
12.620000 0.035530
12.630000 0.036079
12.640000 0.036121
12.650000 0.035620
12.660000 0.034533
12.670000 0.032853
12.680000 0.030613
12.690000 0.027929
12.700000 0.024906
12.710000 0.021837
12.720000 0.018978
12.730000 0.016664
12.740000 0.015124
12.750000 0.014336
12.760000 0.014059
12.770000 0.013770
12.780000 0.013105
12.790000 0.011937
12.800000 0.010412
12.810000 0.009210
12.820000 0.009588
12.830000 0.012195
12.840000 0.016324
12.850000 0.021064
12.860000 0.025746
12.870000 0.029931
12.880000 0.033278
12.890000 0.035505
12.900000 0.036518
12.910000 0.036228
12.920000 0.034746
12.930000 0.032288
12.940000 0.029182
12.950000 0.025867
12.960000 0.022875
12.970000 0.020696
12.980000 0.019650
12.990000 0.019555
13.000000 0.019883
13.010000 0.020077
13.020000 0.019702
13.030000 0.018570
13.040000 0.016571
13.050000 0.014005
13.060000 0.011343
13.070000 0.009657
13.080000 0.010245
13.090000 0.012978
13.100000 0.016584
13.110000 0.020177
13.120000 0.023198
13.130000 0.025357
13.140000 0.026432
13.150000 0.026353
13.160000 0.025117
13.170000 0.022808
13.180000 0.019594
13.190000 0.015764
13.200000 0.011750
13.210000 0.008394
13.220000 0.007372
13.230000 0.009396
13.240000 0.012714
13.250000 0.016093
13.260000 0.019079
13.270000 0.021506
13.280000 0.023410
13.290000 0.024894
13.300000 0.026177
13.310000 0.027544
13.320000 0.029280
13.330000 0.031624
13.340000 0.034750
13.350000 0.038659
13.360000 0.043305
13.370000 0.048508
13.380000 0.054131
13.390000 0.059982
13.400000 0.065878
13.410000 0.071623
13.420000 0.077037
13.430000 0.081986
13.440000 0.086349
13.450000 0.090016
13.460000 0.092917
13.470000 0.095010
13.480000 0.096284
13.490000 0.096749
13.500000 0.096413
13.510000 0.095289
13.520000 0.093347
13.530000 0.090643
13.540000 0.087151
13.550000 0.082926
13.560000 0.077949
13.570000 0.072308
13.580000 0.066032
13.590000 0.059272
13.600000 0.052160
13.610000 0.044952
13.620000 0.038098
13.630000 0.032209
13.640000 0.028355
13.650000 0.027461
13.660000 0.029470
13.670000 0.033261
13.680000 0.037450
13.690000 0.040927
13.700000 0.042956
13.710000 0.043082
13.720000 0.041094
13.730000 0.037032
13.740000 0.031329
13.750000 0.024803
13.760000 0.019224
13.770000 0.017702
13.780000 0.021344
13.790000 0.027384
13.800000 0.033179
13.810000 0.037281
13.820000 0.038840
13.830000 0.037423
13.840000 0.032909
13.850000 0.025588
13.860000 0.016529
13.870000 0.009439
13.880000 0.013248
13.890000 0.021850
13.900000 0.028753
13.910000 0.032049
13.920000 0.031273
13.930000 0.027166
13.940000 0.022147
13.950000 0.020112
13.960000 0.022809
13.970000 0.027217
13.980000 0.030749
13.990000 0.032866
14.000000 0.034273
14.010000 0.035380
14.020000 0.035880
14.030000 0.035373
14.040000 0.034445
14.050000 0.034101
14.060000 0.033560
14.070000 0.030276
14.080000 0.022612
14.090000 0.012287
14.100000 0.006869
14.110000 0.009390
14.120000 0.008213
14.130000 0.009123
14.140000 0.019268
14.150000 0.027825
14.160000 0.029915
14.170000 0.028117
14.180000 0.028134
14.190000 0.029938
14.200000 0.033648
14.210000 0.041365
14.220000 0.051592
14.230000 0.061236
14.240000 0.066965
14.250000 0.072154
14.260000 0.084245
14.270000 0.094921
14.280000 0.090548
14.290000 0.081102
14.300000 0.079365
14.310000 0.068105
14.320000 0.051833
14.330000 0.038981
14.340000 0.048492
14.350000 0.043125
14.360000 0.035800
14.370000 0.056924
14.380000 0.050738
14.390000 0.039458
14.400000 0.048237
14.410000 0.028616
14.420000 0.008231
14.430000 0.046590
14.440000 0.073178
14.450000 0.067492
14.460000 0.045271
14.470000 0.028528
14.480000 0.049853
14.490000 0.069964
14.500000 0.060986
14.510000 0.046527
14.520000 0.030504
14.530000 0.033304
14.540000 0.035001
14.550000 0.010608
14.560000 0.024597
14.570000 0.028203
14.580000 0.018050
14.590000 0.031478
14.600000 0.056006
14.610000 0.083954
14.620000 0.116869
14.630000 0.150827
14.640000 0.176800
14.650000 0.186789
14.660000 0.178105
14.670000 0.153737
14.680000 0.120953
14.690000 0.088731
14.700000 0.064407
14.710000 0.050009
14.720000 0.042007
14.730000 0.035532
14.740000 0.027322
14.750000 0.016854
14.760000 0.011239
14.770000 0.019592
14.780000 0.028781
14.790000 0.032834
14.800000 0.030628
14.810000 0.023174
14.820000 0.014606
14.830000 0.016026
14.840000 0.027638
14.850000 0.040119
14.860000 0.050281
14.870000 0.057049
14.880000 0.060375
14.890000 0.061246
14.900000 0.061423
14.910000 0.062835
14.920000 0.066606
14.930000 0.072502
14.940000 0.079541
14.950000 0.086676
14.960000 0.093216
14.970000 0.098447
14.980000 0.101422
14.990000 0.100672
15.000000 0.094793
15.010000 0.084852
15.020000 0.079597
15.030000 0.094552
15.040000 0.129851
15.050000 0.170359
15.060000 0.202291
15.070000 0.217295
15.080000 0.212891
15.090000 0.192564
15.100000 0.164369
15.110000 0.138692
15.120000 0.123771
15.130000 0.120502
15.140000 0.124424
15.150000 0.135094
15.160000 0.158542
15.170000 0.200179
15.180000 0.258458
15.190000 0.326643
15.200000 0.396878
15.210000 0.461836
15.220000 0.515483
15.230000 0.553378
15.240000 0.572740
15.250000 0.572601
15.260000 0.553319
15.270000 0.516624
15.280000 0.465007
15.290000 0.401705
15.300000 0.330250
15.310000 0.254330
15.320000 0.178344
15.330000 0.109688
15.340000 0.072279
15.350000 0.099441
15.360000 0.153819
15.370000 0.209236
15.380000 0.259738
15.390000 0.303581
15.400000 0.340187
15.410000 0.369638
15.420000 0.392106
15.430000 0.408021
15.440000 0.417941
15.450000 0.422459
15.460000 0.422192
15.470000 0.417759
15.480000 0.409825
15.490000 0.398870
15.500000 0.385579
15.510000 0.370380
15.520000 0.353765
15.530000 0.336154
15.540000 0.317944
15.550000 0.299450
15.560000 0.280943
15.570000 0.262681
15.580000 0.244839
15.590000 0.227541
15.600000 0.211011
15.610000 0.195262
15.620000 0.180416
15.630000 0.166446
15.640000 0.153453
15.650000 0.141368
15.660000 0.130188
15.670000 0.119895
15.680000 0.110420
15.690000 0.101791
15.700000 0.093839
15.710000 0.086612
15.720000 0.079968
15.730000 0.073873
15.740000 0.068309
15.750000 0.063183
15.760000 0.058463
15.770000 0.054112
15.780000 0.050096
15.790000 0.046399
15.800000 0.043023
15.810000 0.039922
15.820000 0.037193
15.830000 0.034769
15.840000 0.032699
15.850000 0.030998
15.860000 0.029715
15.870000 0.028821
15.880000 0.028394
15.890000 0.028364
15.900000 0.028713
15.910000 0.029426
15.920000 0.030417
15.930000 0.031652
15.940000 0.033101
15.950000 0.034720
15.960000 0.036439
15.970000 0.038259
15.980000 0.040171
15.990000 0.042137
16.000000 0.044122
16.010000 0.046152
16.020000 0.048215
16.030000 0.050270
16.040000 0.052346
16.050000 0.054458
16.060000 0.056534
16.070000 0.058640
16.080000 0.060739
16.090000 0.062831
16.100000 0.064890
16.110000 0.066961
16.120000 0.068976
16.130000 0.070963
16.140000 0.072925
16.150000 0.074829
16.160000 0.076646
16.170000 0.078417
16.180000 0.080061
16.190000 0.081625
16.200000 0.083071
16.210000 0.084371
16.220000 0.085518
16.230000 0.086549
16.240000 0.087387
16.250000 0.088025
16.260000 0.088494
16.270000 0.088740
16.280000 0.088788
16.290000 0.088609
16.300000 0.088192
16.310000 0.087534
16.320000 0.086626
16.330000 0.085474
16.340000 0.084081
16.350000 0.082434
16.360000 0.080511
16.370000 0.078354
16.380000 0.075931
16.390000 0.073271
16.400000 0.070354
16.410000 0.067195
16.420000 0.063814
16.430000 0.060229
16.440000 0.056416
16.450000 0.052394
16.460000 0.048199
16.470000 0.043822
16.480000 0.039276
16.490000 0.034587
16.500000 0.029785
16.510000 0.024880
16.520000 0.019894
16.530000 0.014850
16.540000 0.009862
16.550000 0.005206
16.560000 0.003345
16.570000 0.007037
16.580000 0.011876
16.590000 0.016833
16.600000 0.021775
16.610000 0.026621
16.620000 0.031337
16.630000 0.035872
16.640000 0.040213
16.650000 0.044327
16.660000 0.048194
16.670000 0.051765
16.680000 0.055025
16.690000 0.057954
16.700000 0.060534
16.710000 0.062749
16.720000 0.064556
16.730000 0.065960
16.740000 0.066953
16.750000 0.067526
16.760000 0.067694
16.770000 0.067408
16.780000 0.066739
16.790000 0.065647
16.800000 0.064172
16.810000 0.062335
16.820000 0.060169
16.830000 0.057684
16.840000 0.054929
16.850000 0.051956
16.860000 0.048804
16.870000 0.045519
16.880000 0.042194
16.890000 0.038896
16.900000 0.035688
16.910000 0.032726
16.920000 0.030068
16.930000 0.027890
16.940000 0.026258
16.950000 0.025257
16.960000 0.024930
16.970000 0.025216
16.980000 0.026002
16.990000 0.027118
17.000000 0.028463
17.010000 0.029885
17.020000 0.031247
17.030000 0.032460
17.040000 0.033525
17.050000 0.034337
17.060000 0.034855
17.070000 0.035088
17.080000 0.035005
17.090000 0.034596
17.100000 0.033879
17.110000 0.032846
17.120000 0.031538
17.130000 0.029958
17.140000 0.028169
17.150000 0.026192
17.160000 0.024126
17.170000 0.022059
17.180000 0.020093
17.190000 0.018370
17.200000 0.017143
17.210000 0.016559
17.220000 0.016806
17.230000 0.017810
17.240000 0.019487
17.250000 0.021649
17.260000 0.024083
17.270000 0.026710
17.280000 0.029350
17.290000 0.031948
17.300000 0.034454
17.310000 0.036768
17.320000 0.038904
17.330000 0.040765
17.340000 0.042354
17.350000 0.043676
17.360000 0.044713
17.370000 0.045410
17.380000 0.045809
17.390000 0.045893
17.400000 0.045693
17.410000 0.045214
17.420000 0.044479
17.430000 0.043543
17.440000 0.042384
17.450000 0.041118
17.460000 0.039742
17.470000 0.038320
17.480000 0.036925
17.490000 0.035633
17.500000 0.034457
17.510000 0.033514
17.520000 0.032843
17.530000 0.032450
17.540000 0.032373
17.550000 0.032620
17.560000 0.033144
17.570000 0.033863
17.580000 0.034756
17.590000 0.035772
17.600000 0.036815
17.610000 0.037847
17.620000 0.038823
17.630000 0.039670
17.640000 0.040362
17.650000 0.040899
17.660000 0.041229
17.670000 0.041362
17.680000 0.041269
17.690000 0.040960
17.700000 0.040465
17.710000 0.039814
17.720000 0.038998
17.730000 0.038079
17.740000 0.037100
17.750000 0.036111
17.760000 0.035205
17.770000 0.034452
17.780000 0.033922
17.790000 0.033677
17.800000 0.033840
17.810000 0.034367
17.820000 0.035310
17.830000 0.036654
17.840000 0.038363
17.850000 0.040346
17.860000 0.042568
17.870000 0.044940
17.880000 0.047407
17.890000 0.049901
17.900000 0.052345
17.910000 0.054708
17.920000 0.056942
17.930000 0.059007
17.940000 0.060860
17.950000 0.062489
17.960000 0.063830
17.970000 0.064926
17.980000 0.065700
17.990000 0.066194
18.000000 0.066382
18.010000 0.066284
18.020000 0.065865
18.030000 0.065200
18.040000 0.064265
18.050000 0.063097
18.060000 0.061719
18.070000 0.060212
18.080000 0.058578
18.090000 0.056890
18.100000 0.055229
18.110000 0.053620
18.120000 0.052194
18.130000 0.050995
18.140000 0.050103
18.150000 0.049598
18.160000 0.049546
18.170000 0.049934
18.180000 0.050821
18.190000 0.052175
18.200000 0.053913
18.210000 0.056054
18.220000 0.058470
18.230000 0.061085
18.240000 0.063851
18.250000 0.066713
18.260000 0.069581
18.270000 0.072380
18.280000 0.075089
18.290000 0.077651
18.300000 0.080012
18.310000 0.082146
18.320000 0.083987
18.330000 0.085561
18.340000 0.086802
18.350000 0.087724
18.360000 0.088289
18.370000 0.088495
18.380000 0.088344
18.390000 0.087805
18.400000 0.086939
18.410000 0.085696
18.420000 0.084148
18.430000 0.082265
18.440000 0.080122
18.450000 0.077719
18.460000 0.075105
18.470000 0.072277
18.480000 0.069336
18.490000 0.066308
18.500000 0.063225
18.510000 0.060160
18.520000 0.057168
18.530000 0.054286
18.540000 0.051594
18.550000 0.049123
18.560000 0.046910
18.570000 0.045011
18.580000 0.043455
18.590000 0.042209
18.600000 0.041314
18.610000 0.040739
18.620000 0.040421
18.630000 0.040339
18.640000 0.040462
18.650000 0.040650
18.660000 0.040925
18.670000 0.041186
18.680000 0.041411
18.690000 0.041524
18.700000 0.041514
18.710000 0.041351
18.720000 0.040982
18.730000 0.040391
18.740000 0.039612
18.750000 0.038589
18.760000 0.037351
18.770000 0.035913
18.780000 0.034301
18.790000 0.032505
18.800000 0.030652
18.810000 0.028731
18.820000 0.026854
18.830000 0.025098
18.840000 0.023549
18.850000 0.022305
18.860000 0.021465
18.870000 0.021079
18.880000 0.021110
18.890000 0.021531
18.900000 0.022252
18.910000 0.023195
18.920000 0.024228
18.930000 0.025314
18.940000 0.026363
18.950000 0.027373
18.960000 0.028306
18.970000 0.029157
18.980000 0.029968
18.990000 0.030741
19.000000 0.031494
19.010000 0.032267
19.020000 0.033077
19.030000 0.033962
19.040000 0.034892
19.050000 0.035932
19.060000 0.037011
19.070000 0.038097
19.080000 0.039278
19.090000 0.040471
19.100000 0.041593
19.110000 0.042686
19.120000 0.043663
19.130000 0.044580
19.140000 0.045335
19.150000 0.045967
19.160000 0.046393
19.170000 0.046661
19.180000 0.046719
19.190000 0.046555
19.200000 0.046159
19.210000 0.045523
19.220000 0.044640
19.230000 0.043467
19.240000 0.042032
19.250000 0.040321
19.260000 0.038317
19.270000 0.036058
19.280000 0.033502
19.290000 0.030703
19.300000 0.027696
19.310000 0.024523
19.320000 0.021227
19.330000 0.018003
19.340000 0.015040
19.350000 0.012753
19.360000 0.011714
19.370000 0.012382
19.380000 0.014566
19.390000 0.017713
19.400000 0.021334
19.410000 0.025133
19.420000 0.028929
19.430000 0.032651
19.440000 0.036179
19.450000 0.039456
19.460000 0.042400
19.470000 0.044990
19.480000 0.047182
19.490000 0.048929
19.500000 0.050248
19.510000 0.051082
19.520000 0.051470
19.530000 0.051352
19.540000 0.050805
19.550000 0.049792
19.560000 0.048325
19.570000 0.046441
19.580000 0.044231
19.590000 0.041668
19.600000 0.038825
19.610000 0.035737
19.620000 0.032477
19.630000 0.029074
19.640000 0.025662
19.650000 0.022273
19.660000 0.019057
19.670000 0.016153
19.680000 0.013815
19.690000 0.012294
19.700000 0.011882
19.710000 0.012533
19.720000 0.014026
19.730000 0.015998
19.740000 0.018193
19.750000 0.020421
19.760000 0.022615
19.770000 0.024698
19.780000 0.026633
19.790000 0.028442
19.800000 0.030117
19.810000 0.031657
19.820000 0.033023
19.830000 0.034322
19.840000 0.035493
19.850000 0.036572
19.860000 0.037586
19.870000 0.038553
19.880000 0.039464
19.890000 0.040342
19.900000 0.041207
19.910000 0.042008
19.920000 0.042785
19.930000 0.043489
19.940000 0.044180
19.950000 0.044748
19.960000 0.045232
19.970000 0.045591
19.980000 0.045793
19.990000 0.045840
