0.000000 4.541815
0.010000 5.017319
0.020000 5.446570
0.030000 5.878762
0.040000 6.438866
0.050000 7.162789
0.060000 8.055326
0.070000 9.096708
0.080000 10.206627
0.090000 11.246914
0.100000 12.034510
0.110000 12.404319
0.120000 12.365730
0.130000 11.896619
0.140000 11.154378
0.150000 10.381386
0.160000 9.667380
0.170000 9.018293
0.180000 8.438600
0.190000 7.909867
0.200000 7.420727
0.210000 6.990025
0.220000 6.576685
0.230000 6.165064
0.240000 5.753009
0.250000 5.330779
0.260000 4.930914
0.270000 4.633832
0.280000 4.457613
0.290000 4.343235
0.300000 4.345661
0.310000 4.540183
0.320000 4.838778
0.330000 5.097986
0.340000 5.410149
0.350000 5.733918
0.360000 5.712423
0.370000 5.456831
0.380000 5.113811
0.390000 4.687201
0.400000 4.509888
0.410000 4.462748
0.420000 4.432755
0.430000 4.230733
0.440000 3.874507
0.450000 3.308767
0.460000 2.737265
0.470000 2.989569
0.480000 3.542084
0.490000 3.729250
0.500000 3.852188
0.510000 4.096127
0.520000 4.397700
0.530000 4.642600
0.540000 4.742668
0.550000 4.777225
0.560000 4.816497
0.570000 4.814865
0.580000 4.744101
0.590000 4.601339
0.600000 4.385091
0.610000 4.121695
0.620000 3.936081
0.630000 4.160514
0.640000 4.639955
0.650000 5.048477
0.660000 5.483056
0.670000 6.004282
0.680000 6.620023
0.690000 7.385872
0.700000 8.333742
0.710000 9.384770
0.720000 10.364114
0.730000 11.048220
0.740000 11.299562
0.750000 11.100464
0.760000 10.442092
0.770000 9.600411
0.780000 8.833424
0.790000 8.203190
0.800000 7.681248
0.810000 7.221103
0.820000 6.769829
0.830000 6.347977
0.840000 5.935751
0.850000 5.483353
0.860000 5.023121
0.870000 4.574631
0.880000 4.160906
0.890000 3.805717
0.900000 3.566813
0.910000 3.456096
0.920000 3.395362
0.930000 3.444218
0.940000 3.668055
0.950000 3.961862
0.960000 4.244863
0.970000 4.671956
0.980000 5.086401
0.990000 5.105120
1.000000 4.878260
1.010000 4.354156
1.020000 3.735102
1.030000 3.506618
1.040000 3.529482
1.050000 3.536061
1.060000 3.320323
1.070000 2.985807
1.080000 2.448622
1.090000 2.485711
1.100000 3.117692
1.110000 3.352301
1.120000 3.417216
1.130000 3.552653
1.140000 3.877896
1.150000 4.282714
1.160000 4.527659
1.170000 4.520936
1.180000 4.386840
1.190000 4.248966
1.200000 4.113896
1.210000 3.959036
1.220000 3.815596
1.230000 3.701617
1.240000 3.556597
1.250000 3.414473
1.260000 3.595514
1.270000 4.087622
1.280000 4.552696
1.290000 4.980397
1.300000 5.402010
1.310000 5.858771
1.320000 6.474164
1.330000 7.314358
1.340000 8.304010
1.350000 9.254559
1.360000 9.912369
1.370000 10.143880
1.380000 9.869543
1.390000 9.099298
1.400000 8.175140
1.410000 7.397184
1.420000 6.840695
1.430000 6.465685
1.440000 6.158607
1.450000 5.795072
1.460000 5.418690
1.470000 4.986053
1.480000 4.463665
1.490000 3.929258
1.500000 3.464218
1.510000 3.122742
1.520000 2.871457
1.530000 2.695908
1.540000 2.623959
1.550000 2.588983
1.560000 2.638634
1.570000 2.863338
1.580000 3.143910
1.590000 3.387590
1.600000 3.822107
1.610000 4.349097
1.620000 4.502569
1.630000 4.324735
1.640000 3.650673
1.650000 2.863604
1.660000 2.591902
1.670000 2.664454
1.680000 2.752702
1.690000 2.617027
1.700000 2.344954
1.710000 2.049472
1.720000 2.594050
1.730000 2.964960
1.740000 3.146588
1.750000 3.227284
1.760000 3.356255
1.770000 3.702312
1.780000 4.139608
1.790000 4.277929
1.800000 4.054992
1.810000 3.708813
1.820000 3.470430
1.830000 3.291548
1.840000 3.109510
1.850000 2.981719
1.860000 2.933744
1.870000 2.896654
1.880000 2.820027
1.890000 2.907705
1.900000 3.401098
1.910000 3.975905
1.920000 4.395164
1.930000 4.698903
1.940000 4.983678
1.950000 5.406528
1.960000 6.097582
1.970000 7.006341
1.980000 7.949483
1.990000 8.659532
2.000000 8.973126
2.010000 8.770403
2.020000 7.996686
2.030000 6.997697
2.040000 6.146630
2.050000 5.581402
2.060000 5.309546
2.070000 5.181841
2.080000 4.940305
2.090000 4.617023
2.100000 4.180852
2.110000 3.584143
2.120000 2.983363
2.130000 2.524069
2.140000 2.243026
2.150000 2.064877
2.160000 1.911906
2.170000 1.824070
2.180000 1.797768
2.190000 1.810804
2.200000 2.000330
2.210000 2.337990
2.220000 2.603986
2.230000 2.907619
2.240000 3.443797
2.250000 3.821092
2.260000 3.809318
2.270000 3.198991
2.280000 2.279519
2.290000 1.851906
2.300000 1.834828
2.310000 2.005197
2.320000 2.038115
2.330000 1.960376
2.340000 1.940529
2.350000 2.472755
2.360000 2.730745
2.370000 3.011249
2.380000 3.120841
2.390000 3.217171
2.400000 3.485533
2.410000 3.815434
2.420000 3.802910
2.430000 3.390123
2.440000 2.936133
2.450000 2.661778
2.460000 2.470777
2.470000 2.296526
2.480000 2.164816
2.490000 2.070554
2.500000 2.064808
2.510000 2.132140
2.520000 2.215142
2.530000 2.583499
2.540000 3.225332
2.550000 3.745500
2.560000 4.023248
2.570000 4.204906
2.580000 4.423655
2.590000 4.858811
2.600000 5.613452
2.610000 6.526600
2.620000 7.335387
2.630000 7.804870
2.640000 7.841173
2.650000 7.244535
2.660000 6.233733
2.670000 5.242786
2.680000 4.518828
2.690000 4.164571
2.700000 4.145010
2.710000 4.076333
2.720000 3.836476
2.730000 3.504615
2.740000 2.938165
2.750000 2.304472
2.760000 1.795659
2.770000 1.425750
2.780000 1.171617
2.790000 0.997507
2.800000 0.877133
2.810000 0.858843
2.820000 0.887098
2.830000 0.985217
2.840000 1.278692
2.850000 1.669386
2.860000 2.024350
2.870000 2.456590
2.880000 2.936176
2.890000 3.186311
2.900000 2.959350
2.910000 2.191376
2.920000 1.519108
2.930000 1.183331
2.940000 1.279568
2.950000 1.396518
2.960000 1.547249
2.970000 1.842065
2.980000 2.192733
2.990000 2.428401
3.000000 2.843047
3.010000 3.044381
3.020000 3.107469
3.030000 3.204498
3.040000 3.292765
3.050000 3.200831
3.060000 2.704238
3.070000 2.229778
3.080000 1.935364
3.090000 1.760616
3.100000 1.610597
3.110000 1.491179
3.120000 1.286485
3.130000 1.199604
3.140000 1.318433
3.150000 1.518462
3.160000 1.732354
3.170000 2.185582
3.180000 2.841782
3.190000 3.396074
3.200000 3.644619
3.210000 3.760815
3.220000 3.922436
3.230000 4.304152
3.240000 5.034757
3.250000 5.911773
3.260000 6.604370
3.270000 6.961555
3.280000 6.797699
3.290000 5.973601
3.300000 4.829171
3.310000 3.844363
3.320000 3.175546
3.330000 2.980554
3.340000 3.072823
3.350000 2.943729
3.360000 2.714159
3.370000 2.374907
3.380000 1.886960
3.390000 1.382642
3.400000 0.851279
3.410000 0.355415
3.420000 0.398600
3.430000 0.633018
3.440000 0.745845
3.450000 0.643002
3.460000 0.489830
3.470000 0.402302
3.480000 0.446842
3.490000 0.781547
3.500000 1.271251
3.510000 1.902810
3.520000 2.307897
3.530000 2.430022
3.540000 2.287119
3.550000 1.675947
3.560000 1.123808
3.570000 0.762796
3.580000 0.834495
3.590000 0.887312
3.600000 1.364571
3.610000 1.949853
3.620000 1.981988
3.630000 2.464590
3.640000 2.891902
3.650000 3.044267
3.660000 3.006886
3.670000 2.769064
3.680000 2.553172
3.690000 2.129256
3.700000 1.646679
3.710000 1.351086
3.720000 1.263924
3.730000 1.169729
3.740000 1.124815
3.750000 0.921127
3.760000 0.678613
3.770000 0.703225
3.780000 0.855568
3.790000 0.968892
3.800000 1.162934
3.810000 1.577343
3.820000 2.272434
3.830000 2.966725
3.840000 3.338505
3.850000 3.430641
3.860000 3.504191
3.870000 3.762178
3.880000 4.350763
3.890000 5.183722
3.900000 5.882388
3.910000 6.233028
3.920000 6.026366
3.930000 5.081001
3.940000 3.759620
3.950000 2.690611
3.960000 2.029988
3.970000 1.904569
3.980000 2.091408
3.990000 1.930418
4.000000 1.647591
4.010000 1.381114
4.020000 1.176775
4.030000 0.887093
4.040000 0.745049
4.050000 1.301371
4.060000 1.944517
4.070000 2.141747
4.080000 2.020456
4.090000 1.788646
4.100000 1.430808
4.110000 1.112543
4.120000 0.784072
4.130000 0.686098
4.140000 0.460838
4.150000 0.933317
4.160000 1.626315
4.170000 1.628035
4.180000 1.716623
4.190000 1.551788
4.200000 1.107011
4.210000 0.647764
4.220000 0.509663
4.230000 0.504278
4.240000 1.077624
4.250000 1.717673
4.260000 1.742574
4.270000 2.320386
4.280000 2.829809
4.290000 3.021953
4.300000 2.769435
4.310000 2.156267
4.320000 1.641017
4.330000 1.207522
4.340000 0.895314
4.350000 0.840547
4.360000 1.016377
4.370000 1.082633
4.380000 1.084592
4.390000 0.964774
4.400000 0.821721
4.410000 0.897041
4.420000 0.904969
4.430000 0.596426
4.440000 0.631858
4.450000 1.006757
4.460000 1.521285
4.470000 2.163703
4.480000 2.783567
4.490000 3.106680
4.500000 3.189085
4.510000 3.296601
4.520000 3.664679
4.530000 4.318110
4.540000 5.051615
4.550000 5.480409
4.560000 5.421339
4.570000 4.669322
4.580000 3.330942
4.590000 1.956003
4.600000 1.161274
4.610000 0.946241
4.620000 1.298388
4.630000 1.380706
4.640000 0.891974
4.650000 0.572140
4.660000 0.777870
4.670000 1.187162
4.680000 1.654010
4.690000 2.489649
4.700000 2.933270
4.710000 2.990277
4.720000 2.970666
4.730000 2.769184
4.740000 2.510684
4.750000 2.295200
4.760000 2.096765
4.770000 1.599229
4.780000 1.162088
4.790000 0.908906
4.800000 0.267327
4.810000 0.928899
4.820000 0.914023
4.830000 1.084479
4.840000 1.174756
4.850000 0.952661
4.860000 0.535059
4.870000 0.178334
4.880000 0.539549
4.890000 1.349080
4.900000 1.352090
4.910000 1.719912
4.920000 2.409830
4.930000 2.853670
4.940000 2.791736
4.950000 2.069322
4.960000 1.315373
4.970000 0.669322
4.980000 0.215366
4.990000 0.582042
5.000000 0.928017
5.010000 1.216759
5.020000 1.241151
5.030000 1.279690
5.040000 1.210563
5.050000 1.215721
5.060000 1.299134
5.070000 0.969866
5.080000 0.622751
5.090000 0.786341
5.100000 0.967065
5.110000 1.246861
5.120000 1.639269
5.130000 2.154418
5.140000 2.627170
5.150000 2.887798
5.160000 3.086308
5.170000 3.394652
5.180000 3.920546
5.190000 4.450951
5.200000 4.666180
5.210000 4.446790
5.220000 3.675232
5.230000 2.393293
5.240000 1.179049
5.250000 1.316421
5.260000 1.625658
5.270000 1.757977
5.280000 1.613767
5.290000 0.880725
5.300000 0.338385
5.310000 0.936466
5.320000 1.772419
5.330000 2.617684
5.340000 3.089082
5.350000 3.152441
5.360000 3.042685
5.370000 2.535722
5.380000 2.116866
5.390000 1.821180
5.400000 1.648294
5.410000 1.658190
5.420000 1.763352
5.430000 1.809165
5.440000 1.696468
5.450000 1.018083
5.460000 0.274379
5.470000 0.222237
5.480000 0.298232
5.490000 0.560328
5.500000 0.781682
5.510000 0.607799
5.520000 0.138091
5.530000 0.551043
5.540000 0.992789
5.550000 1.124045
5.560000 1.468815
5.570000 1.978114
5.580000 2.422611
5.590000 2.390728
5.600000 1.799071
5.610000 0.992202
5.620000 0.365790
5.630000 0.388325
5.640000 0.779198
5.650000 1.017410
5.660000 1.101296
5.670000 1.190159
5.680000 1.221793
5.690000 1.217716
5.700000 1.278559
5.710000 1.401542
5.720000 1.133613
5.730000 0.855496
5.740000 0.907997
5.750000 1.009964
5.760000 0.848861
5.770000 0.932784
5.780000 1.142330
5.790000 1.577216
5.800000 2.118596
5.810000 2.537433
5.820000 2.858259
5.830000 3.152849
5.840000 3.423842
5.850000 3.606754
5.860000 3.556922
5.870000 3.275043
5.880000 2.592991
5.890000 1.540610
5.900000 1.415523
5.910000 2.517840
5.920000 3.129166
5.930000 3.085162
5.940000 2.436398
5.950000 1.632185
5.960000 1.210865
5.970000 1.383734
5.980000 2.138763
5.990000 2.586855
6.000000 2.187638
6.010000 1.920769
6.020000 1.714866
6.030000 1.677001
6.040000 1.532099
6.050000 1.295645
6.060000 1.115149
6.070000 1.072887
6.080000 1.271118
6.090000 1.256488
6.100000 1.085650
6.110000 1.145908
6.120000 1.061676
6.130000 0.653407
6.140000 0.556688
6.150000 0.227702
6.160000 0.296414
6.170000 0.746908
6.180000 0.423204
6.190000 0.714986
6.200000 0.803294
6.210000 0.605817
6.220000 1.082518
6.230000 1.547455
6.240000 1.825008
6.250000 1.881347
6.260000 1.172877
6.270000 0.462249
6.280000 0.161162
6.290000 0.557563
6.300000 0.740749
6.310000 0.848525
6.320000 0.872721
6.330000 0.965956
6.340000 0.898297
6.350000 0.949074
6.360000 1.043507
6.370000 1.178687
6.380000 0.970967
6.390000 0.774813
6.400000 0.966126
6.410000 1.088746
6.420000 0.914519
6.430000 0.340027
6.440000 0.495804
6.450000 0.883768
6.460000 1.290433
6.470000 1.717354
6.480000 2.076788
6.490000 2.289249
6.500000 2.426636
6.510000 2.543550
6.520000 2.648827
6.530000 2.688697
6.540000 2.479548
6.550000 2.051405
6.560000 1.435335
6.570000 0.972339
6.580000 2.082978
6.590000 3.199091
6.600000 3.621938
6.610000 3.117514
6.620000 2.271641
6.630000 1.780168
6.640000 1.724228
6.650000 2.075676
6.660000 2.050560
6.670000 1.051847
6.680000 0.369724
6.690000 1.268316
6.700000 1.521245
6.710000 1.538896
6.720000 1.456863
6.730000 1.161252
6.740000 0.755738
6.750000 0.678227
6.760000 0.827321
6.770000 0.634576
6.780000 0.666785
6.790000 0.614820
6.800000 0.274243
6.810000 0.895875
6.820000 1.165215
6.830000 0.813781
6.840000 0.471044
6.850000 0.548797
6.860000 0.648353
6.870000 0.904695
6.880000 0.483963
6.890000 0.438530
6.900000 1.065588
6.910000 0.875355
6.920000 1.290415
6.930000 1.048440
6.940000 0.473780
6.950000 0.357852
6.960000 0.635791
6.970000 0.707557
6.980000 0.556696
6.990000 0.386151
7.000000 0.630665
7.010000 0.820875
7.020000 0.762794
7.030000 0.718889
7.040000 0.820762
7.050000 0.790791
7.060000 0.623150
7.070000 0.488833
7.080000 0.609806
7.090000 0.776644
7.100000 0.810972
7.110000 0.320130
7.120000 0.290727
7.130000 0.672223
7.140000 0.984582
7.150000 1.178195
7.160000 1.251357
7.170000 1.302825
7.180000 1.374934
7.190000 1.435144
7.200000 1.542767
7.210000 1.741623
7.220000 1.963657
7.230000 2.096555
7.240000 1.988152
7.250000 1.602613
7.260000 1.016129
7.270000 0.361379
7.280000 0.937870
7.290000 1.833727
7.300000 2.282639
7.310000 2.553478
7.320000 2.636892
7.330000 2.311129
7.340000 2.156597
7.350000 2.157165
7.360000 1.397687
7.370000 0.927637
7.380000 0.726255
7.390000 0.638407
7.400000 0.536628
7.410000 0.192233
7.420000 0.562148
7.430000 0.731058
7.440000 0.739400
7.450000 0.937037
7.460000 0.798611
7.470000 0.719321
7.480000 0.661862
7.490000 0.398757
7.500000 0.448432
7.510000 0.922539
7.520000 0.329637
7.530000 1.147187
7.540000 1.279192
7.550000 0.777112
7.560000 0.382912
7.570000 0.654917
7.580000 0.619178
7.590000 0.844104
7.600000 0.897726
7.610000 0.169070
7.620000 0.727122
7.630000 0.814675
7.640000 0.693852
7.650000 0.319016
7.660000 0.363089
7.670000 0.724509
7.680000 0.862668
7.690000 0.684315
7.700000 0.494688
7.710000 0.571448
7.720000 0.636230
7.730000 0.652214
7.740000 0.579703
7.750000 0.654977
7.760000 0.627388
7.770000 0.485093
7.780000 0.235694
7.790000 0.228806
7.800000 0.277950
7.810000 0.441071
7.820000 0.445300
7.830000 0.450977
7.840000 0.319097
7.850000 0.336139
7.860000 0.479906
7.870000 0.624006
7.880000 0.754836
7.890000 0.831539
7.900000 0.837313
7.910000 0.791052
7.920000 0.713191
7.930000 0.621693
7.940000 0.550058
7.950000 0.534429
7.960000 0.629412
7.970000 0.861935
7.980000 1.139218
7.990000 1.341778
8.000000 1.474852
8.010000 1.609108
8.020000 1.772475
8.030000 2.100217
8.040000 2.327356
8.050000 1.643320
8.060000 1.208706
8.070000 2.855701
8.080000 3.563221
8.090000 3.413856
8.100000 2.565898
8.110000 1.217162
8.120000 2.036419
8.130000 1.835177
8.140000 1.605143
8.150000 1.437193
8.160000 0.910147
8.170000 0.649117
8.180000 0.434128
8.190000 0.153440
8.200000 0.591036
8.210000 0.779269
8.220000 0.573930
8.230000 0.379529
8.240000 0.667097
8.250000 1.342221
8.260000 0.531532
8.270000 0.437627
8.280000 0.121862
8.290000 0.459141
8.300000 0.653083
8.310000 0.540165
8.320000 0.400035
8.330000 0.291788
8.340000 1.489087
8.350000 0.566973
8.360000 1.168767
8.370000 1.237476
8.380000 0.648905
8.390000 0.314478
8.400000 0.359906
8.410000 0.330762
8.420000 0.683231
8.430000 0.626329
8.440000 0.459406
8.450000 0.231528
8.460000 0.295059
8.470000 0.478372
8.480000 0.418368
8.490000 0.491295
8.500000 0.535596
8.510000 0.603307
8.520000 0.301585
8.530000 0.236893
8.540000 0.380009
8.550000 0.442606
8.560000 0.599341
8.570000 0.486506
8.580000 0.249181
8.590000 0.359475
8.600000 0.728293
8.610000 1.079582
8.620000 1.326674
8.630000 1.402169
8.640000 1.384974
8.650000 1.326175
8.660000 1.234367
8.670000 1.116024
8.680000 0.973850
8.690000 0.807867
8.700000 0.623816
8.710000 0.444109
8.720000 0.327028
8.730000 0.346352
8.740000 0.451296
8.750000 0.557920
8.760000 0.654880
8.770000 0.794883
8.780000 1.054874
8.790000 1.462035
8.800000 1.970919
8.810000 2.462673
8.820000 2.748256
8.830000 2.679368
8.840000 2.309878
8.850000 1.750682
8.860000 0.809248
8.870000 0.368918
8.880000 0.596177
8.890000 0.751354
8.900000 0.558122
8.910000 0.360658
8.920000 0.963156
8.930000 1.510710
8.940000 2.117536
8.950000 2.228552
8.960000 2.055929
8.970000 1.527566
8.980000 1.427705
8.990000 1.298648
9.000000 1.005411
9.010000 0.624304
9.020000 0.321289
9.030000 1.065105
9.040000 1.712618
9.050000 2.208793
9.060000 2.321052
9.070000 2.096000
9.080000 1.470341
9.090000 0.524671
9.100000 0.177982
9.110000 0.213056
9.120000 0.862503
9.130000 1.163434
9.140000 0.452752
9.150000 1.616781
9.160000 0.686167
9.170000 1.738508
9.180000 1.501526
9.190000 0.975481
9.200000 0.669211
9.210000 0.504701
9.220000 0.242876
9.230000 1.441882
9.240000 1.470909
9.250000 0.769750
9.260000 0.682524
9.270000 0.950953
9.280000 1.058846
9.290000 0.979415
9.300000 0.871022
9.310000 0.711006
9.320000 0.749785
9.330000 1.020366
9.340000 0.857465
9.350000 0.437720
9.360000 0.411975
9.370000 0.408792
9.380000 0.325870
9.390000 0.279288
9.400000 0.429762
9.410000 0.634606
9.420000 0.899563
9.430000 1.230984
9.440000 1.611007
9.450000 1.909575
9.460000 2.072553
9.470000 2.112729
9.480000 1.993621
9.490000 1.681433
9.500000 1.242323
9.510000 0.894948
9.520000 0.794637
9.530000 0.730418
9.540000 0.634175
9.550000 0.627031
9.560000 0.870040
9.570000 1.322553
9.580000 1.764298
9.590000 1.906723
9.600000 1.059530
9.610000 1.303916
9.620000 2.305382
9.630000 2.387388
9.640000 2.047201
9.650000 1.355446
9.660000 0.770310
9.670000 0.623853
9.680000 1.388629
9.690000 1.669445
9.700000 1.524591
9.710000 1.522016
9.720000 1.246017
9.730000 0.603504
9.740000 0.430204
9.750000 0.466767
9.760000 0.386430
9.770000 0.637974
9.780000 0.708727
9.790000 0.324981
9.800000 0.305562
9.810000 0.110863
9.820000 0.757769
9.830000 0.810617
9.840000 0.619785
9.850000 1.250794
9.860000 0.781225
9.870000 0.203475
9.880000 0.833319
9.890000 0.444222
9.900000 1.215101
9.910000 1.036386
9.920000 0.409038
9.930000 0.359410
9.940000 0.636596
9.950000 0.388721
9.960000 0.270120
9.970000 0.607716
9.980000 0.839195
9.990000 0.691510
10.000000 0.741354
10.010000 0.430015
10.020000 0.449731
10.030000 0.572701
10.040000 0.505385
10.050000 0.525090
10.060000 0.691200
10.070000 0.597226
10.080000 0.406636
10.090000 0.132638
10.100000 0.295768
10.110000 0.439296
10.120000 0.717071
10.130000 0.709551
10.140000 0.382082
10.150000 0.209785
10.160000 0.574089
10.170000 0.865523
10.180000 1.007038
10.190000 1.020291
10.200000 0.976162
10.210000 0.938520
10.220000 0.928006
10.230000 0.931480
10.240000 0.930514
10.250000 0.916073
10.260000 0.888280
10.270000 0.852539
10.280000 0.817734
10.290000 0.795616
10.300000 0.800132
10.310000 0.845591
10.320000 0.945701
10.330000 1.116182
10.340000 1.374850
10.350000 1.729217
10.360000 2.148637
10.370000 2.505178
10.380000 2.666585
10.390000 2.747998
10.400000 2.934242
10.410000 3.292770
10.420000 3.763703
10.430000 3.637035
10.440000 2.084333
10.450000 1.073094
10.460000 3.417780
10.470000 4.396361
10.480000 2.344793
10.490000 1.174334
10.500000 2.379158
10.510000 2.568117
10.520000 2.558794
10.530000 2.221214
10.540000 1.780952
10.550000 1.439619
10.560000 1.115449
10.570000 0.545959
10.580000 0.342567
10.590000 0.334365
10.600000 0.180419
10.610000 0.130934
10.620000 0.466459
10.630000 0.446518
10.640000 0.491409
10.650000 0.548705
10.660000 1.189643
10.670000 0.978974
10.680000 0.916048
10.690000 0.973647
10.700000 1.034122
10.710000 0.468730
10.720000 0.405164
10.730000 1.299096
10.740000 2.421750
10.750000 1.463691
10.760000 0.838664
10.770000 0.374416
10.780000 0.593450
10.790000 0.523492
10.800000 0.623413
10.810000 0.480241
10.820000 0.298136
10.830000 0.961806
10.840000 1.110643
10.850000 1.122068
10.860000 0.599732
10.870000 0.951143
10.880000 0.923072
10.890000 0.994698
10.900000 0.411773
10.910000 0.170205
10.920000 0.442007
10.930000 1.124252
10.940000 1.682129
10.950000 1.872300
10.960000 1.833927
10.970000 1.421834
10.980000 1.266257
10.990000 0.939234
11.000000 0.665126
11.010000 0.565934
11.020000 0.689131
11.030000 0.873316
11.040000 1.086259
11.050000 1.286969
11.060000 1.386282
11.070000 1.276820
11.080000 0.907954
11.090000 0.633205
11.100000 1.242048
11.110000 1.962484
11.120000 2.425230
11.130000 2.825837
11.140000 3.173324
11.150000 2.759453
11.160000 1.790049
11.170000 0.585970
11.180000 0.521582
11.190000 1.405509
11.200000 1.806947
11.210000 1.722619
11.220000 1.815882
11.230000 2.145279
11.240000 2.306377
11.250000 2.256944
11.260000 1.709338
11.270000 1.148884
11.280000 0.557492
11.290000 0.303914
11.300000 0.315494
11.310000 0.446767
11.320000 0.655625
11.330000 0.843063
11.340000 0.875883
11.350000 0.441316
11.360000 0.281544
11.370000 0.482674
11.380000 0.680031
11.390000 0.697538
11.400000 0.617952
11.410000 1.609111
11.420000 1.519391
11.430000 1.000296
11.440000 0.720284
11.450000 1.443970
11.460000 1.270497
11.470000 0.994082
11.480000 1.145584
11.490000 1.366692
11.500000 1.290556
11.510000 1.611244
11.520000 1.843447
11.530000 1.673790
11.540000 1.220744
11.550000 0.860362
11.560000 0.636951
11.570000 0.567721
11.580000 0.512966
11.590000 0.543649
11.600000 0.655597
11.610000 0.537267
11.620000 0.755195
11.630000 0.811077
11.640000 0.527309
11.650000 0.658333
11.660000 0.891690
11.670000 1.041537
11.680000 1.164090
11.690000 1.298078
11.700000 1.235428
11.710000 1.082910
11.720000 0.979089
11.730000 0.939266
11.740000 0.917497
11.750000 0.871010
11.760000 0.797700
11.770000 0.704615
11.780000 0.607148
11.790000 0.585253
11.800000 0.734980
11.810000 1.009030
11.820000 1.256652
11.830000 1.314018
11.840000 1.217474
11.850000 1.223495
11.860000 1.367312
11.870000 1.784807
11.880000 2.323989
11.890000 2.077187
11.900000 1.481404
11.910000 1.148489
11.920000 0.976233
11.930000 0.961060
11.940000 0.893852
11.950000 0.468051
11.960000 1.168018
11.970000 1.520011
11.980000 1.529125
11.990000 1.241117
12.000000 0.761257
12.010000 0.544468
12.020000 0.942859
12.030000 0.753562
12.040000 0.576270
12.050000 0.434398
12.060000 0.361097
12.070000 0.454124
12.080000 0.753929
12.090000 1.032681
12.100000 1.291871
12.110000 1.271112
12.120000 1.060905
12.130000 0.545271
12.140000 1.001138
12.150000 1.121130
12.160000 1.352931
12.170000 1.240131
12.180000 1.820771
12.190000 1.558641
12.200000 1.628317
12.210000 1.071755
12.220000 0.543842
12.230000 0.400620
12.240000 0.374466
12.250000 0.431902
12.260000 0.268947
12.270000 0.647931
12.280000 0.912637
12.290000 0.586840
12.300000 0.687163
12.310000 0.685306
12.320000 0.845056
12.330000 0.724979
12.340000 0.255403
12.350000 0.805260
12.360000 0.738230
12.370000 0.972622
12.380000 1.144309
12.390000 1.019933
12.400000 0.639544
12.410000 0.388744
12.420000 1.100385
12.430000 1.662755
12.440000 1.795262
12.450000 1.630660
12.460000 1.380892
12.470000 1.116062
12.480000 0.873246
12.490000 0.702075
12.500000 0.636740
12.510000 0.668373
12.520000 0.746585
12.530000 0.820466
12.540000 0.862173
12.550000 0.862476
12.560000 0.822517
12.570000 0.749885
12.580000 0.656831
12.590000 0.561178
12.600000 0.488626
12.610000 0.470021
12.620000 0.521194
12.630000 0.628792
12.640000 0.770047
12.650000 0.928545
12.660000 1.093637
12.670000 1.256817
12.680000 1.409595
12.690000 1.542873
12.700000 1.648028
12.710000 1.718207
12.720000 1.750228
12.730000 1.746286
12.740000 1.714320
12.750000 1.665964
12.760000 1.616169
12.770000 1.599334
12.780000 1.692130
12.790000 1.946416
12.800000 2.253875
12.810000 2.405415
12.820000 2.372679
12.830000 2.513374
12.840000 3.109941
12.850000 3.491339
12.860000 2.573324
12.870000 0.720295
12.880000 2.141100
12.890000 1.536472
12.900000 1.238391
12.910000 1.904153
12.920000 2.182169
12.930000 3.256843
12.940000 4.534845
12.950000 5.300752
12.960000 5.229959
12.970000 4.066564
12.980000 2.239943
12.990000 0.871548
13.000000 1.258306
13.010000 2.127497
13.020000 2.513988
13.030000 2.799440
13.040000 3.195291
13.050000 3.244730
13.060000 3.025756
13.070000 2.693800
13.080000 2.003385
13.090000 1.097489
13.100000 0.523516
13.110000 0.611730
13.120000 1.351392
13.130000 2.175102
13.140000 2.263194
13.150000 1.427073
13.160000 2.174362
13.170000 0.799575
13.180000 0.881916
13.190000 0.358797
13.200000 1.727338
13.210000 0.730842
13.220000 0.683227
13.230000 1.210128
13.240000 0.421075
13.250000 0.595348
13.260000 1.237435
13.270000 2.013963
13.280000 2.505329
13.290000 2.657420
13.300000 2.332941
13.310000 1.611526
13.320000 1.399068
13.330000 1.250947
13.340000 1.168664
13.350000 0.980274
13.360000 1.287586
13.370000 1.798942
13.380000 2.563304
13.390000 3.090195
13.400000 3.379260
13.410000 3.157450
13.420000 2.017496
13.430000 0.813065
13.440000 1.366867
13.450000 2.067253
13.460000 2.387127
13.470000 2.242479
13.480000 1.628629
13.490000 1.386391
13.500000 2.385835
13.510000 3.609167
13.520000 4.607861
13.530000 5.347457
13.540000 5.781389
13.550000 5.520591
13.560000 4.455060
13.570000 2.846782
13.580000 2.519851
13.590000 3.612393
13.600000 4.695569
13.610000 5.440138
13.620000 5.588027
13.630000 5.185792
13.640000 4.380461
13.650000 3.845469
13.660000 3.640407
13.670000 3.019388
13.680000 2.079036
13.690000 1.524754
13.700000 0.998374
13.710000 0.577213
13.720000 0.733683
13.730000 1.072687
13.740000 1.291346
13.750000 0.911132
13.760000 0.472658
13.770000 1.488638
13.780000 2.083860
13.790000 1.522712
13.800000 0.970466
13.810000 0.959904
13.820000 0.307753
13.830000 1.027290
13.840000 1.440252
13.850000 1.207172
13.860000 0.804559
13.870000 0.795144
13.880000 0.663792
13.890000 0.636596
13.900000 0.953001
13.910000 1.271828
13.920000 1.712640
13.930000 2.136609
13.940000 2.326217
13.950000 2.073851
13.960000 1.359284
13.970000 0.766833
13.980000 0.494583
13.990000 0.993705
14.000000 1.241873
14.010000 1.110447
14.020000 0.968987
14.030000 0.970323
14.040000 1.109848
14.050000 1.342250
14.060000 1.517662
14.070000 1.776876
14.080000 2.096738
14.090000 2.390387
14.100000 2.571081
14.110000 2.688058
14.120000 2.691586
14.130000 2.467312
14.140000 2.023599
14.150000 1.488248
14.160000 1.363371
14.170000 1.926214
14.180000 2.452710
14.190000 2.963767
14.200000 3.594379
14.210000 4.006891
14.220000 3.926966
14.230000 3.159166
14.240000 2.065151
14.250000 1.419382
14.260000 1.684015
14.270000 1.907826
14.280000 1.741532
14.290000 1.182115
14.300000 0.611051
14.310000 0.397157
14.320000 0.235800
14.330000 0.273789
14.340000 0.650093
14.350000 0.706650
14.360000 0.698352
14.370000 0.613381
14.380000 0.594006
14.390000 0.804072
14.400000 1.665199
14.410000 2.099284
14.420000 1.467293
14.430000 0.437116
14.440000 1.399863
14.450000 1.709255
14.460000 1.319119
14.470000 1.296645
14.480000 0.681202
14.490000 0.911188
14.500000 1.613532
14.510000 1.540930
14.520000 1.308173
14.530000 1.208101
14.540000 1.031619
14.550000 0.992945
14.560000 1.098475
14.570000 1.345965
14.580000 1.965303
14.590000 2.397070
14.600000 2.352456
14.610000 1.736791
14.620000 1.175230
14.630000 0.573833
14.640000 0.691088
14.650000 0.885751
14.660000 0.841170
14.670000 0.828951
14.680000 0.788628
14.690000 0.885000
14.700000 1.041794
14.710000 1.234010
14.720000 1.368487
14.730000 1.574625
14.740000 1.806240
14.750000 1.980614
14.760000 2.077798
14.770000 2.216705
14.780000 2.376735
14.790000 2.444895
14.800000 2.310843
14.810000 1.895024
14.820000 1.254237
14.830000 0.878468
14.840000 1.398794
14.850000 1.831668
14.860000 2.205951
14.870000 2.814732
14.880000 3.241843
14.890000 3.237339
14.900000 2.442678
14.910000 1.475051
14.920000 1.347033
14.930000 1.569308
14.940000 1.350048
14.950000 0.783053
14.960000 0.439963
14.970000 0.621971
14.980000 0.916953
14.990000 0.806371
15.000000 0.769604
15.010000 0.870965
15.020000 1.067554
15.030000 1.072781
15.040000 1.088533
15.050000 0.850419
15.060000 0.588906
15.070000 0.614784
15.080000 1.047831
15.090000 1.610887
15.100000 1.252242
15.110000 0.400470
15.120000 1.490088
15.130000 1.611134
15.140000 1.169740
15.150000 1.140552
15.160000 0.768538
15.170000 1.599378
15.180000 1.630811
15.190000 1.415829
15.200000 1.364598
15.210000 1.354555
15.220000 1.375423
15.230000 1.304562
15.240000 1.530711
15.250000 2.000699
15.260000 2.308789
15.270000 2.016705
15.280000 1.478129
15.290000 1.054299
15.300000 0.549004
15.310000 0.360832
15.320000 0.158998
15.330000 0.298340
15.340000 0.673596
15.350000 0.668518
15.360000 0.705812
15.370000 0.884928
15.380000 1.163199
15.390000 1.392780
15.400000 1.627088
15.410000 1.873671
15.420000 2.030523
15.430000 2.032648
15.440000 1.981739
15.450000 1.962719
15.460000 1.962999
15.470000 1.957957
15.480000 1.923455
15.490000 1.780157
15.500000 1.413174
15.510000 0.774643
15.520000 0.520368
15.530000 1.366517
15.540000 2.033072
15.550000 2.422293
15.560000 2.754391
15.570000 2.621414
15.580000 2.211507
15.590000 1.727034
15.600000 1.293552
15.610000 1.610014
15.620000 1.463788
15.630000 0.604602
15.640000 0.557528
15.650000 1.178518
15.660000 1.412700
15.670000 1.058211
15.680000 0.578284
15.690000 0.380238
15.700000 0.417681
15.710000 0.673076
15.720000 0.859070
15.730000 0.964927
15.740000 0.995261
15.750000 0.902670
15.760000 0.584993
15.770000 0.549169
15.780000 0.466328
15.790000 0.653232
15.800000 0.912452
15.810000 0.223391
15.820000 1.124128
15.830000 1.636333
15.840000 0.872324
15.850000 1.045254
15.860000 0.997986
15.870000 1.606448
15.880000 1.146007
15.890000 1.156593
15.900000 1.353352
15.910000 1.541565
15.920000 1.394640
15.930000 1.895183
15.940000 1.860739
15.950000 1.654419
15.960000 1.149262
15.970000 0.786583
15.980000 0.617183
15.990000 0.530070
16.000000 0.489539
16.010000 0.615332
16.020000 0.637061
16.030000 0.642357
16.040000 0.924414
16.050000 0.707467
16.060000 0.587053
16.070000 0.791820
16.080000 1.031451
16.090000 1.179408
16.100000 1.326671
16.110000 1.374212
16.120000 1.247782
16.130000 1.105536
16.140000 1.027156
16.150000 1.003009
16.160000 0.972068
16.170000 0.906270
16.180000 0.814613
16.190000 0.722786
16.200000 0.699966
16.210000 0.813097
16.220000 1.020277
16.230000 1.196503
16.240000 1.193442
16.250000 1.104880
16.260000 1.247692
16.270000 1.531280
16.280000 1.997276
16.290000 2.470756
16.300000 2.104011
16.310000 1.514075
16.320000 1.210615
16.330000 0.990226
16.340000 1.050676
16.350000 0.892351
16.360000 0.446255
16.370000 1.188817
16.380000 1.564636
16.390000 1.521191
16.400000 1.250053
16.410000 0.859012
16.420000 0.661315
16.430000 0.988759
16.440000 0.749833
16.450000 0.659540
16.460000 0.571742
16.470000 0.346362
16.480000 0.308608
16.490000 0.681517
16.500000 1.030853
16.510000 1.245890
16.520000 1.110231
16.530000 0.827574
16.540000 0.484418
16.550000 1.316871
16.560000 0.773602
16.570000 1.608752
16.580000 0.902544
16.590000 1.893809
16.600000 1.501770
16.610000 1.484782
16.620000 0.922607
16.630000 0.566003
16.640000 0.439761
16.650000 0.434151
16.660000 0.525016
16.670000 0.570948
16.680000 0.602121
16.690000 0.827699
16.700000 0.834129
16.710000 0.705580
16.720000 0.633894
16.730000 0.712664
16.740000 0.538808
16.750000 0.388712
16.760000 0.840317
16.770000 0.696481
16.780000 0.994159
16.790000 1.013153
16.800000 0.866126
16.810000 0.540027
16.820000 0.559342
16.830000 1.222483
16.840000 1.687815
16.850000 1.813109
16.860000 1.737477
16.870000 1.610868
16.880000 1.454125
16.890000 1.257811
16.900000 1.038060
16.910000 0.842786
16.920000 0.729256
16.930000 0.721861
16.940000 0.783160
16.950000 0.860161
16.960000 0.924610
16.970000 0.970942
16.980000 1.006666
16.990000 1.046212
17.000000 1.105956
17.010000 1.199737
17.020000 1.335263
17.030000 1.513830
17.040000 1.732499
17.050000 1.986598
17.060000 2.271663
17.070000 2.584098
17.080000 2.921483
17.090000 3.282506
17.100000 3.666171
17.110000 4.069751
17.120000 4.486844
17.130000 4.906622
17.140000 5.316814
17.150000 5.710222
17.160000 6.089298
17.170000 6.457432
17.180000 6.791223
17.190000 7.010141
17.200000 6.991308
17.210000 6.652938
17.220000 6.020710
17.230000 5.153533
17.240000 4.197567
17.250000 3.662070
17.260000 3.543056
17.270000 3.377452
17.280000 2.584090
17.290000 1.627033
17.300000 2.319048
17.310000 3.896584
17.320000 4.721109
17.330000 4.573578
17.340000 4.975780
17.350000 4.910186
17.360000 3.163028
17.370000 2.265499
17.380000 2.452330
17.390000 3.246539
17.400000 4.882540
17.410000 5.581284
17.420000 5.221896
17.430000 4.197845
17.440000 2.694842
17.450000 0.968728
17.460000 1.054749
17.470000 2.387546
17.480000 2.937215
17.490000 2.371736
17.500000 2.075234
17.510000 3.946326
17.520000 5.084558
17.530000 5.792238
17.540000 5.914303
17.550000 6.032766
17.560000 3.958707
17.570000 5.179787
17.580000 2.375643
17.590000 1.987397
17.600000 2.323693
17.610000 3.232560
17.620000 2.555223
17.630000 0.750703
17.640000 1.504484
17.650000 1.781483
17.660000 1.611519
17.670000 0.703668
17.680000 0.983391
17.690000 2.567529
17.700000 3.311046
17.710000 3.084804
17.720000 2.626757
17.730000 2.942960
17.740000 2.945911
17.750000 2.219209
17.760000 1.493445
17.770000 0.832782
17.780000 0.887325
17.790000 1.177152
17.800000 1.748527
17.810000 2.439295
17.820000 3.003644
17.830000 3.383961
17.840000 4.081052
17.850000 4.924649
17.860000 5.519902
17.870000 5.787422
17.880000 5.715782
17.890000 5.251815
17.900000 4.471330
17.910000 3.381176
17.920000 2.314802
17.930000 1.905447
17.940000 1.819385
17.950000 1.346266
17.960000 1.118804
17.970000 2.100435
17.980000 3.054248
17.990000 3.765536
18.000000 4.288213
18.010000 4.467247
18.020000 4.108383
18.030000 3.261354
18.040000 2.173370
18.050000 1.152476
18.060000 0.580755
18.070000 0.803231
18.080000 0.918760
18.090000 0.854655
18.100000 0.649849
18.110000 0.419729
18.120000 0.403192
18.130000 0.447277
18.140000 0.191261
18.150000 0.687827
18.160000 1.124530
18.170000 1.028062
18.180000 1.008976
18.190000 0.869505
18.200000 0.495901
18.210000 0.312651
18.220000 0.659186
18.230000 0.896748
18.240000 0.938653
18.250000 1.191367
18.260000 1.740808
18.270000 2.242757
18.280000 2.317795
18.290000 1.785137
18.300000 1.001444
18.310000 0.355444
18.320000 0.373064
18.330000 0.769650
18.340000 1.041063
18.350000 1.127457
18.360000 1.227997
18.370000 1.241537
18.380000 1.240928
18.390000 1.280145
18.400000 1.421196
18.410000 1.185868
18.420000 0.873547
18.430000 0.885714
18.440000 1.006076
18.450000 0.854424
18.460000 0.932096
18.470000 1.132057
18.480000 1.549461
18.490000 2.093227
18.500000 2.522614
18.510000 2.844367
18.520000 3.144321
18.530000 3.431515
18.540000 3.638778
18.550000 3.614967
18.560000 3.350916
18.570000 2.702772
18.580000 1.646814
18.590000 1.334987
18.600000 2.408543
18.610000 3.063518
18.620000 3.070267
18.630000 2.475301
18.640000 1.664973
18.650000 1.190292
18.660000 1.325536
18.670000 2.067278
18.680000 2.612544
18.690000 2.266716
18.700000 2.027717
18.710000 1.777707
18.720000 1.705791
18.730000 1.550640
18.740000 1.313152
18.750000 1.131382
18.760000 1.086762
18.770000 1.279494
18.780000 1.278191
18.790000 1.116392
18.800000 1.185527
18.810000 1.074570
18.820000 0.635127
18.830000 0.554710
18.840000 0.227062
18.850000 0.277256
18.860000 0.738385
18.870000 0.454707
18.880000 0.682575
18.890000 0.812280
18.900000 0.617513
18.910000 1.060242
18.920000 1.541092
18.930000 1.820805
18.940000 1.930733
18.950000 1.256519
18.960000 0.540343
18.970000 0.141325
18.980000 0.527197
18.990000 0.733245
19.000000 0.860793
19.010000 0.881119
19.020000 0.968879
19.030000 0.908261
19.040000 0.958044
19.050000 1.041806
19.060000 1.192254
19.070000 1.002552
19.080000 0.789504
19.090000 0.957376
19.100000 1.086102
19.110000 0.941989
19.120000 0.379537
19.130000 0.484296
19.140000 0.869516
19.150000 1.276605
19.160000 1.712306
19.170000 2.090055
19.180000 2.316495
19.190000 2.456821
19.200000 2.570535
19.210000 2.673296
19.220000 2.714560
19.230000 2.509418
19.240000 2.086541
19.250000 1.461566
19.260000 0.985823
19.270000 2.092149
19.280000 3.210339
19.290000 3.636101
19.300000 3.135804
19.310000 2.272899
19.320000 1.772329
19.330000 1.708495
19.340000 2.062564
19.350000 2.087328
19.360000 1.127476
19.370000 0.325150
19.380000 1.218523
19.390000 1.511592
19.400000 1.546100
19.410000 1.465678
19.420000 1.169314
19.430000 0.775026
19.440000 0.685393
19.450000 0.819600
19.460000 0.656237
19.470000 0.694189
19.480000 0.581726
19.490000 0.343267
19.500000 0.923737
19.510000 1.144934
19.520000 0.780558
19.530000 0.436482
19.540000 0.580887
19.550000 0.636099
19.560000 0.906762
19.570000 0.491945
19.580000 0.427339
19.590000 1.061319
19.600000 0.902059
19.610000 1.310295
19.620000 1.067804
19.630000 0.475421
19.640000 0.353339
19.650000 0.629032
19.660000 0.701942
19.670000 0.563084
19.680000 0.400258
19.690000 0.633136
19.700000 0.832359
19.710000 0.763113
19.720000 0.726213
19.730000 0.830593
19.740000 0.802817
19.750000 0.629685
19.760000 0.495312
19.770000 0.627439
19.780000 0.801463
19.790000 0.824739
19.800000 0.309930
19.810000 0.303778
19.820000 0.683482
19.830000 1.000420
19.840000 1.199648
19.850000 1.279582
19.860000 1.342049
19.870000 1.422999
19.880000 1.492352
19.890000 1.616208
19.900000 1.821645
19.910000 2.030893
19.920000 2.131922
19.930000 1.976967
19.940000 1.548232
19.950000 0.954520
19.960000 0.306192
19.970000 1.103558
19.980000 1.978964
19.990000 2.379974
