0.000000 0.259830
0.010000 0.244396
0.020000 0.233137
0.030000 0.226923
0.040000 0.225995
0.050000 0.230371
0.060000 0.238568
0.070000 0.242501
0.080000 0.253057
0.090000 0.269439
0.100000 0.290829
0.110000 0.315805
0.120000 0.350423
0.130000 0.389405
0.140000 0.429805
0.150000 0.467177
0.160000 0.502103
0.170000 0.497840
0.180000 0.490331
0.190000 0.486961
0.200000 0.525219
0.210000 0.564409
0.220000 0.602873
0.230000 0.615261
0.240000 0.628619
0.250000 0.643396
0.260000 0.659010
0.270000 0.675549
0.280000 0.693797
0.290000 0.712804
0.300000 0.732868
0.310000 0.753983
0.320000 0.776731
0.330000 0.799098
0.340000 0.806716
0.350000 0.803685
0.360000 0.803047
0.370000 0.804969
0.380000 0.809495
0.390000 0.816693
0.400000 0.823988
0.410000 0.841462
0.420000 0.864193
0.430000 0.876861
0.440000 0.891157
0.450000 0.924042
0.460000 0.980925
0.470000 1.040366
0.480000 1.102939
0.490000 1.168386
0.500000 1.236665
0.510000 1.308063
0.520000 1.378052
0.530000 1.447685
0.540000 1.520636
0.550000 1.596400
0.560000 1.675270
0.570000 1.753847
0.580000 1.819077
0.590000 1.887542
0.600000 1.952441
0.610000 2.020697
0.620000 2.097855
0.630000 2.178581
0.640000 2.262467
0.650000 2.349294
0.660000 2.438736
0.670000 2.531400
0.680000 2.594010
0.690000 2.629579
0.700000 2.664548
0.710000 2.701195
0.720000 2.739844
0.730000 2.779888
0.740000 2.822348
0.750000 2.862069
0.760000 2.892058
0.770000 2.928848
0.780000 3.003114
0.790000 3.080020
0.800000 3.159129
0.810000 3.237461
0.820000 3.317189
0.830000 3.377017
0.840000 3.436425
0.850000 3.497246
0.860000 3.559744
0.870000 3.624586
0.880000 3.683401
0.890000 3.725008
0.900000 3.750688
0.910000 3.757923
0.920000 3.744741
0.930000 3.732220
0.940000 3.726401
0.950000 3.718916
0.960000 3.702105
0.970000 3.684759
0.980000 3.667674
0.990000 3.650396
1.000000 3.624318
1.010000 3.594038
1.020000 3.557331
1.030000 3.512400
1.040000 3.467036
1.050000 3.420262
1.060000 3.362253
1.070000 3.386268
1.080000 3.429916
1.090000 3.474887
1.100000 3.527011
1.110000 3.575503
1.120000 3.623661
1.130000 3.671911
1.140000 3.718768
1.150000 3.766860
1.160000 3.815777
1.170000 3.865213
1.180000 3.913800
1.190000 3.888144
1.200000 3.707977
1.210000 3.469031
1.220000 3.228054
1.230000 3.100302
1.240000 2.978320
1.250000 2.823896
1.260000 2.668976
1.270000 2.495762
1.280000 2.340356
1.290000 2.138466
1.300000 1.996855
1.310000 1.843563
1.320000 1.684929
1.330000 1.543896
1.340000 1.387782
1.350000 1.200738
1.360000 1.008886
1.370000 0.831504
1.380000 0.663871
1.390000 0.586739
1.400000 0.535925
1.410000 0.475378
1.420000 0.398639
1.430000 0.378869
1.440000 0.371441
1.450000 0.359916
1.460000 0.346223
1.470000 0.344775
1.480000 0.324297
1.490000 0.301498
1.500000 0.244561
1.510000 0.200556
1.520000 0.132757
1.530000 0.138685
1.540000 0.156905
1.550000 0.143557
1.560000 0.108510
1.570000 0.092671
1.580000 0.090359
1.590000 0.090308
1.600000 0.110460
1.610000 0.178711
1.620000 0.338330
1.630000 0.567981
1.640000 0.744402
1.650000 0.926572
1.660000 1.067642
1.670000 1.201858
1.680000 1.252042
1.690000 1.330062
1.700000 1.461103
1.710000 1.563284
1.720000 1.615152
1.730000 1.628423
1.740000 1.631123
1.750000 1.498186
1.760000 1.382948
1.770000 1.226795
1.780000 1.122459
1.790000 1.059800
1.800000 1.032792
1.810000 0.996298
1.820000 0.904176
1.830000 0.868037
1.840000 0.829635
1.850000 0.785381
1.860000 0.732639
1.870000 0.692604
1.880000 0.656044
1.890000 0.523907
1.900000 0.457294
1.910000 0.567586
1.920000 0.699677
1.930000 0.790384
1.940000 0.765144
1.950000 0.708290
1.960000 0.580974
1.970000 0.453498
1.980000 0.371586
1.990000 0.302802
2.000000 0.282538
2.010000 0.263052
2.020000 0.254934
2.030000 0.249644
2.040000 0.229908
2.050000 0.237958
2.060000 0.284416
2.070000 0.370443
2.080000 0.430363
2.090000 0.461148
2.100000 0.421471
2.110000 0.384204
2.120000 0.283590
2.130000 0.232316
2.140000 0.253554
2.150000 0.282618
2.160000 0.263435
2.170000 0.229763
2.180000 0.208878
2.190000 0.198161
2.200000 0.273949
2.210000 0.381853
2.220000 0.490874
2.230000 0.671353
2.240000 0.802792
2.250000 0.551565
2.260000 0.389328
2.270000 0.297870
2.280000 0.320864
2.290000 0.361696
2.300000 0.452306
2.310000 0.561692
2.320000 0.705287
2.330000 0.867813
2.340000 1.074318
2.350000 1.374993
2.360000 1.758746
2.370000 2.046031
2.380000 2.049565
2.390000 2.044914
2.400000 2.021781
2.410000 1.944077
2.420000 2.015071
2.430000 1.994688
2.440000 1.961401
2.450000 1.941776
2.460000 1.883591
2.470000 1.878772
2.480000 1.821440
2.490000 1.817926
2.500000 1.814393
2.510000 1.741150
2.520000 1.638525
2.530000 1.658015
2.540000 1.644351
2.550000 1.578073
2.560000 1.520685
2.570000 1.551456
2.580000 1.567780
2.590000 1.625293
2.600000 1.713297
2.610000 1.810176
2.620000 1.883949
2.630000 1.978050
2.640000 2.006893
2.650000 2.012817
2.660000 1.943732
2.670000 1.976535
2.680000 1.996849
2.690000 1.988139
2.700000 1.963223
2.710000 1.957538
2.720000 1.914562
2.730000 1.876307
2.740000 1.830135
2.750000 1.769406
2.760000 1.714837
2.770000 1.859850
2.780000 2.082173
2.790000 2.268873
2.800000 2.420051
2.810000 2.593559
2.820000 2.834107
2.830000 3.062222
2.840000 3.149819
2.850000 3.183264
2.860000 3.200581
2.870000 3.212675
2.880000 3.259261
2.890000 3.301265
2.900000 3.350045
2.910000 3.397238
2.920000 3.432650
2.930000 3.477854
2.940000 3.535547
2.950000 3.635137
2.960000 3.652758
2.970000 3.623273
2.980000 3.573084
2.990000 3.448704
3.000000 3.304758
3.010000 3.143132
3.020000 2.976630
3.030000 2.795002
3.040000 2.565444
3.050000 2.339415
3.060000 2.149802
3.070000 1.963777
3.080000 1.777561
3.090000 1.610008
3.100000 1.463402
3.110000 1.321498
3.120000 1.219689
3.130000 1.142829
3.140000 1.068163
3.150000 1.035249
3.160000 1.028261
3.170000 1.001821
3.180000 0.923370
3.190000 0.864233
3.200000 0.801419
3.210000 0.731365
3.220000 0.664205
3.230000 0.631485
3.240000 0.603406
3.250000 0.560333
3.260000 0.513650
3.270000 0.485434
3.280000 0.477923
3.290000 0.471764
3.300000 0.469165
3.310000 0.479113
3.320000 0.490415
3.330000 0.502816
3.340000 0.499722
3.350000 0.483781
3.360000 0.468078
3.370000 0.452958
3.380000 0.450178
3.390000 0.452018
3.400000 0.450305
3.410000 0.445659
3.420000 0.445313
3.430000 0.448854
3.440000 0.456871
3.450000 0.469740
3.460000 0.490310
3.470000 0.529127
3.480000 0.560757
3.490000 0.585120
3.500000 0.599847
3.510000 0.628808
3.520000 0.657434
3.530000 0.685952
3.540000 0.713749
3.550000 0.741157
3.560000 0.768401
3.570000 0.795021
3.580000 0.816896
3.590000 0.832582
3.600000 0.847892
3.610000 0.850964
3.620000 0.856475
3.630000 0.866355
3.640000 0.874871
3.650000 0.883179
3.660000 0.891997
3.670000 0.905193
3.680000 0.917653
3.690000 0.929257
3.700000 0.930355
3.710000 0.922308
3.720000 0.914391
3.730000 0.905782
3.740000 0.897370
3.750000 0.890611
3.760000 0.912977
3.770000 0.938289
3.780000 0.964204
3.790000 0.991295
3.800000 1.027755
3.810000 1.051206
3.820000 1.077274
3.830000 1.105212
3.840000 1.163143
3.850000 1.230900
3.860000 1.294404
3.870000 1.339004
3.880000 1.385062
3.890000 1.429452
3.900000 1.466819
3.910000 1.510299
3.920000 1.556340
3.930000 1.592267
3.940000 1.612199
3.950000 1.625564
3.960000 1.635319
3.970000 1.669291
3.980000 1.721443
3.990000 1.774295
4.000000 1.828841
4.010000 1.888179
4.020000 1.969895
4.030000 2.054035
4.040000 2.144145
4.050000 2.153807
4.060000 2.156080
4.070000 2.166107
4.080000 2.168597
4.090000 2.180819
4.100000 2.205584
4.110000 2.212448
4.120000 2.216852
4.130000 2.223894
4.140000 2.233341
4.150000 2.220212
4.160000 2.208578
4.170000 2.137031
4.180000 2.010614
4.190000 1.853846
4.200000 1.680572
4.210000 1.507199
4.220000 1.344895
4.230000 1.184722
4.240000 1.049086
4.250000 0.924433
4.260000 0.795869
4.270000 0.674648
4.280000 0.577213
4.290000 0.488474
4.300000 0.439811
4.310000 0.410452
4.320000 0.398539
4.330000 0.426416
4.340000 0.467192
4.350000 0.494131
4.360000 0.509292
4.370000 0.551610
4.380000 0.629157
4.390000 0.825594
4.400000 1.020251
4.410000 1.241289
4.420000 1.462248
4.430000 1.611409
4.440000 1.792395
4.450000 1.944918
4.460000 2.064615
4.470000 2.116664
4.480000 2.140623
4.490000 2.154148
4.500000 2.172554
4.510000 2.182155
4.520000 2.186383
4.530000 2.221098
4.540000 2.275409
4.550000 2.332923
4.560000 2.396536
4.570000 2.484928
4.580000 2.551517
4.590000 2.596025
4.600000 2.617566
4.610000 2.659870
4.620000 2.712781
4.630000 2.747659
4.640000 2.737685
4.650000 2.749024
4.660000 2.808359
4.670000 2.817577
4.680000 2.787127
4.690000 2.693247
4.700000 2.719679
4.710000 2.707174
4.720000 2.543993
4.730000 2.281441
4.740000 2.099302
4.750000 2.033123
4.760000 1.811347
4.770000 1.614968
4.780000 1.534408
4.790000 1.499361
4.800000 1.496297
4.810000 1.522910
4.820000 1.548733
4.830000 1.597591
4.840000 1.586516
4.850000 1.394138
4.860000 1.211240
4.870000 1.114336
4.880000 1.050019
4.890000 0.926890
4.900000 0.807260
4.910000 0.761419
4.920000 0.405320
4.930000 0.247195
4.940000 0.102182
4.950000 0.111580
4.960000 0.173287
4.970000 0.256230
4.980000 0.385037
4.990000 0.535995
5.000000 0.606093
5.010000 0.640150
5.020000 0.647751
5.030000 0.669579
5.040000 0.685166
5.050000 0.560141
5.060000 0.319817
5.070000 0.142009
5.080000 0.128075
5.090000 0.222653
5.100000 0.364010
5.110000 0.477541
5.120000 0.714243
5.130000 0.982390
5.140000 1.114000
5.150000 1.256790
5.160000 1.388720
5.170000 1.360550
5.180000 1.307410
5.190000 1.257044
5.200000 1.241679
5.210000 1.201266
5.220000 1.159041
5.230000 1.130861
5.240000 1.102580
5.250000 1.067755
5.260000 1.029360
5.270000 0.965549
5.280000 0.951139
5.290000 0.911084
5.300000 0.887921
5.310000 0.962813
5.320000 0.989116
5.330000 0.906195
5.340000 0.859197
5.350000 0.968749
5.360000 1.052035
5.370000 1.036185
5.380000 0.958853
5.390000 0.881471
5.400000 0.834296
5.410000 0.731869
5.420000 0.675926
5.430000 0.626795
5.440000 0.559330
5.450000 0.507429
5.460000 0.487305
5.470000 0.501368
5.480000 0.531672
5.490000 0.584380
5.500000 0.636712
5.510000 0.692539
5.520000 0.751152
5.530000 0.812002
5.540000 0.895625
5.550000 1.010083
5.560000 1.116766
5.570000 1.231436
5.580000 1.153491
5.590000 1.015209
5.600000 0.878716
5.610000 0.765586
5.620000 0.712694
5.630000 0.683037
5.640000 0.649896
5.650000 0.616477
5.660000 0.578938
5.670000 0.538635
5.680000 0.460417
5.690000 0.413005
5.700000 0.364475
5.710000 0.421542
5.720000 0.592186
5.730000 0.709424
5.740000 0.753189
5.750000 0.816973
5.760000 0.880338
5.770000 0.938933
5.780000 0.990350
5.790000 1.042178
5.800000 1.133562
5.810000 1.280903
5.820000 1.449791
5.830000 1.547080
5.840000 1.489539
5.850000 1.465623
5.860000 1.441368
5.870000 1.402551
5.880000 1.358040
5.890000 1.301783
5.900000 1.255926
5.910000 1.190851
5.920000 1.168553
5.930000 1.209750
5.940000 1.304156
5.950000 1.330156
5.960000 1.251217
5.970000 1.097705
5.980000 0.959439
5.990000 0.839370
6.000000 0.725469
6.010000 0.584271
6.020000 0.466122
6.030000 0.389337
6.040000 0.370763
6.050000 0.391366
6.060000 0.435034
6.070000 0.492155
6.080000 0.569651
6.090000 0.668583
6.100000 0.776220
6.110000 0.867941
6.120000 0.968402
6.130000 1.113102
6.140000 1.222437
6.150000 1.331644
6.160000 1.388691
6.170000 1.412450
6.180000 1.437004
6.190000 1.445862
6.200000 1.450041
6.210000 1.462301
6.220000 1.420100
6.230000 1.377502
6.240000 1.339751
6.250000 1.354983
6.260000 1.377478
6.270000 1.388331
6.280000 1.376997
6.290000 1.369128
6.300000 1.384402
6.310000 1.410890
6.320000 1.437908
6.330000 1.448946
6.340000 1.446738
6.350000 1.450880
6.360000 1.449329
6.370000 1.447216
6.380000 1.444619
6.390000 1.456441
6.400000 1.485529
6.410000 1.513432
6.420000 1.540626
6.430000 1.566349
6.440000 1.591492
6.450000 1.615209
6.460000 1.633174
6.470000 1.621938
6.480000 1.556948
6.490000 1.480460
6.500000 1.415588
6.510000 1.359105
6.520000 1.304935
6.530000 1.251154
6.540000 1.197979
6.550000 1.145155
6.560000 1.094647
6.570000 1.055941
6.580000 1.017777
6.590000 0.979175
6.600000 0.938073
6.610000 0.894375
6.620000 0.850645
6.630000 0.807180
6.640000 0.764092
6.650000 0.721095
6.660000 0.678266
6.670000 0.634333
6.680000 0.589209
6.690000 0.544460
6.700000 0.500839
6.710000 0.457840
6.720000 0.415924
6.730000 0.375124
6.740000 0.336300
6.750000 0.299883
6.760000 0.266881
6.770000 0.238226
6.780000 0.215955
6.790000 0.201757
6.800000 0.198266
6.810000 0.203326
6.820000 0.210580
6.830000 0.217767
6.840000 0.225402
6.850000 0.233372
6.860000 0.241874
6.870000 0.250842
6.880000 0.260232
6.890000 0.270143
6.900000 0.280513
6.910000 0.288999
6.920000 0.298106
6.930000 0.310683
6.940000 0.327657
6.950000 0.346723
6.960000 0.367888
6.970000 0.388243
6.980000 0.406089
6.990000 0.424471
7.000000 0.438057
7.010000 0.446323
7.020000 0.460779
7.030000 0.479111
7.040000 0.501266
7.050000 0.525164
7.060000 0.552365
7.070000 0.581419
7.080000 0.612594
7.090000 0.645883
7.100000 0.662102
7.110000 0.679168
7.120000 0.696821
7.130000 0.715029
7.140000 0.733374
7.150000 0.760980
7.160000 0.798939
7.170000 0.843091
7.180000 0.897204
7.190000 0.958343
7.200000 1.044631
7.210000 1.120574
7.220000 1.201640
7.230000 1.269066
7.240000 1.321833
7.250000 1.377720
7.260000 1.434413
7.270000 1.484681
7.280000 1.534459
7.290000 1.602752
7.300000 1.604555
7.310000 1.555494
7.320000 1.490634
7.330000 1.416604
7.340000 1.259533
7.350000 1.089237
7.360000 0.915463
7.370000 0.742776
7.380000 0.574977
7.390000 0.421299
7.400000 0.295868
7.410000 0.331396
7.420000 0.505255
7.430000 0.664486
7.440000 0.832341
7.450000 1.005560
7.460000 1.197033
7.470000 1.362688
7.480000 1.539295
7.490000 1.721994
7.500000 1.884513
7.510000 2.044872
7.520000 2.198731
7.530000 2.278654
7.540000 2.328149
7.550000 2.380499
7.560000 2.447009
7.570000 2.448431
7.580000 2.402724
7.590000 2.349624
7.600000 2.283880
7.610000 2.227646
7.620000 2.169463
7.630000 2.085580
7.640000 1.994504
7.650000 1.922220
7.660000 1.846523
7.670000 1.768790
7.680000 1.735955
7.690000 1.717995
7.700000 1.714512
7.710000 1.718244
7.720000 1.751813
7.730000 1.723692
7.740000 1.645232
7.750000 1.559408
7.760000 1.451621
7.770000 1.286958
7.780000 1.124931
7.790000 1.074000
7.800000 1.053393
7.810000 1.021058
7.820000 1.203533
7.830000 1.395604
7.840000 1.553373
7.850000 1.735433
7.860000 1.878844
7.870000 1.936371
7.880000 2.042275
7.890000 2.095514
7.900000 2.020474
7.910000 1.890076
7.920000 1.829389
7.930000 1.757916
7.940000 1.695017
7.950000 1.627206
7.960000 1.367910
7.970000 1.085962
7.980000 0.750174
7.990000 0.475794
8.000000 0.283466
8.010000 0.301487
8.020000 0.386405
8.030000 0.442193
8.040000 0.384428
8.050000 0.371347
8.060000 0.404739
8.070000 0.454837
8.080000 0.470879
8.090000 0.439149
8.100000 0.344011
8.110000 0.263645
8.120000 0.262702
8.130000 0.267003
8.140000 0.272635
8.150000 0.299434
8.160000 0.323560
8.170000 0.312289
8.180000 0.269138
8.190000 0.259218
8.200000 0.255746
8.210000 0.264077
8.220000 0.285701
8.230000 0.369686
8.240000 0.519095
8.250000 0.668844
8.260000 0.678006
8.270000 0.596028
8.280000 0.554502
8.290000 0.547109
8.300000 0.453217
8.310000 0.403892
8.320000 0.370784
8.330000 0.342436
8.340000 0.339814
8.350000 0.294114
8.360000 0.299641
8.370000 0.380714
8.380000 0.579641
8.390000 0.750914
8.400000 0.811851
8.410000 0.827923
8.420000 0.883811
8.430000 0.906657
8.440000 0.579218
8.450000 0.431681
8.460000 0.398157
8.470000 0.395634
8.480000 0.332869
8.490000 0.307384
8.500000 0.522424
8.510000 0.797661
8.520000 0.871266
8.530000 0.965288
8.540000 1.016252
8.550000 1.010802
8.560000 0.987007
8.570000 0.989900
8.580000 1.010798
8.590000 1.240686
8.600000 1.493310
8.610000 1.728796
8.620000 1.900374
8.630000 1.969608
8.640000 1.828326
8.650000 1.644476
8.660000 1.277298
8.670000 0.932731
8.680000 0.638193
8.690000 0.471621
8.700000 0.392178
8.710000 0.364538
8.720000 0.333881
8.730000 0.324869
8.740000 0.287765
8.750000 0.223368
8.760000 0.220706
8.770000 0.274197
8.780000 0.244621
8.790000 0.262980
8.800000 0.316152
8.810000 0.329021
8.820000 0.288936
8.830000 0.224524
8.840000 0.195809
8.850000 0.222066
8.860000 0.263371
8.870000 0.276798
8.880000 0.310866
8.890000 0.298740
8.900000 0.297736
8.910000 0.335117
8.920000 0.302978
8.930000 0.271122
8.940000 0.275742
8.950000 0.282295
8.960000 0.289044
8.970000 0.375397
8.980000 0.497598
8.990000 0.636132
9.000000 0.764987
9.010000 0.838380
9.020000 0.853651
9.030000 0.859746
9.040000 0.866510
9.050000 0.873878
9.060000 0.865148
9.070000 0.889246
9.080000 0.975578
9.090000 1.061049
9.100000 1.159767
9.110000 1.300891
9.120000 1.467776
9.130000 1.636632
9.140000 1.785184
9.150000 1.903384
9.160000 2.041536
9.170000 2.257044
9.180000 2.435123
9.190000 2.513679
9.200000 2.597169
9.210000 2.668056
9.220000 2.746264
9.230000 2.833406
9.240000 2.909247
9.250000 2.949668
9.260000 2.965211
9.270000 2.982577
9.280000 3.000814
9.290000 3.004825
9.300000 3.006606
9.310000 2.997247
9.320000 2.937186
9.330000 2.886372
9.340000 2.839282
9.350000 2.792898
9.360000 2.754581
9.370000 2.734668
9.380000 2.710781
9.390000 2.719877
9.400000 2.735590
9.410000 2.759685
9.420000 2.804546
9.430000 2.834147
9.440000 2.876780
9.450000 2.917588
9.460000 2.921166
9.470000 2.907503
9.480000 2.891430
9.490000 2.924122
9.500000 2.949285
9.510000 2.975933
9.520000 2.999272
9.530000 3.025087
9.540000 3.048056
9.550000 3.069929
9.560000 3.078423
9.570000 3.085500
9.580000 3.091693
9.590000 3.099336
9.600000 3.106213
9.610000 3.103855
9.620000 3.095307
9.630000 3.086668
9.640000 3.080299
9.650000 3.075559
9.660000 3.070740
9.670000 3.064310
9.680000 3.070318
9.690000 3.091672
9.700000 3.109172
9.710000 3.123320
9.720000 3.124401
9.730000 3.130689
9.740000 3.139025
9.750000 3.147435
9.760000 3.164807
9.770000 3.178314
9.780000 3.186206
9.790000 3.193743
9.800000 3.194449
9.810000 3.191931
9.820000 3.189392
9.830000 3.182687
9.840000 3.212983
9.850000 3.260012
9.860000 3.306896
9.870000 3.347341
9.880000 3.371816
9.890000 3.396112
9.900000 3.416359
9.910000 3.420864
9.920000 3.426451
9.930000 3.431690
9.940000 3.434067
9.950000 3.445627
9.960000 3.448257
9.970000 3.445517
9.980000 3.438942
9.990000 3.433120
10.000000 3.430032
10.010000 3.414287
10.020000 3.392671
10.030000 3.372893
10.040000 3.351215
10.050000 3.328297
10.060000 3.302195
10.070000 3.269458
10.080000 3.235316
10.090000 3.211265
10.100000 3.187064
10.110000 3.166648
10.120000 3.153183
10.130000 3.137812
10.140000 3.122201
10.150000 3.124027
10.160000 3.144005
10.170000 3.166620
10.180000 3.189905
10.190000 3.214356
10.200000 3.240803
10.210000 3.267498
10.220000 3.297016
10.230000 3.304664
10.240000 3.299024
10.250000 3.290345
10.260000 3.268435
10.270000 3.266180
10.280000 3.285312
10.290000 3.307377
10.300000 3.341060
10.310000 3.349367
10.320000 3.330017
10.330000 3.285846
10.340000 3.238587
10.350000 3.194531
10.360000 3.143132
10.370000 3.082162
10.380000 3.004865
10.390000 2.926974
10.400000 2.847515
10.410000 2.762184
10.420000 2.687722
10.430000 2.651028
10.440000 2.618265
10.450000 2.598947
10.460000 2.569333
10.470000 2.520229
10.480000 2.500484
10.490000 2.506721
10.500000 2.505368
10.510000 2.499109
10.520000 2.468622
10.530000 2.385970
10.540000 2.303256
10.550000 2.205245
10.560000 2.097709
10.570000 1.986409
10.580000 1.882784
10.590000 1.785778
10.600000 1.662965
10.610000 1.495764
10.620000 1.323073
10.630000 1.153740
10.640000 0.982596
10.650000 0.806977
10.660000 0.635004
10.670000 0.470931
10.680000 0.328774
10.690000 0.272625
10.700000 0.419826
10.710000 0.592532
10.720000 0.780306
10.730000 0.936480
10.740000 0.945526
10.750000 0.834426
10.760000 0.734723
10.770000 0.623093
10.780000 0.517260
10.790000 0.426098
10.800000 0.357034
10.810000 0.375935
10.820000 0.397396
10.830000 0.449273
10.840000 0.508790
10.850000 0.576140
10.860000 0.576884
10.870000 0.579861
10.880000 0.608421
10.890000 0.675709
10.900000 0.756132
10.910000 0.843763
10.920000 0.786661
10.930000 0.692864
10.940000 0.550547
10.950000 0.426992
10.960000 0.379529
10.970000 0.422128
10.980000 0.425158
10.990000 0.391818
11.000000 0.373203
11.010000 0.349272
11.020000 0.365620
11.030000 0.401658
11.040000 0.429221
11.050000 0.469244
11.060000 0.511275
11.070000 0.556263
11.080000 0.530853
11.090000 0.577528
11.100000 0.658509
11.110000 0.707623
11.120000 0.713323
11.130000 0.684579
11.140000 0.672971
11.150000 0.667126
11.160000 0.664397
11.170000 0.663751
11.180000 0.676799
11.190000 0.676827
11.200000 0.733802
11.210000 0.849113
11.220000 0.888925
11.230000 0.928235
11.240000 0.926402
11.250000 0.905743
11.260000 0.920759
11.270000 0.928479
11.280000 0.975128
11.290000 1.038130
11.300000 1.024810
11.310000 0.982027
11.320000 1.004672
11.330000 1.372300
11.340000 1.628382
11.350000 1.672094
11.360000 1.748286
11.370000 1.860232
11.380000 1.917420
11.390000 1.955336
11.400000 1.945032
11.410000 2.015041
11.420000 1.979730
11.430000 1.889369
11.440000 1.617219
11.450000 1.406807
11.460000 1.246476
11.470000 1.162106
11.480000 1.103711
11.490000 1.029888
11.500000 1.112654
11.510000 1.153054
11.520000 1.204975
11.530000 1.350987
11.540000 1.501395
11.550000 1.592312
11.560000 1.648068
11.570000 1.648779
11.580000 1.650236
11.590000 1.730987
11.600000 1.819293
11.610000 1.837537
11.620000 1.858249
11.630000 1.912458
11.640000 1.991989
11.650000 2.081485
11.660000 2.172730
11.670000 2.442749
11.680000 2.642564
11.690000 2.755470
11.700000 2.733817
11.710000 2.654589
11.720000 2.630104
11.730000 2.586921
11.740000 2.457273
11.750000 2.211720
11.760000 1.977098
11.770000 1.668129
11.780000 1.524502
11.790000 1.603267
11.800000 1.722904
11.810000 1.789529
11.820000 1.874392
11.830000 1.962095
11.840000 2.029896
11.850000 1.896160
11.860000 1.666604
11.870000 1.495311
11.880000 1.341397
11.890000 1.137850
11.900000 0.934878
11.910000 0.726154
11.920000 0.512651
11.930000 0.337777
11.940000 0.251751
11.950000 0.269978
11.960000 0.299228
11.970000 0.292518
11.980000 0.312538
11.990000 0.345194
12.000000 0.386870
12.010000 0.411993
12.020000 0.411088
12.030000 0.408863
12.040000 0.384067
12.050000 0.361944
12.060000 0.367688
12.070000 0.424841
12.080000 0.535241
12.090000 0.686812
12.100000 0.833197
12.110000 0.883026
12.120000 0.928164
12.130000 0.997333
12.140000 0.981332
12.150000 0.966658
12.160000 0.952720
12.170000 0.958383
12.180000 0.929276
12.190000 0.892159
12.200000 0.855118
12.210000 0.819822
12.220000 0.772507
12.230000 0.723206
12.240000 0.671033
12.250000 0.625870
12.260000 0.581825
12.270000 0.538952
12.280000 0.512309
12.290000 0.526351
12.300000 0.540177
12.310000 0.556189
12.320000 0.602237
12.330000 0.655250
12.340000 0.698421
12.350000 0.728456
12.360000 0.742843
12.370000 0.728703
12.380000 0.714525
12.390000 0.719440
12.400000 0.739424
12.410000 0.752668
12.420000 0.766140
12.430000 0.800656
12.440000 0.845517
12.450000 0.921047
12.460000 1.007641
12.470000 1.093265
12.480000 1.177831
12.490000 1.250935
12.500000 1.322543
12.510000 1.428051
12.520000 1.488600
12.530000 1.548180
12.540000 1.611284
12.550000 1.676769
12.560000 1.740916
12.570000 1.803647
12.580000 1.866056
12.590000 1.926169
12.600000 1.943437
12.610000 1.957311
12.620000 1.964554
12.630000 1.971351
12.640000 1.977139
12.650000 1.982670
12.660000 1.996761
12.670000 2.028270
12.680000 2.059112
12.690000 2.089299
12.700000 2.118608
12.710000 2.147376
12.720000 2.175342
12.730000 2.202386
12.740000 2.228807
12.750000 2.254591
12.760000 2.279258
12.770000 2.310004
12.780000 2.345036
12.790000 2.378956
12.800000 2.411572
12.810000 2.442608
12.820000 2.471960
12.830000 2.499942
12.840000 2.524996
12.850000 2.548139
12.860000 2.569572
12.870000 2.589292
12.880000 2.595180
12.890000 2.582731
12.900000 2.570929
12.910000 2.558940
12.920000 2.524250
12.930000 2.490212
12.940000 2.456947
12.950000 2.424410
12.960000 2.392682
12.970000 2.361564
12.980000 2.331365
12.990000 2.301934
13.000000 2.273224
13.010000 2.245396
13.020000 2.218210
13.030000 2.194140
13.040000 2.179239
13.050000 2.165918
13.060000 2.154125
13.070000 2.143855
13.080000 2.135151
13.090000 2.127822
13.100000 2.122031
13.110000 2.117868
13.120000 2.115075
13.130000 2.139521
13.140000 2.168498
13.150000 2.196099
13.160000 2.225166
13.170000 2.255445
13.180000 2.287019
13.190000 2.320099
13.200000 2.334036
13.210000 2.338078
13.220000 2.341450
13.230000 2.344476
13.240000 2.356325
13.250000 2.371711
13.260000 2.382018
13.270000 2.391996
13.280000 2.398875
13.290000 2.406880
13.300000 2.414498
13.310000 2.421957
13.320000 2.430198
13.330000 2.438764
13.340000 2.446919
13.350000 2.431331
13.360000 2.390557
13.370000 2.348959
13.380000 2.309115
13.390000 2.279589
13.400000 2.249578
13.410000 2.218943
13.420000 2.180767
13.430000 2.141306
13.440000 2.098454
13.450000 2.026588
13.460000 1.953743
13.470000 1.880008
13.480000 1.807300
13.490000 1.748664
13.500000 1.685086
13.510000 1.620891
13.520000 1.555707
13.530000 1.489841
13.540000 1.407588
13.550000 1.316010
13.560000 1.225969
13.570000 1.142194
13.580000 1.059396
13.590000 0.960617
13.600000 0.875085
13.610000 0.783778
13.620000 0.711909
13.630000 0.652910
13.640000 0.633227
13.650000 0.617203
13.660000 0.598160
13.670000 0.579923
13.680000 0.562530
13.690000 0.546109
13.700000 0.532335
13.710000 0.517990
13.720000 0.502204
13.730000 0.491103
13.740000 0.482620
13.750000 0.466024
13.760000 0.463548
13.770000 0.511661
13.780000 0.590114
13.790000 0.689327
13.800000 0.788552
13.810000 0.919399
13.820000 0.987851
13.830000 1.005759
13.840000 1.048444
13.850000 1.110101
13.860000 1.132525
13.870000 1.105977
13.880000 1.050629
13.890000 0.969505
13.900000 0.891104
13.910000 0.863826
13.920000 0.848202
13.930000 0.855791
13.940000 0.839425
13.950000 0.812777
13.960000 0.769642
13.970000 0.678946
13.980000 0.603434
13.990000 0.598557
14.000000 0.583230
14.010000 0.568255
14.020000 0.558306
14.030000 0.560092
14.040000 0.540106
14.050000 0.474990
14.060000 0.383172
14.070000 0.349731
14.080000 0.340667
14.090000 0.318010
14.100000 0.245488
14.110000 0.168901
14.120000 0.124887
14.130000 0.148551
14.140000 0.233735
14.150000 0.317634
14.160000 0.391972
14.170000 0.336347
14.180000 0.263351
14.190000 0.205391
14.200000 0.199396
14.210000 0.172272
14.220000 0.175416
14.230000 0.367130
14.240000 0.559180
14.250000 0.681717
14.260000 0.721927
14.270000 0.721909
14.280000 0.794993
14.290000 0.879852
14.300000 0.821290
14.310000 0.764020
14.320000 0.583891
14.330000 0.422809
14.340000 0.380843
14.350000 0.334645
14.360000 0.251447
14.370000 0.210757
14.380000 0.242855
14.390000 0.224775
14.400000 0.318618
14.410000 0.473816
14.420000 0.589528
14.430000 0.770716
14.440000 0.976919
14.450000 1.131735
14.460000 0.978910
14.470000 0.700848
14.480000 0.572994
14.490000 0.459477
14.500000 0.382408
14.510000 0.380562
14.520000 0.253784
14.530000 0.121145
14.540000 0.098740
14.550000 0.183137
14.560000 0.307008
14.570000 0.389700
14.580000 0.518396
14.590000 0.670854
14.600000 0.816692
14.610000 0.784009
14.620000 0.636331
14.630000 0.509792
14.640000 0.426985
14.650000 0.412739
14.660000 0.379152
14.670000 0.290006
14.680000 0.438358
14.690000 0.489303
14.700000 0.364325
14.710000 0.209623
14.720000 0.138506
14.730000 0.363061
14.740000 0.362153
14.750000 0.210157
14.760000 0.034352
14.770000 0.054645
14.780000 0.056848
14.790000 0.096709
14.800000 0.111447
14.810000 0.079117
14.820000 0.112706
14.830000 0.188609
14.840000 0.334383
14.850000 0.645756
14.860000 0.790398
14.870000 0.842345
14.880000 0.846753
14.890000 0.871370
14.900000 0.993354
14.910000 0.950549
14.920000 0.915709
14.930000 0.899107
14.940000 0.915789
14.950000 0.930306
14.960000 0.983999
14.970000 0.820439
14.980000 0.650294
14.990000 0.487163
15.000000 0.309071
15.010000 0.228637
15.020000 0.211606
15.030000 0.287540
15.040000 0.387376
15.050000 0.285301
15.060000 0.165627
15.070000 0.157132
15.080000 0.168031
15.090000 0.180564
15.100000 0.250979
15.110000 0.390021
15.120000 0.553841
15.130000 0.711082
15.140000 0.878682
15.150000 1.034350
15.160000 1.107745
15.170000 1.120657
15.180000 1.223084
15.190000 1.295750
15.200000 1.362214
15.210000 1.515348
15.220000 1.673978
15.230000 1.721976
15.240000 1.800906
15.250000 1.902686
15.260000 2.007598
15.270000 2.094622
15.280000 2.182982
15.290000 2.260452
15.300000 2.285332
15.310000 2.281511
15.320000 2.250208
15.330000 2.198527
15.340000 2.148708
15.350000 2.080692
15.360000 1.945709
15.370000 1.845032
15.380000 1.722641
15.390000 1.605608
15.400000 1.458030
15.410000 1.347307
15.420000 1.262058
15.430000 1.162214
15.440000 1.036187
15.450000 0.915247
15.460000 0.776842
15.470000 0.620763
15.480000 0.500806
15.490000 0.429538
15.500000 0.400995
15.510000 0.402454
15.520000 0.413047
15.530000 0.424290
15.540000 0.446318
15.550000 0.458014
15.560000 0.465376
15.570000 0.513454
15.580000 0.572258
15.590000 0.625751
15.600000 0.670031
15.610000 0.698797
15.620000 0.673405
15.630000 0.620764
15.640000 0.569462
15.650000 0.528736
15.660000 0.498741
15.670000 0.463228
15.680000 0.443183
15.690000 0.376014
15.700000 0.310504
15.710000 0.274934
15.720000 0.272495
15.730000 0.246748
15.740000 0.213534
15.750000 0.172947
15.760000 0.117661
15.770000 0.117983
15.780000 0.166865
15.790000 0.210670
15.800000 0.248193
15.810000 0.287294
15.820000 0.332865
15.830000 0.383818
15.840000 0.419855
15.850000 0.454508
15.860000 0.509567
15.870000 0.569483
15.880000 0.630226
15.890000 0.691823
15.900000 0.732098
15.910000 0.750818
15.920000 0.725608
15.930000 0.687561
15.940000 0.650985
15.950000 0.618376
15.960000 0.590967
15.970000 0.574056
15.980000 0.582172
15.990000 0.591555
16.000000 0.603701
16.010000 0.618536
16.020000 0.608976
16.030000 0.594894
16.040000 0.584201
16.050000 0.562319
16.060000 0.549266
16.070000 0.541599
16.080000 0.536384
16.090000 0.519184
16.100000 0.474965
16.110000 0.422555
16.120000 0.372253
16.130000 0.327931
16.140000 0.291292
16.150000 0.292415
16.160000 0.292390
16.170000 0.272222
16.180000 0.260472
16.190000 0.257840
16.200000 0.262903
16.210000 0.273781
16.220000 0.288686
16.230000 0.302115
16.240000 0.299536
16.250000 0.297721
16.260000 0.313206
16.270000 0.335969
16.280000 0.357860
16.290000 0.378955
16.300000 0.399354
16.310000 0.419100
16.320000 0.438074
16.330000 0.456586
16.340000 0.474532
16.350000 0.492613
16.360000 0.525892
16.370000 0.558550
16.380000 0.590610
16.390000 0.622101
16.400000 0.650812
16.410000 0.676716
16.420000 0.702078
16.430000 0.726861
16.440000 0.751161
16.450000 0.774938
16.460000 0.798240
16.470000 0.811608
16.480000 0.819222
16.490000 0.827989
16.500000 0.838076
16.510000 0.848800
16.520000 0.860318
16.530000 0.871766
16.540000 0.883048
16.550000 0.894172
16.560000 0.905062
16.570000 0.899435
16.580000 0.896430
16.590000 0.895845
16.600000 0.898970
16.610000 0.901521
16.620000 0.914691
16.630000 0.935507
16.640000 0.963690
16.650000 0.995909
16.660000 1.023000
16.670000 1.049868
16.680000 1.057995
16.690000 1.063572
16.700000 1.056717
16.710000 1.040524
16.720000 1.042987
16.730000 1.046985
16.740000 1.050435
16.750000 1.028005
16.760000 1.001181
16.770000 0.972642
16.780000 0.934804
16.790000 0.956834
16.800000 1.024447
16.810000 1.085998
16.820000 1.150966
16.830000 1.215335
16.840000 1.266547
16.850000 1.260742
16.860000 1.224861
16.870000 1.191067
16.880000 1.181205
16.890000 1.171587
16.900000 1.174981
16.910000 1.155290
16.920000 1.146040
16.930000 1.150082
16.940000 1.116712
16.950000 1.142938
16.960000 1.197440
16.970000 1.257027
16.980000 1.291671
16.990000 1.301754
17.000000 1.303789
17.010000 1.295178
17.020000 1.299575
17.030000 1.308756
17.040000 1.308661
17.050000 1.342477
17.060000 1.417045
17.070000 1.492532
17.080000 1.554803
17.090000 1.573212
17.100000 1.688179
17.110000 1.732201
17.120000 1.749592
17.130000 1.690161
17.140000 1.627984
17.150000 1.587475
17.160000 1.561846
17.170000 1.517837
17.180000 1.475530
17.190000 1.559811
17.200000 1.666152
17.210000 1.749182
17.220000 1.768916
17.230000 1.756633
17.240000 1.705042
17.250000 1.627944
17.260000 1.460520
17.270000 1.236516
17.280000 1.011616
17.290000 0.826461
17.300000 0.704653
17.310000 0.651527
17.320000 0.687954
17.330000 0.742249
17.340000 0.767645
17.350000 0.759112
17.360000 0.726376
17.370000 0.730826
17.380000 0.746580
17.390000 0.752821
17.400000 0.749340
17.410000 0.733035
17.420000 0.717678
17.430000 0.678268
17.440000 0.719867
17.450000 0.833882
17.460000 0.869973
17.470000 0.862552
17.480000 0.813918
17.490000 0.742513
17.500000 0.709059
17.510000 0.695549
17.520000 0.701537
17.530000 0.710074
17.540000 0.727910
17.550000 0.734605
17.560000 0.726404
17.570000 0.692354
17.580000 0.644342
17.590000 0.648460
17.600000 0.630827
17.610000 0.585818
17.620000 0.511054
17.630000 0.531254
17.640000 0.607906
17.650000 0.570420
17.660000 0.529009
17.670000 0.611617
17.680000 0.616612
17.690000 0.651500
17.700000 0.761837
17.710000 0.735509
17.720000 0.688377
17.730000 0.646402
17.740000 0.639599
17.750000 0.646826
17.760000 0.681440
17.770000 0.727081
17.780000 0.720742
17.790000 0.745400
17.800000 0.816411
17.810000 0.886556
17.820000 0.976787
17.830000 1.078238
17.840000 1.094677
17.850000 1.062001
17.860000 1.023261
17.870000 0.866676
17.880000 0.774782
17.890000 0.854367
17.900000 0.924782
17.910000 0.886315
17.920000 0.742761
17.930000 0.652632
17.940000 0.671891
17.950000 0.828445
17.960000 0.795258
17.970000 0.603842
17.980000 0.486150
17.990000 0.524952
18.000000 0.555132
18.010000 0.515899
18.020000 0.474245
18.030000 0.406152
18.040000 0.356875
18.050000 0.523574
18.060000 0.727093
18.070000 0.910209
18.080000 1.009565
18.090000 1.070320
18.100000 1.196251
18.110000 1.189694
18.120000 1.131779
18.130000 1.027456
18.140000 0.889741
18.150000 0.750981
18.160000 0.675166
18.170000 0.660771
18.180000 0.616493
18.190000 0.494211
18.200000 0.503879
18.210000 0.503016
18.220000 0.445426
18.230000 0.385703
18.240000 0.317400
18.250000 0.307987
18.260000 0.438794
18.270000 0.671551
18.280000 0.986890
18.290000 1.223944
18.300000 1.456597
18.310000 1.678034
18.320000 1.837264
18.330000 1.893375
18.340000 1.908769
18.350000 1.917840
18.360000 1.892258
18.370000 1.863553
18.380000 1.770914
18.390000 1.628848
18.400000 1.489213
18.410000 1.352940
18.420000 1.240115
18.430000 1.173389
18.440000 1.112007
18.450000 1.038974
18.460000 0.927743
18.470000 0.817106
18.480000 0.715680
18.490000 0.671688
18.500000 0.631672
18.510000 0.598699
18.520000 0.567958
18.530000 0.542067
18.540000 0.514296
18.550000 0.474560
18.560000 0.436254
18.570000 0.412229
18.580000 0.404027
18.590000 0.396335
18.600000 0.388904
18.610000 0.381884
18.620000 0.375393
18.630000 0.369260
18.640000 0.363515
18.650000 0.358184
18.660000 0.353341
18.670000 0.348802
18.680000 0.344831
18.690000 0.338906
18.700000 0.328858
18.710000 0.319194
18.720000 0.297531
18.730000 0.268220
18.740000 0.249492
18.750000 0.239314
18.760000 0.238423
18.770000 0.246504
18.780000 0.262261
18.790000 0.284168
18.800000 0.316637
18.810000 0.363162
18.820000 0.403379
18.830000 0.450000
18.840000 0.504498
18.850000 0.550511
18.860000 0.601278
18.870000 0.655293
18.880000 0.718396
18.890000 0.792848
18.900000 0.866782
18.910000 0.935278
18.920000 0.996072
18.930000 1.056653
18.940000 1.113077
18.950000 1.162564
18.960000 1.211226
18.970000 1.259157
18.980000 1.291906
18.990000 1.322396
19.000000 1.352327
19.010000 1.381671
19.020000 1.418526
19.030000 1.455526
19.040000 1.473499
19.050000 1.483414
19.060000 1.497645
19.070000 1.517812
19.080000 1.537397
19.090000 1.556836
19.100000 1.589111
19.110000 1.621135
19.120000 1.643984
19.130000 1.666045
19.140000 1.687490
19.150000 1.711518
19.160000 1.735556
19.170000 1.754361
19.180000 1.763887
19.190000 1.772830
19.200000 1.788544
19.210000 1.807282
19.220000 1.825343
19.230000 1.843009
19.240000 1.860073
19.250000 1.876585
19.260000 1.892552
19.270000 1.909596
19.280000 1.925762
19.290000 1.941408
19.300000 1.956725
19.310000 1.972042
19.320000 1.979352
19.330000 1.984525
19.340000 1.985858
19.350000 1.987553
19.360000 1.989480
19.370000 1.991550
19.380000 1.993954
19.390000 1.996938
19.400000 1.999981
19.410000 2.003541
19.420000 2.006993
19.430000 2.010757
19.440000 2.014795
19.450000 2.019163
19.460000 2.023664
19.470000 2.028477
19.480000 2.033478
19.490000 2.038617
19.500000 2.045836
19.510000 2.054697
19.520000 2.063658
19.530000 2.069323
19.540000 2.068893
19.550000 2.067933
19.560000 2.063246
19.570000 2.025543
19.580000 1.987312
19.590000 1.948299
19.600000 1.908802
19.610000 1.868583
19.620000 1.827651
19.630000 1.786257
19.640000 1.744093
19.650000 1.704673
19.660000 1.664785
19.670000 1.624418
19.680000 1.582808
19.690000 1.534353
19.700000 1.485741
19.710000 1.436700
19.720000 1.387284
19.730000 1.340994
19.740000 1.305612
19.750000 1.269907
19.760000 1.242060
19.770000 1.214221
19.780000 1.186177
19.790000 1.158042
19.800000 1.138357
19.810000 1.142626
19.820000 1.146768
19.830000 1.150826
19.840000 1.125864
19.850000 1.075381
19.860000 1.024489
19.870000 0.974158
19.880000 0.926621
19.890000 0.883553
19.900000 0.849197
19.910000 0.814589
19.920000 0.779809
19.930000 0.744807
19.940000 0.719831
19.950000 0.699363
19.960000 0.673940
19.970000 0.641804
19.980000 0.616298
19.990000 0.608806
