0.000000 0.530732
0.010000 0.536276
0.020000 0.541305
0.030000 0.545846
0.040000 0.550000
0.050000 0.553747
0.060000 0.557077
0.070000 0.559873
0.080000 0.562354
0.090000 0.564348
0.100000 0.566010
0.110000 0.567172
0.120000 0.568063
0.130000 0.568420
0.140000 0.568505
0.150000 0.565034
0.160000 0.561392
0.170000 0.564925
0.180000 0.576087
0.190000 0.588112
0.200000 0.601265
0.210000 0.616307
0.220000 0.631486
0.230000 0.646797
0.240000 0.662210
0.250000 0.677881
0.260000 0.693654
0.270000 0.709530
0.280000 0.725623
0.290000 0.741743
0.300000 0.757980
0.310000 0.774245
0.320000 0.790731
0.330000 0.807401
0.340000 0.824062
0.350000 0.840975
0.360000 0.857961
0.370000 0.872924
0.380000 0.886505
0.390000 0.900135
0.400000 0.913745
0.410000 0.927292
0.420000 0.940773
0.430000 0.954249
0.440000 0.967691
0.450000 0.936496
0.460000 0.845616
0.470000 0.768824
0.480000 0.709406
0.490000 0.665206
0.500000 0.647230
0.510000 0.633670
0.520000 0.621305
0.530000 0.620613
0.540000 0.612082
0.550000 0.607640
0.560000 0.611480
0.570000 0.609040
0.580000 0.615724
0.590000 0.630430
0.600000 0.651659
0.610000 0.664755
0.620000 0.684942
0.630000 0.716659
0.640000 0.719819
0.650000 0.656874
0.660000 0.588388
0.670000 0.514215
0.680000 0.462732
0.690000 0.385055
0.700000 0.300933
0.710000 0.215252
0.720000 0.131953
0.730000 0.074654
0.740000 0.105754
0.750000 0.192152
0.760000 0.260646
0.770000 0.280327
0.780000 0.297298
0.790000 0.311307
0.800000 0.326052
0.810000 0.328161
0.820000 0.317699
0.830000 0.319911
0.840000 0.334726
0.850000 0.358266
0.860000 0.377121
0.870000 0.385529
0.880000 0.361802
0.890000 0.354206
0.900000 0.327800
0.910000 0.305709
0.920000 0.305334
0.930000 0.309394
0.940000 0.294233
0.950000 0.273637
0.960000 0.189874
0.970000 0.108008
0.980000 0.078341
0.990000 0.091551
1.000000 0.126749
1.010000 0.158366
1.020000 0.157046
1.030000 0.151623
1.040000 0.145590
1.050000 0.143081
1.060000 0.144560
1.070000 0.132876
1.080000 0.089320
1.090000 0.058173
1.100000 0.077510
1.110000 0.106839
1.120000 0.138633
1.130000 0.171593
1.140000 0.188890
1.150000 0.200783
1.160000 0.193866
1.170000 0.190167
1.180000 0.155648
1.190000 0.194764
1.200000 0.264273
1.210000 0.306157
1.220000 0.341533
1.230000 0.353085
1.240000 0.388340
1.250000 0.409643
1.260000 0.431705
1.270000 0.432362
1.280000 0.420024
1.290000 0.393329
1.300000 0.357484
1.310000 0.310602
1.320000 0.292497
1.330000 0.285121
1.340000 0.286984
1.350000 0.293032
1.360000 0.295377
1.370000 0.292642
1.380000 0.275880
1.390000 0.247822
1.400000 0.224039
1.410000 0.217038
1.420000 0.240788
1.430000 0.269136
1.440000 0.291825
1.450000 0.305753
1.460000 0.311101
1.470000 0.304716
1.480000 0.333926
1.490000 0.370960
1.500000 0.418563
1.510000 0.391011
1.520000 0.372557
1.530000 0.363262
1.540000 0.337406
1.550000 0.357396
1.560000 0.398415
1.570000 0.421053
1.580000 0.431020
1.590000 0.398345
1.600000 0.359154
1.610000 0.352390
1.620000 0.347668
1.630000 0.288314
1.640000 0.240106
1.650000 0.164919
1.660000 0.134049
1.670000 0.120650
1.680000 0.134261
1.690000 0.188060
1.700000 0.249845
1.710000 0.287327
1.720000 0.274279
1.730000 0.259104
1.740000 0.243924
1.750000 0.248189
1.760000 0.259296
1.770000 0.222327
1.780000 0.128205
1.790000 0.072439
1.800000 0.118487
1.810000 0.181559
1.820000 0.273591
1.830000 0.321268
1.840000 0.338776
1.850000 0.364889
1.860000 0.421627
1.870000 0.497384
1.880000 0.495353
1.890000 0.474654
1.900000 0.451105
1.910000 0.422843
1.920000 0.431255
1.930000 0.384669
1.940000 0.346174
1.950000 0.358600
1.960000 0.362899
1.970000 0.346439
1.980000 0.335871
1.990000 0.397138
2.000000 0.438618
2.010000 0.486975
2.020000 0.487217
2.030000 0.462870
2.040000 0.443533
2.050000 0.423259
2.060000 0.420509
2.070000 0.393676
2.080000 0.365674
2.090000 0.350128
2.100000 0.323502
2.110000 0.312387
2.120000 0.307884
2.130000 0.308239
2.140000 0.333519
2.150000 0.386016
2.160000 0.447258
2.170000 0.516299
2.180000 0.575557
2.190000 0.629489
2.200000 0.681481
2.210000 0.736531
2.220000 0.737323
2.230000 0.701880
2.240000 0.679864
2.250000 0.666476
2.260000 0.664863
2.270000 0.633510
2.280000 0.584669
2.290000 0.538798
2.300000 0.495443
2.310000 0.456711
2.320000 0.434108
2.330000 0.487641
2.340000 0.616002
2.350000 0.758886
2.360000 0.852807
2.370000 0.861826
2.380000 0.817087
2.390000 0.791562
2.400000 0.638479
2.410000 0.544692
2.420000 0.456213
2.430000 0.399212
2.440000 0.382962
2.450000 0.431101
2.460000 0.480186
2.470000 0.533230
2.480000 0.561349
2.490000 0.577406
2.500000 0.592182
2.510000 0.569628
2.520000 0.519638
2.530000 0.500921
2.540000 0.497529
2.550000 0.495261
2.560000 0.493332
2.570000 0.540983
2.580000 0.596578
2.590000 0.654355
2.600000 0.694706
2.610000 0.688533
2.620000 0.698807
2.630000 0.733774
2.640000 0.785582
2.650000 0.826743
2.660000 0.864805
2.670000 0.903604
2.680000 0.924573
2.690000 0.953304
2.700000 0.957590
2.710000 0.944062
2.720000 0.904229
2.730000 0.873687
2.740000 0.843163
2.750000 0.823085
2.760000 0.814049
2.770000 0.816929
2.780000 0.834788
2.790000 0.886655
2.800000 0.901873
2.810000 0.862679
2.820000 0.813221
2.830000 0.765427
2.840000 0.718554
2.850000 0.673631
2.860000 0.630638
2.870000 0.632124
2.880000 0.669305
2.890000 0.698505
2.900000 0.730944
2.910000 0.765209
2.920000 0.801492
2.930000 0.845802
2.940000 0.895297
2.950000 0.947944
2.960000 1.000815
2.970000 1.047470
2.980000 1.021474
2.990000 0.998797
3.000000 0.984197
3.010000 0.976770
3.020000 0.970411
3.030000 0.964944
3.040000 0.960559
3.050000 0.954713
3.060000 0.940592
3.070000 0.926856
3.080000 0.913978
3.090000 0.901838
3.100000 0.890183
3.110000 0.879334
3.120000 0.869033
3.130000 0.859350
3.140000 0.850352
3.150000 0.841812
3.160000 0.839109
3.170000 0.842798
3.180000 0.844715
3.190000 0.846963
3.200000 0.849600
3.210000 0.851992
3.220000 0.846342
3.230000 0.841237
3.240000 0.836510
3.250000 0.832253
3.260000 0.831745
3.270000 0.833967
3.280000 0.836615
3.290000 0.840015
3.300000 0.848888
3.310000 0.858242
3.320000 0.868170
3.330000 0.878652
3.340000 0.889553
3.350000 0.901007
3.360000 0.916504
3.370000 0.934673
3.380000 0.954294
3.390000 0.974800
3.400000 0.995835
3.410000 1.017042
3.420000 1.039280
3.430000 1.063060
3.440000 1.086902
3.450000 1.095790
3.460000 1.103167
3.470000 1.119086
3.480000 1.135481
3.490000 1.152194
3.500000 1.169354
3.510000 1.186919
3.520000 1.204746
3.530000 1.223137
3.540000 1.241868
3.550000 1.261020
3.560000 1.280610
3.570000 1.292008
3.580000 1.287586
3.590000 1.283076
3.600000 1.305974
3.610000 1.333966
3.620000 1.345155
3.630000 1.349508
3.640000 1.357867
3.650000 1.370970
3.660000 1.352966
3.670000 1.296247
3.680000 1.258382
3.690000 1.226340
3.700000 1.210504
3.710000 1.237009
3.720000 1.270641
3.730000 1.266688
3.740000 1.271764
3.750000 1.281270
3.760000 1.291690
3.770000 1.302941
3.780000 1.315127
3.790000 1.307283
3.800000 1.280677
3.810000 1.275256
3.820000 1.292641
3.830000 1.312078
3.840000 1.333968
3.850000 1.362385
3.860000 1.366059
3.870000 1.322418
3.880000 1.279776
3.890000 1.238403
3.900000 1.198874
3.910000 1.164073
3.920000 1.120858
3.930000 1.089856
3.940000 1.061736
3.950000 1.034800
3.960000 1.008931
3.970000 0.994915
3.980000 0.986946
3.990000 0.980801
4.000000 0.983006
4.010000 0.991479
4.020000 1.004490
4.030000 1.018625
4.040000 1.007310
4.050000 1.018162
4.060000 1.025585
4.070000 1.071269
4.080000 1.100261
4.090000 1.095957
4.100000 1.108312
4.110000 1.138465
4.120000 1.202850
4.130000 1.270454
4.140000 1.270794
4.150000 1.277953
4.160000 1.239913
4.170000 1.163226
4.180000 1.101628
4.190000 1.051172
4.200000 1.023196
4.210000 1.018201
4.220000 1.018156
4.230000 0.981046
4.240000 0.928264
4.250000 0.871461
4.260000 0.818059
4.270000 0.760837
4.280000 0.707026
4.290000 0.665033
4.300000 0.590581
4.310000 0.548231
4.320000 0.545990
4.330000 0.577854
4.340000 0.584174
4.350000 0.486556
4.360000 0.405581
4.370000 0.430231
4.380000 0.420287
4.390000 0.394183
4.400000 0.375555
4.410000 0.337887
4.420000 0.350270
4.430000 0.313874
4.440000 0.301783
4.450000 0.303687
4.460000 0.292541
4.470000 0.297306
4.480000 0.341116
4.490000 0.389418
4.500000 0.508927
4.510000 0.517230
4.520000 0.556467
4.530000 0.606896
4.540000 0.624653
4.550000 0.641846
4.560000 0.669749
4.570000 0.609123
4.580000 0.558997
4.590000 0.493823
4.600000 0.462016
4.610000 0.439100
4.620000 0.391729
4.630000 0.373050
4.640000 0.374047
4.650000 0.366312
4.660000 0.364105
4.670000 0.343662
4.680000 0.313508
4.690000 0.286809
4.700000 0.274883
4.710000 0.293046
4.720000 0.302702
4.730000 0.313094
4.740000 0.312457
4.750000 0.314299
4.760000 0.334557
4.770000 0.337302
4.780000 0.332897
4.790000 0.330465
4.800000 0.337663
4.810000 0.361020
4.820000 0.352383
4.830000 0.316527
4.840000 0.324844
4.850000 0.299395
4.860000 0.286521
4.870000 0.284920
4.880000 0.305959
4.890000 0.311677
4.900000 0.345545
4.910000 0.424214
4.920000 0.475939
4.930000 0.503871
4.940000 0.521909
4.950000 0.515207
4.960000 0.475396
4.970000 0.395515
4.980000 0.345478
4.990000 0.356195
5.000000 0.417243
5.010000 0.484872
5.020000 0.560982
5.030000 0.626059
5.040000 0.634675
5.050000 0.649825
5.060000 0.654599
5.070000 0.667294
5.080000 0.695775
5.090000 0.709790
5.100000 0.669976
5.110000 0.629442
5.120000 0.603803
5.130000 0.595948
5.140000 0.509603
5.150000 0.426278
5.160000 0.367650
5.170000 0.348194
5.180000 0.371658
5.190000 0.397312
5.200000 0.444815
5.210000 0.522292
5.220000 0.556815
5.230000 0.603101
5.240000 0.610804
5.250000 0.626569
5.260000 0.667680
5.270000 0.713413
5.280000 0.744396
5.290000 0.757628
5.300000 0.746362
5.310000 0.701053
5.320000 0.645072
5.330000 0.613991
5.340000 0.590117
5.350000 0.617882
5.360000 0.673500
5.370000 0.727954
5.380000 0.783474
5.390000 0.789169
5.400000 0.711534
5.410000 0.598260
5.420000 0.484760
5.430000 0.435336
5.440000 0.392212
5.450000 0.352310
5.460000 0.304032
5.470000 0.297023
5.480000 0.290494
5.490000 0.310318
5.500000 0.405758
5.510000 0.487299
5.520000 0.551189
5.530000 0.605130
5.540000 0.621650
5.550000 0.639944
5.560000 0.690323
5.570000 0.731992
5.580000 0.773599
5.590000 0.814733
5.600000 0.855813
5.610000 0.850694
5.620000 0.846018
5.630000 0.832534
5.640000 0.814591
5.650000 0.769337
5.660000 0.711563
5.670000 0.654686
5.680000 0.598361
5.690000 0.550033
5.700000 0.538570
5.710000 0.513111
5.720000 0.472897
5.730000 0.434539
5.740000 0.398876
5.750000 0.371095
5.760000 0.366141
5.770000 0.379462
5.780000 0.389427
5.790000 0.398684
5.800000 0.407912
5.810000 0.417129
5.820000 0.415795
5.830000 0.409182
5.840000 0.398635
5.850000 0.387132
5.860000 0.376100
5.870000 0.365496
5.880000 0.355308
5.890000 0.345374
5.900000 0.336036
5.910000 0.331974
5.920000 0.325528
5.930000 0.318594
5.940000 0.308975
5.950000 0.300036
5.960000 0.291761
5.970000 0.276650
5.980000 0.261285
5.990000 0.246410
6.000000 0.232050
6.010000 0.218316
6.020000 0.205193
6.030000 0.192529
6.040000 0.180431
6.050000 0.164857
6.060000 0.155108
6.070000 0.147624
6.080000 0.173278
6.090000 0.199869
6.100000 0.226493
6.110000 0.252529
6.120000 0.277766
6.130000 0.301803
6.140000 0.324240
6.150000 0.339208
6.160000 0.353066
6.170000 0.365765
6.180000 0.377256
6.190000 0.387638
6.200000 0.396747
6.210000 0.399124
6.220000 0.397901
6.230000 0.390610
6.240000 0.383458
6.250000 0.375691
6.260000 0.367164
6.270000 0.359116
6.280000 0.350853
6.290000 0.342019
6.300000 0.332763
6.310000 0.322972
6.320000 0.312938
6.330000 0.302180
6.340000 0.291149
6.350000 0.279789
6.360000 0.267957
6.370000 0.255696
6.380000 0.243163
6.390000 0.230309
6.400000 0.217253
6.410000 0.204009
6.420000 0.190505
6.430000 0.173304
6.440000 0.150100
6.450000 0.128373
6.460000 0.109402
6.470000 0.095328
6.480000 0.089115
6.490000 0.092902
6.500000 0.106129
6.510000 0.118762
6.520000 0.130736
6.530000 0.128776
6.540000 0.135947
6.550000 0.150588
6.560000 0.170858
6.570000 0.187937
6.580000 0.204598
6.590000 0.222038
6.600000 0.239071
6.610000 0.250382
6.620000 0.260666
6.630000 0.270987
6.640000 0.280923
6.650000 0.290400
6.660000 0.300236
6.670000 0.310357
6.680000 0.320966
6.690000 0.332248
6.700000 0.344551
6.710000 0.357512
6.720000 0.371056
6.730000 0.386168
6.740000 0.404613
6.750000 0.421995
6.760000 0.313139
6.770000 0.215901
6.780000 0.169583
6.790000 0.211411
6.800000 0.250651
6.810000 0.242394
6.820000 0.235167
6.830000 0.227593
6.840000 0.228906
6.850000 0.210047
6.860000 0.201045
6.870000 0.209422
6.880000 0.236796
6.890000 0.272687
6.900000 0.288353
6.910000 0.317994
6.920000 0.346372
6.930000 0.345720
6.940000 0.349513
6.950000 0.362978
6.960000 0.383773
6.970000 0.400215
6.980000 0.411041
6.990000 0.417975
7.000000 0.441482
7.010000 0.448834
7.020000 0.453667
7.030000 0.455582
7.040000 0.459761
7.050000 0.482485
7.060000 0.456482
7.070000 0.415423
7.080000 0.412233
7.090000 0.488513
7.100000 0.561306
7.110000 0.632194
7.120000 0.701036
7.130000 0.719402
7.140000 0.722686
7.150000 0.728925
7.160000 0.713345
7.170000 0.675135
7.180000 0.638809
7.190000 0.604640
7.200000 0.573012
7.210000 0.543476
7.220000 0.578865
7.230000 0.607672
7.240000 0.601345
7.250000 0.638839
7.260000 0.687715
7.270000 0.735589
7.280000 0.731516
7.290000 0.716821
7.300000 0.692945
7.310000 0.668910
7.320000 0.681392
7.330000 0.692008
7.340000 0.700511
7.350000 0.753728
7.360000 0.768820
7.370000 0.786728
7.380000 0.725478
7.390000 0.647078
7.400000 0.584507
7.410000 0.513912
7.420000 0.428941
7.430000 0.382334
7.440000 0.369217
7.450000 0.392978
7.460000 0.402662
7.470000 0.387975
7.480000 0.398051
7.490000 0.426959
7.500000 0.385413
7.510000 0.310126
7.520000 0.297785
7.530000 0.274870
7.540000 0.280712
7.550000 0.302883
7.560000 0.321568
7.570000 0.343487
7.580000 0.328624
7.590000 0.298882
7.600000 0.256898
7.610000 0.197878
7.620000 0.176758
7.630000 0.210091
7.640000 0.235710
7.650000 0.253346
7.660000 0.278968
7.670000 0.329534
7.680000 0.331818
7.690000 0.307751
7.700000 0.280138
7.710000 0.253224
7.720000 0.229178
7.730000 0.198628
7.740000 0.195733
7.750000 0.280664
7.760000 0.378171
7.770000 0.402943
7.780000 0.375228
7.790000 0.385588
7.800000 0.348714
7.810000 0.280632
7.820000 0.296907
7.830000 0.261758
7.840000 0.236482
7.850000 0.195852
7.860000 0.030973
7.870000 0.161833
7.880000 0.226953
7.890000 0.159873
7.900000 0.132784
7.910000 0.136728
7.920000 0.155710
7.930000 0.184806
7.940000 0.216815
7.950000 0.257300
7.960000 0.323858
7.970000 0.394819
7.980000 0.499080
7.990000 0.383964
8.000000 0.218327
8.010000 0.224358
8.020000 0.273022
8.030000 0.288498
8.040000 0.318669
8.050000 0.346794
8.060000 0.304394
8.070000 0.300884
8.080000 0.237107
8.090000 0.155841
8.100000 0.106218
8.110000 0.088057
8.120000 0.099933
8.130000 0.114943
8.140000 0.121952
8.150000 0.132594
8.160000 0.202756
8.170000 0.333847
8.180000 0.505532
8.190000 0.687568
8.200000 0.789630
8.210000 0.872712
8.220000 0.783647
8.230000 0.702815
8.240000 0.533936
8.250000 0.424298
8.260000 0.384076
8.270000 0.414460
8.280000 0.441265
8.290000 0.433533
8.300000 0.528220
8.310000 0.629009
8.320000 0.646302
8.330000 0.613775
8.340000 0.630239
8.350000 0.609579
8.360000 0.662068
8.370000 0.801808
8.380000 0.817266
8.390000 0.716729
8.400000 0.627482
8.410000 0.579724
8.420000 0.559475
8.430000 0.573258
8.440000 0.636941
8.450000 0.637930
8.460000 0.644291
8.470000 0.610365
8.480000 0.575697
8.490000 0.544609
8.500000 0.481141
8.510000 0.427694
8.520000 0.363634
8.530000 0.358554
8.540000 0.341328
8.550000 0.311972
8.560000 0.263516
8.570000 0.229609
8.580000 0.210497
8.590000 0.202524
8.600000 0.236774
8.610000 0.331773
8.620000 0.482382
8.630000 0.644277
8.640000 0.804698
8.650000 1.002578
8.660000 1.184330
8.670000 1.307564
8.680000 1.358660
8.690000 1.371386
8.700000 1.413134
8.710000 1.472960
8.720000 1.528415
8.730000 1.566235
8.740000 1.589893
8.750000 1.592220
8.760000 1.504769
8.770000 1.342728
8.780000 1.282555
8.790000 1.231892
8.800000 1.129375
8.810000 1.018101
8.820000 0.905863
8.830000 0.711760
8.840000 0.576472
8.850000 0.449810
8.860000 0.323095
8.870000 0.194626
8.880000 0.090663
8.890000 0.128281
8.900000 0.280862
8.910000 0.443298
8.920000 0.594486
8.930000 0.701005
8.940000 0.715825
8.950000 0.721816
8.960000 0.726302
8.970000 0.751161
8.980000 0.780524
8.990000 0.814191
9.000000 0.811779
9.010000 0.799354
9.020000 0.810879
9.030000 0.852272
9.040000 0.911074
9.050000 0.976231
9.060000 1.034172
9.070000 1.099565
9.080000 1.117691
9.090000 1.154551
9.100000 1.197109
9.110000 1.247531
9.120000 1.284968
9.130000 1.305526
9.140000 1.293965
9.150000 1.279691
9.160000 1.274578
9.170000 1.274392
9.180000 1.226208
9.190000 1.113098
9.200000 1.001678
9.210000 0.897849
9.220000 0.833593
9.230000 0.786425
9.240000 0.744564
9.250000 0.708020
9.260000 0.676591
9.270000 0.649996
9.280000 0.628169
9.290000 0.607068
9.300000 0.590388
9.310000 0.585542
9.320000 0.596656
9.330000 0.615380
9.340000 0.628370
9.350000 0.634014
9.360000 0.646805
9.370000 0.647447
9.380000 0.646427
9.390000 0.654564
9.400000 0.670094
9.410000 0.679207
9.420000 0.706366
9.430000 0.731626
9.440000 0.754826
9.450000 0.764377
9.460000 0.738095
9.470000 0.709407
9.480000 0.677974
9.490000 0.650044
9.500000 0.634655
9.510000 0.618944
9.520000 0.604563
9.530000 0.586826
9.540000 0.566978
9.550000 0.545509
9.560000 0.525539
9.570000 0.505856
9.580000 0.481058
9.590000 0.474569
9.600000 0.467120
9.610000 0.441595
9.620000 0.395745
9.630000 0.342698
9.640000 0.299125
9.650000 0.285714
9.660000 0.316905
9.670000 0.385583
9.680000 0.485038
9.690000 0.588159
9.700000 0.701911
9.710000 0.830200
9.720000 0.959133
9.730000 1.094951
9.740000 1.253440
9.750000 1.398033
9.760000 1.453004
9.770000 1.488349
9.780000 1.509186
9.790000 1.540313
9.800000 1.563949
9.810000 1.574835
9.820000 1.562730
9.830000 1.559964
9.840000 1.541102
9.850000 1.490243
9.860000 1.408284
9.870000 1.324931
9.880000 1.268387
9.890000 1.097406
9.900000 0.899603
9.910000 0.656734
9.920000 0.427343
9.930000 0.250334
9.940000 0.146830
9.950000 0.177410
9.960000 0.251955
9.970000 0.233660
9.980000 0.239654
9.990000 0.256633
10.000000 0.217233
10.010000 0.161535
10.020000 0.118921
10.030000 0.106651
10.040000 0.112503
10.050000 0.142672
10.060000 0.145102
10.070000 0.145537
10.080000 0.156449
10.090000 0.175650
10.100000 0.201414
10.110000 0.211587
10.120000 0.194079
10.130000 0.197357
10.140000 0.241074
10.150000 0.293859
10.160000 0.282751
10.170000 0.293247
10.180000 0.354451
10.190000 0.490676
10.200000 0.610085
10.210000 0.672932
10.220000 0.763809
10.230000 0.815468
10.240000 0.845444
10.250000 0.851497
10.260000 0.880720
10.270000 0.931401
10.280000 0.983845
10.290000 1.001547
10.300000 1.015121
10.310000 1.017623
10.320000 0.974161
10.330000 0.900403
10.340000 0.818568
10.350000 0.765685
10.360000 0.645445
10.370000 0.476139
10.380000 0.341257
10.390000 0.274326
10.400000 0.184508
10.410000 0.229404
10.420000 0.378415
10.430000 0.576876
10.440000 0.748986
10.450000 0.891017
10.460000 0.996620
10.470000 0.982372
10.480000 0.913861
10.490000 0.783465
10.500000 0.565717
10.510000 0.344093
10.520000 0.259496
10.530000 0.198608
10.540000 0.182578
10.550000 0.291837
10.560000 0.538394
10.570000 0.831826
10.580000 0.961760
10.590000 0.849211
10.600000 0.652189
10.610000 0.530720
10.620000 0.442111
10.630000 0.434297
10.640000 0.465377
10.650000 0.523671
10.660000 0.482880
10.670000 0.354381
10.680000 0.237304
10.690000 0.170534
10.700000 0.163497
10.710000 0.166702
10.720000 0.165335
10.730000 0.146425
10.740000 0.160278
10.750000 0.219605
10.760000 0.305910
10.770000 0.364117
10.780000 0.343387
10.790000 0.286928
10.800000 0.226348
10.810000 0.226133
10.820000 0.341642
10.830000 0.471184
10.840000 0.499905
10.850000 0.478187
10.860000 0.370382
10.870000 0.266578
10.880000 0.268459
10.890000 0.256581
10.900000 0.342157
10.910000 0.520313
10.920000 0.679405
10.930000 0.698154
10.940000 0.699790
10.950000 0.649185
10.960000 0.610306
10.970000 0.553962
10.980000 0.520592
10.990000 0.517138
11.000000 0.519176
11.010000 0.585223
11.020000 0.615299
11.030000 0.611739
11.040000 0.580648
11.050000 0.629199
11.060000 0.650470
11.070000 0.619684
11.080000 0.659137
11.090000 0.712135
11.100000 0.799102
11.110000 0.900798
11.120000 0.880677
11.130000 0.848140
11.140000 0.820748
11.150000 0.782359
11.160000 0.766423
11.170000 0.732272
11.180000 0.708169
11.190000 0.773033
11.200000 0.784355
11.210000 0.753000
11.220000 0.794876
11.230000 0.864524
11.240000 0.944032
11.250000 1.015870
11.260000 1.131144
11.270000 1.226492
11.280000 1.335310
11.290000 1.346448
11.300000 1.315912
11.310000 1.303051
11.320000 1.293399
11.330000 1.214871
11.340000 1.093479
11.350000 0.970441
11.360000 0.848592
11.370000 0.745274
11.380000 0.727004
11.390000 0.735219
11.400000 0.733305
11.410000 0.725697
11.420000 0.724312
11.430000 0.722846
11.440000 0.728502
11.450000 0.733558
11.460000 0.692804
11.470000 0.710913
11.480000 0.679690
11.490000 0.626030
11.500000 0.583304
11.510000 0.579856
11.520000 0.552369
11.530000 0.517354
11.540000 0.434877
11.550000 0.353358
11.560000 0.283918
11.570000 0.237682
11.580000 0.169049
11.590000 0.206646
11.600000 0.268601
11.610000 0.335665
11.620000 0.394300
11.630000 0.457364
11.640000 0.505587
11.650000 0.558555
11.660000 0.610314
11.670000 0.661324
11.680000 0.675611
11.690000 0.682524
11.700000 0.695626
11.710000 0.617266
11.720000 0.523869
11.730000 0.438808
11.740000 0.372392
11.750000 0.315215
11.760000 0.249698
11.770000 0.201655
11.780000 0.185591
11.790000 0.209153
11.800000 0.261929
11.810000 0.328010
11.820000 0.400322
11.830000 0.477612
11.840000 0.536322
11.850000 0.550852
11.860000 0.552958
11.870000 0.562106
11.880000 0.577217
11.890000 0.556529
11.900000 0.531433
11.910000 0.508070
11.920000 0.486555
11.930000 0.467257
11.940000 0.450253
11.950000 0.436001
11.960000 0.426324
11.970000 0.419759
11.980000 0.416483
11.990000 0.416390
12.000000 0.422243
12.010000 0.419984
12.020000 0.419473
12.030000 0.422399
12.040000 0.450458
12.050000 0.483928
12.060000 0.517361
12.070000 0.550790
12.080000 0.584142
12.090000 0.617276
12.100000 0.650235
12.110000 0.683838
12.120000 0.719719
12.130000 0.753426
12.140000 0.785599
12.150000 0.817166
12.160000 0.790592
12.170000 0.764092
12.180000 0.738570
12.190000 0.741035
12.200000 0.742752
12.210000 0.745827
12.220000 0.744737
12.230000 0.733729
12.240000 0.722098
12.250000 0.709901
12.260000 0.697180
12.270000 0.689136
12.280000 0.682480
12.290000 0.674791
12.300000 0.666081
12.310000 0.661694
12.320000 0.664042
12.330000 0.669732
12.340000 0.676534
12.350000 0.682421
12.360000 0.687057
12.370000 0.690432
12.380000 0.692415
12.390000 0.693213
12.400000 0.692707
12.410000 0.704158
12.420000 0.716055
12.430000 0.726696
12.440000 0.736201
12.450000 0.747736
12.460000 0.759087
12.470000 0.771687
12.480000 0.781498
12.490000 0.789787
12.500000 0.793389
12.510000 0.794969
12.520000 0.795858
12.530000 0.797016
12.540000 0.798461
12.550000 0.799518
12.560000 0.799577
12.570000 0.798842
12.580000 0.804537
12.590000 0.810472
12.600000 0.831124
12.610000 0.849447
12.620000 0.867164
12.630000 0.884171
12.640000 0.897558
12.650000 0.900994
12.660000 0.895509
12.670000 0.885194
12.680000 0.870466
12.690000 0.864273
12.700000 0.865139
12.710000 0.869610
12.720000 0.883579
12.730000 0.896236
12.740000 0.901891
12.750000 0.929780
12.760000 0.940623
12.770000 0.959064
12.780000 0.977605
12.790000 0.996049
12.800000 1.018203
12.810000 1.041695
12.820000 1.064184
12.830000 1.084048
12.840000 1.098615
12.850000 1.113444
12.860000 1.106813
12.870000 1.087748
12.880000 1.068824
12.890000 1.050169
12.900000 1.031643
12.910000 1.013243
12.920000 0.995081
12.930000 0.977056
12.940000 0.959239
12.950000 0.938128
12.960000 0.918502
12.970000 0.878705
12.980000 0.853467
12.990000 0.851054
13.000000 0.871289
13.010000 0.851278
13.020000 0.828313
13.030000 0.792091
13.040000 0.739428
13.050000 0.687754
13.060000 0.621354
13.070000 0.594982
13.080000 0.594331
13.090000 0.594984
13.100000 0.598317
13.110000 0.604395
13.120000 0.610763
13.130000 0.604100
13.140000 0.594786
13.150000 0.593549
13.160000 0.605416
13.170000 0.622380
13.180000 0.641389
13.190000 0.661574
13.200000 0.680568
13.210000 0.688566
13.220000 0.689975
13.230000 0.684523
13.240000 0.675239
13.250000 0.689153
13.260000 0.745896
13.270000 0.801006
13.280000 0.865295
13.290000 0.905220
13.300000 0.898475
13.310000 0.857275
13.320000 0.828345
13.330000 0.801426
13.340000 0.763445
13.350000 0.725098
13.360000 0.657615
13.370000 0.572513
13.380000 0.452999
13.390000 0.451129
13.400000 0.460928
13.410000 0.471910
13.420000 0.484039
13.430000 0.497185
13.440000 0.511308
13.450000 0.526178
13.460000 0.538328
13.470000 0.599823
13.480000 0.637187
13.490000 0.633852
13.500000 0.605040
13.510000 0.602946
13.520000 0.615940
13.530000 0.619153
13.540000 0.606153
13.550000 0.580337
13.560000 0.532788
13.570000 0.479455
13.580000 0.421961
13.590000 0.424667
13.600000 0.439251
13.610000 0.461885
13.620000 0.478943
13.630000 0.514680
13.640000 0.564686
13.650000 0.633725
13.660000 0.686587
13.670000 0.734651
13.680000 0.722252
13.690000 0.724017
13.700000 0.758210
13.710000 0.798017
13.720000 0.833447
13.730000 0.817913
13.740000 0.751039
13.750000 0.682151
13.760000 0.604657
13.770000 0.552914
13.780000 0.603187
13.790000 0.669921
13.800000 0.753726
13.810000 0.799604
13.820000 0.780739
13.830000 0.789166
13.840000 0.776261
13.850000 0.739154
13.860000 0.674601
13.870000 0.629489
13.880000 0.609843
13.890000 0.554597
13.900000 0.527348
13.910000 0.466050
13.920000 0.427466
13.930000 0.386345
13.940000 0.393251
13.950000 0.432329
13.960000 0.468171
13.970000 0.570646
13.980000 0.618472
13.990000 0.554842
14.000000 0.499118
14.010000 0.474694
14.020000 0.479418
14.030000 0.491064
14.040000 0.499646
14.050000 0.459140
14.060000 0.434936
14.070000 0.404708
14.080000 0.377020
14.090000 0.400866
14.100000 0.444756
14.110000 0.482165
14.120000 0.428359
14.130000 0.409240
14.140000 0.483387
14.150000 0.464275
14.160000 0.533734
14.170000 0.575976
14.180000 0.582903
14.190000 0.592682
14.200000 0.616690
14.210000 0.651265
14.220000 0.680658
14.230000 0.778959
14.240000 0.892633
14.250000 0.980200
14.260000 0.955483
14.270000 0.995965
14.280000 1.058020
14.290000 1.085784
14.300000 1.072091
14.310000 0.910946
14.320000 0.755375
14.330000 0.690702
14.340000 0.632374
14.350000 0.557548
14.360000 0.591641
14.370000 0.549158
14.380000 0.514966
14.390000 0.492471
14.400000 0.490176
14.410000 0.471396
14.420000 0.433465
14.430000 0.399128
14.440000 0.369660
14.450000 0.364603
14.460000 0.330296
14.470000 0.276488
14.480000 0.267237
14.490000 0.294369
14.500000 0.353276
14.510000 0.415830
14.520000 0.532966
14.530000 0.710204
14.540000 0.860343
14.550000 0.970124
14.560000 1.104859
14.570000 1.295429
14.580000 1.231691
14.590000 1.135211
14.600000 1.173849
14.610000 1.257158
14.620000 1.133784
14.630000 1.017068
14.640000 0.765626
14.650000 0.434107
14.660000 0.292703
14.670000 0.247595
14.680000 0.260362
14.690000 0.331019
14.700000 0.440363
14.710000 0.555184
14.720000 0.653213
14.730000 0.755197
14.740000 0.873644
14.750000 1.001458
14.760000 1.096195
14.770000 1.152616
14.780000 1.202218
14.790000 1.246694
14.800000 1.331528
14.810000 1.438253
14.820000 1.534306
14.830000 1.653230
14.840000 1.813372
14.850000 1.986796
14.860000 2.090157
14.870000 1.934389
14.880000 1.681684
14.890000 1.433738
14.900000 1.197509
14.910000 1.021841
14.920000 0.920548
14.930000 0.659451
14.940000 0.367060
14.950000 0.213156
14.960000 0.402089
14.970000 0.675485
14.980000 0.952276
14.990000 1.231339
15.000000 1.431237
15.010000 1.668178
15.020000 1.882105
15.030000 2.076855
15.040000 2.277213
15.050000 2.582039
15.060000 2.900431
15.070000 3.211367
15.080000 3.534442
15.090000 3.810648
15.100000 4.009908
15.110000 4.138775
15.120000 4.184664
15.130000 4.172506
15.140000 4.086720
15.150000 3.965970
15.160000 3.711502
15.170000 3.387718
15.180000 3.030426
15.190000 2.723154
15.200000 2.447239
15.210000 2.328200
15.220000 2.365419
15.230000 2.347809
15.240000 2.286103
15.250000 2.235295
15.260000 2.232017
15.270000 2.272336
15.280000 2.332869
15.290000 2.438469
15.300000 2.687905
15.310000 2.936909
15.320000 3.141048
15.330000 3.227296
15.340000 3.252033
15.350000 3.145901
15.360000 2.927274
15.370000 2.716347
15.380000 2.474000
15.390000 2.059365
15.400000 1.510017
15.410000 1.018827
15.420000 0.919625
15.430000 0.922755
15.440000 0.937088
15.450000 0.835331
15.460000 0.677910
15.470000 0.573568
15.480000 0.430696
15.490000 0.292995
15.500000 0.096855
15.510000 0.157490
15.520000 0.164945
15.530000 0.317228
15.540000 0.441872
15.550000 0.498755
15.560000 0.508750
15.570000 0.452520
15.580000 0.352655
15.590000 0.263542
15.600000 0.085716
15.610000 0.195715
15.620000 0.334192
15.630000 0.511514
15.640000 0.693200
15.650000 0.852525
15.660000 0.798857
15.670000 0.630927
15.680000 0.454817
15.690000 0.306611
15.700000 0.132009
15.710000 0.294271
15.720000 0.604446
15.730000 0.819373
15.740000 0.911010
15.750000 0.927842
15.760000 0.876891
15.770000 0.933543
15.780000 0.996116
15.790000 0.848102
15.800000 0.696230
15.810000 0.631753
15.820000 0.663545
15.830000 0.609090
15.840000 0.510947
15.850000 0.336088
15.860000 0.264228
15.870000 0.409633
15.880000 0.621152
15.890000 0.727017
15.900000 0.671783
15.910000 0.622000
15.920000 0.563996
15.930000 0.420206
15.940000 0.420177
15.950000 0.871235
15.960000 1.831532
15.970000 1.746610
15.980000 0.566602
15.990000 0.439696
16.000000 0.535025
16.010000 0.945730
16.020000 1.007652
16.030000 0.992806
16.040000 0.978014
16.050000 0.645884
16.060000 0.318500
16.070000 0.117929
16.080000 0.139259
16.090000 0.087115
16.100000 0.198195
16.110000 0.385508
16.120000 0.529066
16.130000 0.564489
16.140000 0.571491
16.150000 0.663177
16.160000 0.450190
16.170000 0.322282
16.180000 0.258192
16.190000 0.370331
16.200000 0.451929
16.210000 0.365064
16.220000 0.181619
16.230000 0.214886
16.240000 0.107496
16.250000 0.071509
16.260000 0.072257
16.270000 0.034583
16.280000 0.097616
16.290000 0.241702
16.300000 0.337385
16.310000 0.374334
16.320000 0.532656
16.330000 0.527706
16.340000 0.691602
16.350000 0.807730
16.360000 0.826914
16.370000 0.796161
16.380000 0.718658
16.390000 0.590588
16.400000 0.454693
16.410000 0.423959
16.420000 0.392640
16.430000 0.425947
16.440000 0.510452
16.450000 0.597139
16.460000 0.652312
16.470000 0.664698
16.480000 0.631033
16.490000 0.618350
16.500000 0.629121
16.510000 0.632399
16.520000 0.529117
16.530000 0.478598
16.540000 0.466658
16.550000 0.445182
16.560000 0.504602
16.570000 0.483156
16.580000 0.240653
16.590000 0.259488
16.600000 0.350474
16.610000 0.404062
16.620000 0.319883
16.630000 0.137373
16.640000 0.192293
16.650000 0.291562
16.660000 0.465588
16.670000 0.733466
16.680000 0.925531
16.690000 1.156462
16.700000 1.272766
16.710000 1.334974
16.720000 1.366666
16.730000 1.438005
16.740000 1.589968
16.750000 1.722811
16.760000 1.774334
16.770000 1.768281
16.780000 1.706458
16.790000 1.642562
16.800000 1.680243
16.810000 1.706917
16.820000 1.704985
16.830000 1.683828
16.840000 1.653594
16.850000 1.616613
16.860000 1.567245
16.870000 1.501143
16.880000 1.429473
16.890000 1.354064
16.900000 1.257153
16.910000 1.146981
16.920000 1.058648
16.930000 1.015689
16.940000 0.965531
16.950000 0.913295
16.960000 0.858206
16.970000 0.804105
16.980000 0.763704
16.990000 0.726585
17.000000 0.692693
17.010000 0.685640
17.020000 0.677331
17.030000 0.670840
17.040000 0.668301
17.050000 0.666508
17.060000 0.663663
17.070000 0.659912
17.080000 0.655745
17.090000 0.651030
17.100000 0.646254
17.110000 0.646321
17.120000 0.650089
17.130000 0.651786
17.140000 0.647346
17.150000 0.642569
17.160000 0.637517
17.170000 0.632176
17.180000 0.626840
17.190000 0.621403
17.200000 0.616009
17.210000 0.610751
17.220000 0.605482
17.230000 0.600505
17.240000 0.595656
17.250000 0.591653
17.260000 0.588796
17.270000 0.586254
17.280000 0.583993
17.290000 0.582003
17.300000 0.580273
17.310000 0.578970
17.320000 0.577906
17.330000 0.579639
17.340000 0.586138
17.350000 0.596242
17.360000 0.611775
17.370000 0.627732
17.380000 0.643989
17.390000 0.660664
17.400000 0.674508
17.410000 0.688151
17.420000 0.701832
17.430000 0.715491
17.440000 0.728421
17.450000 0.741363
17.460000 0.754275
17.470000 0.767354
17.480000 0.780273
17.490000 0.793479
17.500000 0.806599
17.510000 0.819782
17.520000 0.832969
17.530000 0.846252
17.540000 0.858743
17.550000 0.869111
17.560000 0.879525
17.570000 0.889878
17.580000 0.900294
17.590000 0.900229
17.600000 0.890809
17.610000 0.873396
17.620000 0.856800
17.630000 0.841229
17.640000 0.826901
17.650000 0.813939
17.660000 0.802501
17.670000 0.792883
17.680000 0.786265
17.690000 0.783107
17.700000 0.781609
17.710000 0.781733
17.720000 0.783690
17.730000 0.787490
17.740000 0.793177
17.750000 0.800822
17.760000 0.810471
17.770000 0.682515
17.780000 0.552787
17.790000 0.432195
17.800000 0.331499
17.810000 0.273880
17.820000 0.269185
17.830000 0.295047
17.840000 0.310110
17.850000 0.320568
17.860000 0.331260
17.870000 0.351262
17.880000 0.381685
17.890000 0.427630
17.900000 0.480576
17.910000 0.534540
17.920000 0.589917
17.930000 0.638665
17.940000 0.659892
17.950000 0.660720
17.960000 0.688015
17.970000 0.688943
17.980000 0.684718
17.990000 0.676636
18.000000 0.670379
18.010000 0.705407
18.020000 0.698873
18.030000 0.681243
18.040000 0.670161
18.050000 0.661970
18.060000 0.644000
18.070000 0.631694
18.080000 0.618372
18.090000 0.605414
18.100000 0.581950
18.110000 0.560459
18.120000 0.541228
18.130000 0.523356
18.140000 0.507359
18.150000 0.457866
18.160000 0.419872
18.170000 0.389312
18.180000 0.366905
18.190000 0.310609
18.200000 0.281851
18.210000 0.261318
18.220000 0.241541
18.230000 0.227556
18.240000 0.195062
18.250000 0.138778
18.260000 0.100498
18.270000 0.100537
18.280000 0.121896
18.290000 0.150539
18.300000 0.132524
18.310000 0.093711
18.320000 0.051405
18.330000 0.037506
18.340000 0.031473
18.350000 0.038503
18.360000 0.035492
18.370000 0.035305
18.380000 0.046854
18.390000 0.063056
18.400000 0.089107
18.410000 0.127243
18.420000 0.165413
18.430000 0.202376
18.440000 0.244180
18.450000 0.317857
18.460000 0.364306
18.470000 0.393865
18.480000 0.416564
18.490000 0.417151
18.500000 0.390351
18.510000 0.355416
18.520000 0.328846
18.530000 0.302210
18.540000 0.261245
18.550000 0.181870
18.560000 0.127191
18.570000 0.084604
18.580000 0.124590
18.590000 0.184303
18.600000 0.275932
18.610000 0.303215
18.620000 0.286459
18.630000 0.278864
18.640000 0.280862
18.650000 0.303274
18.660000 0.345678
18.670000 0.399383
18.680000 0.465480
18.690000 0.510421
18.700000 0.516103
18.710000 0.535522
18.720000 0.560686
18.730000 0.570810
18.740000 0.537141
18.750000 0.494377
18.760000 0.459461
18.770000 0.473960
18.780000 0.497148
18.790000 0.496687
18.800000 0.448210
18.810000 0.419173
18.820000 0.400220
18.830000 0.388841
18.840000 0.344284
18.850000 0.299053
18.860000 0.274851
18.870000 0.257558
18.880000 0.244910
18.890000 0.252311
18.900000 0.274048
18.910000 0.303496
18.920000 0.311137
18.930000 0.269678
18.940000 0.261973
18.950000 0.275896
18.960000 0.292442
18.970000 0.316232
18.980000 0.379332
18.990000 0.431183
19.000000 0.406858
19.010000 0.346669
19.020000 0.303613
19.030000 0.276164
19.040000 0.267978
19.050000 0.264353
19.060000 0.274038
19.070000 0.329953
19.080000 0.372318
19.090000 0.376175
19.100000 0.358423
19.110000 0.396268
19.120000 0.447083
19.130000 0.480880
19.140000 0.487784
19.150000 0.484297
19.160000 0.469060
19.170000 0.473247
19.180000 0.475404
19.190000 0.514654
19.200000 0.519386
19.210000 0.508217
19.220000 0.456045
19.230000 0.384093
19.240000 0.308112
19.250000 0.255701
19.260000 0.245487
19.270000 0.212348
19.280000 0.192002
19.290000 0.206288
19.300000 0.251751
19.310000 0.295342
19.320000 0.347693
19.330000 0.413143
19.340000 0.451425
19.350000 0.483162
19.360000 0.492990
19.370000 0.501576
19.380000 0.506363
19.390000 0.527973
19.400000 0.560625
19.410000 0.588056
19.420000 0.612592
19.430000 0.662810
19.440000 0.677270
19.450000 0.683257
19.460000 0.701865
19.470000 0.720132
19.480000 0.745131
19.490000 0.780619
19.500000 0.798184
19.510000 0.802942
19.520000 0.778768
19.530000 0.743340
19.540000 0.697406
19.550000 0.676427
19.560000 0.681804
19.570000 0.690362
19.580000 0.694299
19.590000 0.685314
19.600000 0.679556
19.610000 0.683432
19.620000 0.694311
19.630000 0.705368
19.640000 0.726603
19.650000 0.748807
19.660000 0.772125
19.670000 0.779029
19.680000 0.767865
19.690000 0.765161
19.700000 0.771525
19.710000 0.786104
19.720000 0.808233
19.730000 0.832204
19.740000 0.850553
19.750000 0.869940
19.760000 0.885073
19.770000 0.857930
19.780000 0.824478
19.790000 0.778734
19.800000 0.753768
19.810000 0.737822
19.820000 0.727460
19.830000 0.669047
19.840000 0.614451
19.850000 0.566998
19.860000 0.535692
19.870000 0.505978
19.880000 0.478274
19.890000 0.453244
19.900000 0.433852
19.910000 0.421481
19.920000 0.421773
19.930000 0.402849
19.940000 0.412089
19.950000 0.425307
19.960000 0.441069
19.970000 0.461394
19.980000 0.474186
19.990000 0.485893
