0.000000 0.736908
0.010000 0.727763
0.020000 0.735138
0.030000 0.759986
0.040000 0.781085
0.050000 0.795283
0.060000 0.818279
0.070000 0.840320
0.080000 0.861306
0.090000 0.881161
0.100000 0.884053
0.110000 0.865894
0.120000 0.842278
0.130000 0.824080
0.140000 0.799826
0.150000 0.744948
0.160000 0.684492
0.170000 0.611643
0.180000 0.558413
0.190000 0.508846
0.200000 0.472039
0.210000 0.419781
0.220000 0.367695
0.230000 0.321319
0.240000 0.275748
0.250000 0.236530
0.260000 0.219819
0.270000 0.218470
0.280000 0.212787
0.290000 0.205188
0.300000 0.200119
0.310000 0.185785
0.320000 0.204522
0.330000 0.233410
0.340000 0.278385
0.350000 0.304750
0.360000 0.302531
0.370000 0.307264
0.380000 0.323242
0.390000 0.332789
0.400000 0.341909
0.410000 0.354137
0.420000 0.368767
0.430000 0.380678
0.440000 0.381430
0.450000 0.387064
0.460000 0.386760
0.470000 0.382721
0.480000 0.380126
0.490000 0.376276
0.500000 0.371523
0.510000 0.370851
0.520000 0.367519
0.530000 0.359785
0.540000 0.351846
0.550000 0.343422
0.560000 0.323661
0.570000 0.290874
0.580000 0.283036
0.590000 0.285663
0.600000 0.298690
0.610000 0.317170
0.620000 0.335045
0.630000 0.349376
0.640000 0.361159
0.650000 0.347111
0.660000 0.338496
0.670000 0.296173
0.680000 0.250731
0.690000 0.210362
0.700000 0.170207
0.710000 0.156023
0.720000 0.163398
0.730000 0.185482
0.740000 0.221828
0.750000 0.266048
0.760000 0.317201
0.770000 0.389290
0.780000 0.463595
0.790000 0.532071
0.800000 0.600725
0.810000 0.663694
0.820000 0.723404
0.830000 0.783155
0.840000 0.843174
0.850000 0.878233
0.860000 0.907748
0.870000 0.970319
0.880000 1.024621
0.890000 1.053817
0.900000 1.062992
0.910000 1.068264
0.920000 1.076090
0.930000 1.038157
0.940000 1.010798
0.950000 0.977131
0.960000 0.954579
0.970000 0.950739
0.980000 0.948282
0.990000 0.938634
1.000000 0.930597
1.010000 0.923497
1.020000 0.904425
1.030000 0.880045
1.040000 0.858909
1.050000 0.846602
1.060000 0.837320
1.070000 0.824014
1.080000 0.814231
1.090000 0.797432
1.100000 0.759734
1.110000 0.718260
1.120000 0.677434
1.130000 0.639025
1.140000 0.587642
1.150000 0.552581
1.160000 0.528997
1.170000 0.513989
1.180000 0.501619
1.190000 0.497472
1.200000 0.501390
1.210000 0.517920
1.220000 0.547326
1.230000 0.575267
1.240000 0.606480
1.250000 0.634045
1.260000 0.665522
1.270000 0.700703
1.280000 0.742480
1.290000 0.770640
1.300000 0.777385
1.310000 0.781767
1.320000 0.780971
1.330000 0.761091
1.340000 0.746306
1.350000 0.736507
1.360000 0.734438
1.370000 0.745595
1.380000 0.750478
1.390000 0.764553
1.400000 0.769533
1.410000 0.781102
1.420000 0.780602
1.430000 0.766013
1.440000 0.737191
1.450000 0.716636
1.460000 0.693425
1.470000 0.665983
1.480000 0.657743
1.490000 0.651585
1.500000 0.646402
1.510000 0.642119
1.520000 0.644074
1.530000 0.640145
1.540000 0.628963
1.550000 0.619002
1.560000 0.610627
1.570000 0.601627
1.580000 0.587163
1.590000 0.542350
1.600000 0.512947
1.610000 0.500403
1.620000 0.502800
1.630000 0.505628
1.640000 0.509804
1.650000 0.508557
1.660000 0.513242
1.670000 0.523752
1.680000 0.539168
1.690000 0.541378
1.700000 0.553205
1.710000 0.594407
1.720000 0.614815
1.730000 0.614751
1.740000 0.617144
1.750000 0.629264
1.760000 0.644762
1.770000 0.606000
1.780000 0.558212
1.790000 0.510194
1.800000 0.465622
1.810000 0.430061
1.820000 0.403358
1.830000 0.392020
1.840000 0.393627
1.850000 0.417260
1.860000 0.444980
1.870000 0.470999
1.880000 0.495178
1.890000 0.511193
1.900000 0.524021
1.910000 0.535913
1.920000 0.563138
1.930000 0.596354
1.940000 0.628458
1.950000 0.669174
1.960000 0.702293
1.970000 0.718405
1.980000 0.737043
1.990000 0.745334
2.000000 0.726715
2.010000 0.692419
2.020000 0.658664
2.030000 0.633142
2.040000 0.606377
2.050000 0.555980
2.060000 0.521065
2.070000 0.503742
2.080000 0.495139
2.090000 0.474564
2.100000 0.474956
2.110000 0.461095
2.120000 0.459924
2.130000 0.460562
2.140000 0.463057
2.150000 0.450582
2.160000 0.426303
2.170000 0.397133
2.180000 0.382441
2.190000 0.372584
2.200000 0.388158
2.210000 0.395283
2.220000 0.399305
2.230000 0.411076
2.240000 0.431645
2.250000 0.460799
2.260000 0.507454
2.270000 0.559184
2.280000 0.592342
2.290000 0.603824
2.300000 0.600890
2.310000 0.577398
2.320000 0.545072
2.330000 0.512598
2.340000 0.481669
2.350000 0.412814
2.360000 0.328240
2.370000 0.226358
2.380000 0.142983
2.390000 0.112735
2.400000 0.155377
2.410000 0.218500
2.420000 0.286921
2.430000 0.359247
2.440000 0.432590
2.450000 0.498435
2.460000 0.555770
2.470000 0.586959
2.480000 0.593408
2.490000 0.610801
2.500000 0.623038
2.510000 0.618748
2.520000 0.620837
2.530000 0.647524
2.540000 0.687117
2.550000 0.748350
2.560000 0.818701
2.570000 0.902780
2.580000 0.980158
2.590000 1.034181
2.600000 1.082772
2.610000 1.117099
2.620000 1.122231
2.630000 1.134768
2.640000 1.164491
2.650000 1.165977
2.660000 1.172576
2.670000 1.194699
2.680000 1.253645
2.690000 1.299808
2.700000 1.337364
2.710000 1.387166
2.720000 1.450578
2.730000 1.505333
2.740000 1.555775
2.750000 1.597509
2.760000 1.633747
2.770000 1.661888
2.780000 1.744721
2.790000 1.830672
2.800000 1.920433
2.810000 2.037150
2.820000 2.143499
2.830000 2.191722
2.840000 2.230015
2.850000 2.249966
2.860000 2.249054
2.870000 2.232468
2.880000 2.207543
2.890000 2.178251
2.900000 2.154358
2.910000 2.116258
2.920000 2.094467
2.930000 2.114522
2.940000 2.139815
2.950000 2.177833
2.960000 2.188153
2.970000 2.174076
2.980000 2.165030
2.990000 2.172485
3.000000 2.166618
3.010000 2.158499
3.020000 2.156012
3.030000 2.185794
3.040000 2.183300
3.050000 2.137861
3.060000 2.100648
3.070000 2.056992
3.080000 2.006463
3.090000 1.928396
3.100000 1.828764
3.110000 1.739303
3.120000 1.659198
3.130000 1.582886
3.140000 1.535346
3.150000 1.494049
3.160000 1.464268
3.170000 1.464954
3.180000 1.473351
3.190000 1.495969
3.200000 1.501344
3.210000 1.503505
3.220000 1.496376
3.230000 1.466885
3.240000 1.459071
3.250000 1.434526
3.260000 1.416273
3.270000 1.422028
3.280000 1.456289
3.290000 1.517843
3.300000 1.583368
3.310000 1.627921
3.320000 1.659868
3.330000 1.751412
3.340000 1.849281
3.350000 1.925786
3.360000 1.980137
3.370000 2.031589
3.380000 2.059971
3.390000 2.091770
3.400000 2.090233
3.410000 2.089933
3.420000 2.082295
3.430000 2.070869
3.440000 2.073176
3.450000 2.076570
3.460000 2.089055
3.470000 2.109790
3.480000 2.099384
3.490000 2.055087
3.500000 2.010101
3.510000 1.936423
3.520000 1.831460
3.530000 1.746869
3.540000 1.680313
3.550000 1.611641
3.560000 1.561504
3.570000 1.481210
3.580000 1.386121
3.590000 1.296870
3.600000 1.240482
3.610000 1.194280
3.620000 1.155937
3.630000 1.094023
3.640000 1.071305
3.650000 1.054179
3.660000 1.032229
3.670000 0.990340
3.680000 0.960659
3.690000 0.928407
3.700000 0.895567
3.710000 0.855317
3.720000 0.813307
3.730000 0.755462
3.740000 0.695715
3.750000 0.654258
3.760000 0.594175
3.770000 0.532004
3.780000 0.481431
3.790000 0.497875
3.800000 0.570745
3.810000 0.629281
3.820000 0.679211
3.830000 0.763772
3.840000 0.868205
3.850000 0.981275
3.860000 1.070483
3.870000 1.153773
3.880000 1.257569
3.890000 1.325238
3.900000 1.398192
3.910000 1.471151
3.920000 1.538272
3.930000 1.576475
3.940000 1.612265
3.950000 1.640809
3.960000 1.617633
3.970000 1.578608
3.980000 1.482844
3.990000 1.385005
4.000000 1.290049
4.010000 1.209433
4.020000 1.153625
4.030000 1.103799
4.040000 1.076947
4.050000 1.045281
4.060000 1.035722
4.070000 1.033298
4.080000 1.021022
4.090000 1.018971
4.100000 1.031232
4.110000 1.026119
4.120000 1.011883
4.130000 0.970914
4.140000 0.948624
4.150000 0.879302
4.160000 0.815601
4.170000 0.762524
4.180000 0.694644
4.190000 0.598667
4.200000 0.526076
4.210000 0.449135
4.220000 0.370904
4.230000 0.299846
4.240000 0.215992
4.250000 0.152348
4.260000 0.151745
4.270000 0.228318
4.280000 0.327223
4.290000 0.403281
4.300000 0.430896
4.310000 0.465103
4.320000 0.506334
4.330000 0.572424
4.340000 0.625962
4.350000 0.677106
4.360000 0.721573
4.370000 0.744427
4.380000 0.793224
4.390000 0.846076
4.400000 0.898270
4.410000 0.921612
4.420000 0.942062
4.430000 0.990274
4.440000 1.047169
4.450000 1.098085
4.460000 1.121092
4.470000 1.132290
4.480000 1.153287
4.490000 1.152312
4.500000 1.129273
4.510000 1.099610
4.520000 1.085823
4.530000 1.081297
4.540000 1.060937
4.550000 1.037898
4.560000 1.008325
4.570000 0.980686
4.580000 0.973324
4.590000 0.971350
4.600000 0.970051
4.610000 0.962761
4.620000 1.018296
4.630000 1.012884
4.640000 0.969670
4.650000 0.918809
4.660000 0.885164
4.670000 0.874793
4.680000 0.854216
4.690000 0.816625
4.700000 0.764373
4.710000 0.704505
4.720000 0.618326
4.730000 0.498716
4.740000 0.372798
4.750000 0.276423
4.760000 0.178591
4.770000 0.116783
4.780000 0.157576
4.790000 0.280500
4.800000 0.372111
4.810000 0.415884
4.820000 0.460738
4.830000 0.505231
4.840000 0.542612
4.850000 0.557542
4.860000 0.561760
4.870000 0.570285
4.880000 0.591030
4.890000 0.615460
4.900000 0.649812
4.910000 0.666905
4.920000 0.685221
4.930000 0.703693
4.940000 0.728820
4.950000 0.748630
4.960000 0.785814
4.970000 0.804429
4.980000 0.811671
4.990000 0.819138
5.000000 0.822758
5.010000 0.853237
5.020000 0.905660
5.030000 0.920621
5.040000 0.930106
5.050000 0.927874
5.060000 0.933908
5.070000 0.941959
5.080000 0.983280
5.090000 1.029030
5.100000 1.088376
5.110000 1.166498
5.120000 1.270575
5.130000 1.378647
5.140000 1.489622
5.150000 1.423122
5.160000 1.326254
5.170000 1.252577
5.180000 1.198159
5.190000 1.152225
5.200000 1.113463
5.210000 1.076082
5.220000 1.050060
5.230000 1.030508
5.240000 0.998833
5.250000 0.929182
5.260000 0.866376
5.270000 0.782757
5.280000 0.736409
5.290000 0.713652
5.300000 0.683292
5.310000 0.627444
5.320000 0.558265
5.330000 0.463486
5.340000 0.399446
5.350000 0.399873
5.360000 0.407406
5.370000 0.448916
5.380000 0.444930
5.390000 0.426351
5.400000 0.393455
5.410000 0.366171
5.420000 0.352115
5.430000 0.353681
5.440000 0.344229
5.450000 0.329682
5.460000 0.329887
5.470000 0.339397
5.480000 0.351245
5.490000 0.359265
5.500000 0.377480
5.510000 0.401692
5.520000 0.397015
5.530000 0.380119
5.540000 0.362558
5.550000 0.346814
5.560000 0.325807
5.570000 0.308614
5.580000 0.285540
5.590000 0.295957
5.600000 0.318660
5.610000 0.347724
5.620000 0.402000
5.630000 0.452344
5.640000 0.489484
5.650000 0.530108
5.660000 0.579205
5.670000 0.623718
5.680000 0.683112
5.690000 0.737440
5.700000 0.784329
5.710000 0.834245
5.720000 0.882359
5.730000 0.928736
5.740000 0.968971
5.750000 1.012945
5.760000 1.051377
5.770000 1.077539
5.780000 1.102214
5.790000 1.125103
5.800000 1.161112
5.810000 1.204229
5.820000 1.243370
5.830000 1.283774
5.840000 1.294023
5.850000 1.293111
5.860000 1.249760
5.870000 1.146253
5.880000 1.004129
5.890000 0.875266
5.900000 0.754802
5.910000 0.649275
5.920000 0.555908
5.930000 0.478627
5.940000 0.431922
5.950000 0.408110
5.960000 0.412222
5.970000 0.439373
5.980000 0.447113
5.990000 0.479780
6.000000 0.527023
6.010000 0.584089
6.020000 0.645387
6.030000 0.663665
6.040000 0.662453
6.050000 0.665368
6.060000 0.652588
6.070000 0.634238
6.080000 0.643885
6.090000 0.631167
6.100000 0.606901
6.110000 0.583587
6.120000 0.568176
6.130000 0.566350
6.140000 0.563147
6.150000 0.571338
6.160000 0.595442
6.170000 0.635937
6.180000 0.666575
6.190000 0.674792
6.200000 0.677041
6.210000 0.681969
6.220000 0.699066
6.230000 0.729526
6.240000 0.762102
6.250000 0.779171
6.260000 0.800974
6.270000 0.829989
6.280000 0.849055
6.290000 0.857967
6.300000 0.850487
6.310000 0.825065
6.320000 0.794611
6.330000 0.747046
6.340000 0.700882
6.350000 0.657819
6.360000 0.642337
6.370000 0.628969
6.380000 0.580304
6.390000 0.513656
6.400000 0.441144
6.410000 0.378518
6.420000 0.317146
6.430000 0.276616
6.440000 0.215028
6.450000 0.189586
6.460000 0.181258
6.470000 0.171804
6.480000 0.175622
6.490000 0.183374
6.500000 0.162032
6.510000 0.132164
6.520000 0.109705
6.530000 0.103608
6.540000 0.098631
6.550000 0.076312
6.560000 0.062642
6.570000 0.083590
6.580000 0.117597
6.590000 0.150287
6.600000 0.175443
6.610000 0.203001
6.620000 0.231108
6.630000 0.281044
6.640000 0.336091
6.650000 0.406992
6.660000 0.501842
6.670000 0.594101
6.680000 0.637951
6.690000 0.662739
6.700000 0.662484
6.710000 0.596053
6.720000 0.520696
6.730000 0.460959
6.740000 0.410576
6.750000 0.358957
6.760000 0.312469
6.770000 0.274880
6.780000 0.230178
6.790000 0.189857
6.800000 0.171282
6.810000 0.145824
6.820000 0.148470
6.830000 0.177354
6.840000 0.229869
6.850000 0.287093
6.860000 0.320403
6.870000 0.324277
6.880000 0.372188
6.890000 0.401243
6.900000 0.362882
6.910000 0.327440
6.920000 0.291876
6.930000 0.250063
6.940000 0.167881
6.950000 0.142338
6.960000 0.194955
6.970000 0.236872
6.980000 0.270229
6.990000 0.311836
7.000000 0.348902
7.010000 0.368404
7.020000 0.378407
7.030000 0.368976
7.040000 0.354156
7.050000 0.328469
7.060000 0.305950
7.070000 0.291775
7.080000 0.288758
7.090000 0.286447
7.100000 0.270535
7.110000 0.265385
7.120000 0.264745
7.130000 0.278707
7.140000 0.266755
7.150000 0.257569
7.160000 0.253295
7.170000 0.251394
7.180000 0.243330
7.190000 0.246834
7.200000 0.250363
7.210000 0.236262
7.220000 0.225522
7.230000 0.229617
7.240000 0.247293
7.250000 0.275566
7.260000 0.309719
7.270000 0.356935
7.280000 0.387507
7.290000 0.415118
7.300000 0.430641
7.310000 0.439601
7.320000 0.448894
7.330000 0.471942
7.340000 0.466756
7.350000 0.459465
7.360000 0.451993
7.370000 0.431891
7.380000 0.401157
7.390000 0.376362
7.400000 0.362088
7.410000 0.366357
7.420000 0.382402
7.430000 0.386670
7.440000 0.396193
7.450000 0.407711
7.460000 0.428150
7.470000 0.469105
7.480000 0.472917
7.490000 0.443300
7.500000 0.431067
7.510000 0.429641
7.520000 0.428542
7.530000 0.425079
7.540000 0.409890
7.550000 0.398314
7.560000 0.376719
7.570000 0.370303
7.580000 0.363343
7.590000 0.339616
7.600000 0.313872
7.610000 0.263860
7.620000 0.205088
7.630000 0.159454
7.640000 0.150953
7.650000 0.162790
7.660000 0.172754
7.670000 0.199734
7.680000 0.231912
7.690000 0.244396
7.700000 0.243290
7.710000 0.235080
7.720000 0.236395
7.730000 0.247092
7.740000 0.258898
7.750000 0.268365
7.760000 0.268472
7.770000 0.257464
7.780000 0.245607
7.790000 0.240567
7.800000 0.221367
7.810000 0.222584
7.820000 0.236750
7.830000 0.249389
7.840000 0.236664
7.850000 0.235276
7.860000 0.237228
7.870000 0.225720
7.880000 0.212531
7.890000 0.207819
7.900000 0.198061
7.910000 0.174946
7.920000 0.154338
7.930000 0.127527
7.940000 0.098703
7.950000 0.092902
7.960000 0.114522
7.970000 0.157913
7.980000 0.169142
7.990000 0.176877
8.000000 0.202473
8.010000 0.258369
8.020000 0.337665
8.030000 0.394760
8.040000 0.435041
8.050000 0.464672
8.060000 0.480238
8.070000 0.485757
8.080000 0.500587
8.090000 0.506238
8.100000 0.507385
8.110000 0.507701
8.120000 0.505688
8.130000 0.512903
8.140000 0.526833
8.150000 0.555413
8.160000 0.578074
8.170000 0.597622
8.180000 0.613726
8.190000 0.627574
8.200000 0.620419
8.210000 0.612371
8.220000 0.631145
8.230000 0.644979
8.240000 0.646697
8.250000 0.654043
8.260000 0.662623
8.270000 0.649849
8.280000 0.647287
8.290000 0.641067
8.300000 0.621415
8.310000 0.601709
8.320000 0.590876
8.330000 0.581140
8.340000 0.546701
8.350000 0.505652
8.360000 0.458246
8.370000 0.401950
8.380000 0.344438
8.390000 0.295389
8.400000 0.245288
8.410000 0.194072
8.420000 0.170041
8.430000 0.158554
8.440000 0.159234
8.450000 0.173729
8.460000 0.197850
8.470000 0.184041
8.480000 0.212284
8.490000 0.245212
8.500000 0.279901
8.510000 0.302091
8.520000 0.307737
8.530000 0.309619
8.540000 0.282793
8.550000 0.230148
8.560000 0.208800
8.570000 0.210202
8.580000 0.236948
8.590000 0.264760
8.600000 0.299170
8.610000 0.342384
8.620000 0.390108
8.630000 0.419403
8.640000 0.442558
8.650000 0.426113
8.660000 0.397243
8.670000 0.372515
8.680000 0.343439
8.690000 0.307224
8.700000 0.266971
8.710000 0.227334
8.720000 0.210278
8.730000 0.238153
8.740000 0.268606
8.750000 0.305069
8.760000 0.339335
8.770000 0.350928
8.780000 0.355254
8.790000 0.349121
8.800000 0.340917
8.810000 0.333187
8.820000 0.351221
8.830000 0.372673
8.840000 0.407242
8.850000 0.440526
8.860000 0.479640
8.870000 0.518871
8.880000 0.567467
8.890000 0.608276
8.900000 0.628240
8.910000 0.643957
8.920000 0.643681
8.930000 0.641463
8.940000 0.616553
8.950000 0.577889
8.960000 0.546772
8.970000 0.482269
8.980000 0.435440
8.990000 0.390370
9.000000 0.335756
9.010000 0.340812
9.020000 0.450916
9.030000 0.595163
9.040000 0.735997
9.050000 0.876096
9.060000 1.006487
9.070000 1.103040
9.080000 1.169201
9.090000 1.213575
9.100000 1.219779
9.110000 1.215658
9.120000 1.236108
9.130000 1.205446
9.140000 1.138105
9.150000 1.084393
9.160000 1.019001
9.170000 0.959989
9.180000 0.900238
9.190000 0.880952
9.200000 0.890830
9.210000 0.890965
9.220000 0.862910
9.230000 0.836102
9.240000 0.816561
9.250000 0.850536
9.260000 0.890750
9.270000 0.942535
9.280000 1.032535
9.290000 1.125041
9.300000 1.179016
9.310000 1.230519
9.320000 1.259701
9.330000 1.194275
9.340000 1.178810
9.350000 1.179993
9.360000 1.214657
9.370000 1.272733
9.380000 1.369932
9.390000 1.457572
9.400000 1.517143
9.410000 1.534204
9.420000 1.530297
9.430000 1.477225
9.440000 1.472541
9.450000 1.476002
9.460000 1.451194
9.470000 1.387887
9.480000 1.290336
9.490000 1.204252
9.500000 1.155029
9.510000 1.122030
9.520000 1.088318
9.530000 1.038695
9.540000 0.993119
9.550000 0.924095
9.560000 0.825576
9.570000 0.754983
9.580000 0.699822
9.590000 0.679738
9.600000 0.691744
9.610000 0.710112
9.620000 0.750210
9.630000 0.790710
9.640000 0.784480
9.650000 0.764318
9.660000 0.763048
9.670000 0.802687
9.680000 0.875150
9.690000 0.916841
9.700000 0.957711
9.710000 0.993572
9.720000 1.014163
9.730000 1.038181
9.740000 1.072345
9.750000 1.104155
9.760000 1.103411
9.770000 1.089760
9.780000 1.110368
9.790000 1.169048
9.800000 1.250051
9.810000 1.325122
9.820000 1.370205
9.830000 1.382943
9.840000 1.378940
9.850000 1.331379
9.860000 1.299810
9.870000 1.309392
9.880000 1.284567
9.890000 1.253477
9.900000 1.242798
9.910000 1.242455
9.920000 1.261809
9.930000 1.290659
9.940000 1.328433
9.950000 1.338051
9.960000 1.269539
9.970000 1.195492
9.980000 1.137300
9.990000 1.071695
10.000000 1.005630
10.010000 0.946540
10.020000 0.879252
10.030000 0.833714
10.040000 0.825332
10.050000 0.795528
10.060000 0.739626
10.070000 0.707881
10.080000 0.695661
10.090000 0.685771
10.100000 0.669439
10.110000 0.643267
10.120000 0.597038
10.130000 0.557937
10.140000 0.511157
10.150000 0.485464
10.160000 0.464923
10.170000 0.451041
10.180000 0.463836
10.190000 0.534766
10.200000 0.611457
10.210000 0.689521
10.220000 0.744852
10.230000 0.778096
10.240000 0.787210
10.250000 0.797937
10.260000 0.821852
10.270000 0.877251
10.280000 0.842129
10.290000 0.823134
10.300000 0.822241
10.310000 0.823253
10.320000 0.821425
10.330000 0.835642
10.340000 0.841341
10.350000 0.853384
10.360000 0.915531
10.370000 0.982571
10.380000 1.021343
10.390000 1.012249
10.400000 1.024051
10.410000 1.045293
10.420000 1.049157
10.430000 1.016657
10.440000 1.001350
10.450000 0.971574
10.460000 0.954400
10.470000 0.946419
10.480000 0.952601
10.490000 0.923960
10.500000 0.859586
10.510000 0.810100
10.520000 0.769238
10.530000 0.738708
10.540000 0.724310
10.550000 0.701073
10.560000 0.696096
10.570000 0.723733
10.580000 0.751985
10.590000 0.745857
10.600000 0.781590
10.610000 0.819784
10.620000 0.833900
10.630000 0.819576
10.640000 0.780893
10.650000 0.660771
10.660000 0.523209
10.670000 0.409522
10.680000 0.356397
10.690000 0.314913
10.700000 0.269108
10.710000 0.232885
10.720000 0.212529
10.730000 0.230369
10.740000 0.258119
10.750000 0.263832
10.760000 0.271367
10.770000 0.289316
10.780000 0.269217
10.790000 0.270708
10.800000 0.310170
10.810000 0.336329
10.820000 0.334931
10.830000 0.304735
10.840000 0.288790
10.850000 0.262304
10.860000 0.245079
10.870000 0.246599
10.880000 0.245155
10.890000 0.234241
10.900000 0.204395
10.910000 0.178639
10.920000 0.172092
10.930000 0.158822
10.940000 0.174498
10.950000 0.224091
10.960000 0.296876
10.970000 0.337270
10.980000 0.375946
10.990000 0.397635
11.000000 0.430846
11.010000 0.454519
11.020000 0.482092
11.030000 0.506833
11.040000 0.526546
11.050000 0.544492
11.060000 0.572669
11.070000 0.608042
11.080000 0.627023
11.090000 0.646922
11.100000 0.671549
11.110000 0.689310
11.120000 0.694750
11.130000 0.692821
11.140000 0.666330
11.150000 0.615722
11.160000 0.556325
11.170000 0.511770
11.180000 0.474689
11.190000 0.430702
11.200000 0.395773
11.210000 0.368665
11.220000 0.353306
11.230000 0.335647
11.240000 0.338134
11.250000 0.353651
11.260000 0.371489
11.270000 0.380815
11.280000 0.382220
11.290000 0.368407
11.300000 0.348749
11.310000 0.326926
11.320000 0.290891
11.330000 0.259197
11.340000 0.218051
11.350000 0.170437
11.360000 0.121353
11.370000 0.100198
11.380000 0.097866
11.390000 0.115316
11.400000 0.169816
11.410000 0.220010
11.420000 0.253320
11.430000 0.285824
11.440000 0.331251
11.450000 0.372802
11.460000 0.422406
11.470000 0.441156
11.480000 0.458516
11.490000 0.482813
11.500000 0.512599
11.510000 0.541825
11.520000 0.553951
11.530000 0.542327
11.540000 0.521609
11.550000 0.484687
11.560000 0.444247
11.570000 0.419156
11.580000 0.429905
11.590000 0.447014
11.600000 0.482696
11.610000 0.532820
11.620000 0.581772
11.630000 0.588761
11.640000 0.586410
11.650000 0.574863
11.660000 0.551084
11.670000 0.553983
11.680000 0.592538
11.690000 0.647944
11.700000 0.702483
11.710000 0.691489
11.720000 0.638052
11.730000 0.609675
11.740000 0.573382
11.750000 0.492924
11.760000 0.404040
11.770000 0.329431
11.780000 0.241460
11.790000 0.159915
11.800000 0.111919
11.810000 0.094279
11.820000 0.098263
11.830000 0.090315
11.840000 0.079589
11.850000 0.068571
11.860000 0.105600
11.870000 0.190067
11.880000 0.278689
11.890000 0.331189
11.900000 0.363461
11.910000 0.361894
11.920000 0.366985
11.930000 0.327279
11.940000 0.290333
11.950000 0.303058
11.960000 0.323783
11.970000 0.343994
11.980000 0.390421
11.990000 0.406071
12.000000 0.410979
12.010000 0.409858
12.020000 0.424291
12.030000 0.416360
12.040000 0.411204
12.050000 0.423931
12.060000 0.434121
12.070000 0.433375
12.080000 0.428551
12.090000 0.429664
12.100000 0.409893
12.110000 0.426752
12.120000 0.457674
12.130000 0.513247
12.140000 0.541905
12.150000 0.556880
12.160000 0.570022
12.170000 0.567039
12.180000 0.557748
12.190000 0.539210
12.200000 0.514306
12.210000 0.460428
12.220000 0.424052
12.230000 0.401194
12.240000 0.414537
12.250000 0.440721
12.260000 0.464422
12.270000 0.478723
12.280000 0.503884
12.290000 0.519799
12.300000 0.519178
12.310000 0.516416
12.320000 0.501107
12.330000 0.470749
12.340000 0.430168
12.350000 0.373627
12.360000 0.322372
12.370000 0.274005
12.380000 0.219802
12.390000 0.160629
12.400000 0.117789
12.410000 0.081712
12.420000 0.073987
12.430000 0.070288
12.440000 0.083424
12.450000 0.099307
12.460000 0.137491
12.470000 0.190558
12.480000 0.239242
12.490000 0.302626
12.500000 0.376080
12.510000 0.431853
12.520000 0.477855
12.530000 0.478967
12.540000 0.435879
12.550000 0.374538
12.560000 0.321077
12.570000 0.284248
12.580000 0.273160
12.590000 0.296528
12.600000 0.323445
12.610000 0.339796
12.620000 0.343638
12.630000 0.366892
12.640000 0.386005
12.650000 0.398353
12.660000 0.410326
12.670000 0.394754
12.680000 0.374772
12.690000 0.339591
12.700000 0.310603
12.710000 0.310124
12.720000 0.336788
12.730000 0.349865
12.740000 0.387046
12.750000 0.425765
12.760000 0.454596
12.770000 0.463223
12.780000 0.449350
12.790000 0.442484
12.800000 0.412105
12.810000 0.372462
12.820000 0.305606
12.830000 0.249873
12.840000 0.248329
12.850000 0.248682
12.860000 0.239894
12.870000 0.261854
12.880000 0.273328
12.890000 0.257230
12.900000 0.226469
12.910000 0.184107
12.920000 0.144357
12.930000 0.085968
12.940000 0.066301
12.950000 0.111006
12.960000 0.185494
12.970000 0.242456
12.980000 0.298293
12.990000 0.330290
13.000000 0.342473
13.010000 0.337164
13.020000 0.330458
13.030000 0.311157
13.040000 0.289541
13.050000 0.241881
13.060000 0.171429
13.070000 0.145425
13.080000 0.114708
13.090000 0.099509
13.100000 0.111005
13.110000 0.153885
13.120000 0.188992
13.130000 0.229716
13.140000 0.268461
13.150000 0.312379
13.160000 0.368774
13.170000 0.409341
13.180000 0.419830
13.190000 0.418543
13.200000 0.383926
13.210000 0.323281
13.220000 0.252766
13.230000 0.214934
13.240000 0.219550
13.250000 0.258678
13.260000 0.308530
13.270000 0.344040
13.280000 0.400386
13.290000 0.404560
13.300000 0.382000
13.310000 0.361572
13.320000 0.342873
13.330000 0.329491
13.340000 0.302900
13.350000 0.265583
13.360000 0.246319
13.370000 0.281903
13.380000 0.313916
13.390000 0.319906
13.400000 0.345349
13.410000 0.333933
13.420000 0.307347
13.430000 0.290575
13.440000 0.281411
13.450000 0.281772
13.460000 0.298518
13.470000 0.316813
13.480000 0.339753
13.490000 0.372295
13.500000 0.391471
13.510000 0.408709
13.520000 0.412158
13.530000 0.418307
13.540000 0.434232
13.550000 0.433485
13.560000 0.437373
13.570000 0.432591
13.580000 0.428579
13.590000 0.416460
13.600000 0.408057
13.610000 0.398129
13.620000 0.359109
13.630000 0.319539
13.640000 0.277682
13.650000 0.234873
13.660000 0.201671
13.670000 0.188630
13.680000 0.171987
13.690000 0.169442
13.700000 0.177205
13.710000 0.225659
13.720000 0.287555
13.730000 0.332765
13.740000 0.369789
13.750000 0.382328
13.760000 0.366125
13.770000 0.322446
13.780000 0.283395
13.790000 0.264381
13.800000 0.253370
13.810000 0.227312
13.820000 0.200434
13.830000 0.173088
13.840000 0.134309
13.850000 0.115628
13.860000 0.101862
13.870000 0.109812
13.880000 0.141771
13.890000 0.172071
13.900000 0.211205
13.910000 0.244881
13.920000 0.246692
13.930000 0.252765
13.940000 0.258394
13.950000 0.265109
13.960000 0.277198
13.970000 0.293295
13.980000 0.303758
13.990000 0.303536
14.000000 0.292059
14.010000 0.277162
14.020000 0.251373
14.030000 0.222552
14.040000 0.209041
14.050000 0.173099
14.060000 0.129769
14.070000 0.089774
14.080000 0.056686
14.090000 0.065817
14.100000 0.098534
14.110000 0.144973
14.120000 0.186113
14.130000 0.228668
14.140000 0.257750
14.150000 0.281891
14.160000 0.294361
14.170000 0.297546
14.180000 0.306220
14.190000 0.306598
14.200000 0.297878
14.210000 0.292177
14.220000 0.253895
14.230000 0.211540
14.240000 0.169273
14.250000 0.179866
14.260000 0.212831
14.270000 0.242078
14.280000 0.258572
14.290000 0.298218
14.300000 0.328057
14.310000 0.320484
14.320000 0.301090
14.330000 0.289698
14.340000 0.268585
14.350000 0.251482
14.360000 0.231742
14.370000 0.238594
14.380000 0.261164
14.390000 0.298041
14.400000 0.338713
14.410000 0.379697
14.420000 0.416514
14.430000 0.444562
14.440000 0.462187
14.450000 0.483614
14.460000 0.496560
14.470000 0.479771
14.480000 0.465975
14.490000 0.466043
14.500000 0.453190
14.510000 0.406725
14.520000 0.336682
14.530000 0.270607
14.540000 0.217761
14.550000 0.190265
14.560000 0.169709
14.570000 0.157829
14.580000 0.147942
14.590000 0.117847
14.600000 0.107577
14.610000 0.118089
14.620000 0.150997
14.630000 0.188261
14.640000 0.209367
14.650000 0.234486
14.660000 0.272382
14.670000 0.301738
14.680000 0.313843
14.690000 0.314991
14.700000 0.280753
14.710000 0.260805
14.720000 0.248902
14.730000 0.254257
14.740000 0.279616
14.750000 0.313219
14.760000 0.343707
14.770000 0.351934
14.780000 0.351045
14.790000 0.344979
14.800000 0.278797
14.810000 0.222223
14.820000 0.219243
14.830000 0.247046
14.840000 0.297243
14.850000 0.352812
14.860000 0.400203
14.870000 0.425056
14.880000 0.437264
14.890000 0.468552
14.900000 0.454112
14.910000 0.403750
14.920000 0.353987
14.930000 0.294877
14.940000 0.227212
14.950000 0.194775
14.960000 0.187809
14.970000 0.202670
14.980000 0.207608
14.990000 0.159878
15.000000 0.142193
15.010000 0.138842
15.020000 0.111867
15.030000 0.076207
15.040000 0.065597
15.050000 0.102363
15.060000 0.137868
15.070000 0.160958
15.080000 0.192875
15.090000 0.246979
15.100000 0.307593
15.110000 0.341233
15.120000 0.351447
15.130000 0.339308
15.140000 0.337572
15.150000 0.325019
15.160000 0.317832
15.170000 0.322049
15.180000 0.325497
15.190000 0.333268
15.200000 0.295938
15.210000 0.244585
15.220000 0.211196
15.230000 0.196731
15.240000 0.168060
15.250000 0.150207
15.260000 0.163558
15.270000 0.137247
15.280000 0.095489
15.290000 0.060453
15.300000 0.032849
15.310000 0.027706
15.320000 0.046217
15.330000 0.059435
15.340000 0.082383
15.350000 0.116557
15.360000 0.152065
15.370000 0.162028
15.380000 0.167071
15.390000 0.176156
15.400000 0.202044
15.410000 0.210090
15.420000 0.194888
15.430000 0.159159
15.440000 0.143002
15.450000 0.102996
15.460000 0.065756
15.470000 0.075224
15.480000 0.088149
15.490000 0.116960
15.500000 0.141059
15.510000 0.116115
15.520000 0.075186
15.530000 0.067343
15.540000 0.074369
15.550000 0.112401
15.560000 0.175013
15.570000 0.238780
15.580000 0.277443
15.590000 0.292637
15.600000 0.305286
15.610000 0.312331
15.620000 0.310493
15.630000 0.300095
15.640000 0.279306
15.650000 0.274581
15.660000 0.273553
15.670000 0.297771
15.680000 0.313655
15.690000 0.296438
15.700000 0.265571
15.710000 0.247869
15.720000 0.211752
15.730000 0.196972
15.740000 0.141710
15.750000 0.131032
15.760000 0.165289
15.770000 0.189983
15.780000 0.194922
15.790000 0.211154
15.800000 0.255268
15.810000 0.292650
15.820000 0.317708
15.830000 0.335675
15.840000 0.342839
15.850000 0.352491
15.860000 0.372730
15.870000 0.391099
15.880000 0.346821
15.890000 0.284763
15.900000 0.227889
15.910000 0.194755
15.920000 0.178897
15.930000 0.150751
15.940000 0.121232
15.950000 0.123506
15.960000 0.090543
15.970000 0.065989
15.980000 0.082312
15.990000 0.128655
16.000000 0.122527
16.010000 0.107123
16.020000 0.090210
16.030000 0.092886
16.040000 0.087898
16.050000 0.083607
16.060000 0.071755
16.070000 0.100464
16.080000 0.112840
16.090000 0.131622
16.100000 0.140428
16.110000 0.172478
16.120000 0.219242
16.130000 0.264536
16.140000 0.295983
16.150000 0.311958
16.160000 0.338092
16.170000 0.355856
16.180000 0.335687
16.190000 0.341852
16.200000 0.342473
16.210000 0.353868
16.220000 0.355186
16.230000 0.364783
16.240000 0.348714
16.250000 0.336334
16.260000 0.307873
16.270000 0.247087
16.280000 0.180848
16.290000 0.133293
16.300000 0.116804
16.310000 0.142353
16.320000 0.196197
16.330000 0.234727
16.340000 0.242061
16.350000 0.253294
16.360000 0.252946
16.370000 0.246192
16.380000 0.247342
16.390000 0.237484
16.400000 0.267344
16.410000 0.309530
16.420000 0.317933
16.430000 0.311699
16.440000 0.290683
16.450000 0.257933
16.460000 0.253458
16.470000 0.244666
16.480000 0.236078
16.490000 0.247160
16.500000 0.264150
16.510000 0.286886
16.520000 0.285885
16.530000 0.284312
16.540000 0.268945
16.550000 0.232076
16.560000 0.190068
16.570000 0.157792
16.580000 0.158277
16.590000 0.160197
16.600000 0.141712
16.610000 0.122144
16.620000 0.106271
16.630000 0.094456
16.640000 0.106828
16.650000 0.148526
16.660000 0.150995
16.670000 0.125736
16.680000 0.118809
16.690000 0.131409
16.700000 0.160075
16.710000 0.191000
16.720000 0.170094
16.730000 0.151314
16.740000 0.108641
16.750000 0.119136
16.760000 0.156998
16.770000 0.187166
16.780000 0.205151
16.790000 0.200847
16.800000 0.183179
16.810000 0.199248
16.820000 0.207913
16.830000 0.219540
16.840000 0.182148
16.850000 0.169143
16.860000 0.172753
16.870000 0.191046
16.880000 0.210033
16.890000 0.218834
16.900000 0.236777
16.910000 0.242761
16.920000 0.244273
16.930000 0.253500
16.940000 0.269209
16.950000 0.266692
16.960000 0.247856
16.970000 0.252995
16.980000 0.276695
16.990000 0.265252
17.000000 0.245827
17.010000 0.262735
17.020000 0.290782
17.030000 0.280989
17.040000 0.264298
17.050000 0.247989
17.060000 0.232217
17.070000 0.233345
17.080000 0.211247
17.090000 0.197066
17.100000 0.198214
17.110000 0.210800
17.120000 0.189952
17.130000 0.187272
17.140000 0.194065
17.150000 0.193428
17.160000 0.190612
17.170000 0.144239
17.180000 0.144227
17.190000 0.150613
17.200000 0.143806
17.210000 0.144977
17.220000 0.153330
17.230000 0.160862
17.240000 0.180563
17.250000 0.209388
17.260000 0.231906
17.270000 0.232584
17.280000 0.247114
17.290000 0.277850
17.300000 0.288576
17.310000 0.273173
17.320000 0.243702
17.330000 0.214369
17.340000 0.179000
17.350000 0.152992
17.360000 0.162088
17.370000 0.199603
17.380000 0.203059
17.390000 0.206359
17.400000 0.228370
17.410000 0.213399
17.420000 0.197971
17.430000 0.218385
17.440000 0.234175
17.450000 0.243232
17.460000 0.234041
17.470000 0.209046
17.480000 0.214240
17.490000 0.202458
17.500000 0.196356
17.510000 0.212305
17.520000 0.217754
17.530000 0.233264
17.540000 0.258565
17.550000 0.298849
17.560000 0.325962
17.570000 0.311360
17.580000 0.291515
17.590000 0.276589
17.600000 0.288501
17.610000 0.331689
17.620000 0.370197
17.630000 0.387483
17.640000 0.384928
17.650000 0.394722
17.660000 0.403081
17.670000 0.407374
17.680000 0.434464
17.690000 0.461392
17.700000 0.486443
17.710000 0.503236
17.720000 0.515977
17.730000 0.521280
17.740000 0.527828
17.750000 0.548662
17.760000 0.578607
17.770000 0.586173
17.780000 0.546355
17.790000 0.484892
17.800000 0.438188
17.810000 0.430142
17.820000 0.460151
17.830000 0.492837
17.840000 0.507121
17.850000 0.477974
17.860000 0.426503
17.870000 0.385230
17.880000 0.347233
17.890000 0.298351
17.900000 0.244608
17.910000 0.219099
17.920000 0.185297
17.930000 0.159370
17.940000 0.179499
17.950000 0.172114
17.960000 0.120890
17.970000 0.135903
17.980000 0.174941
17.990000 0.163900
18.000000 0.165688
18.010000 0.222474
18.020000 0.279826
18.030000 0.317144
18.040000 0.354277
18.050000 0.387102
18.060000 0.415259
18.070000 0.382865
18.080000 0.331253
18.090000 0.284259
18.100000 0.236270
18.110000 0.199389
18.120000 0.141631
18.130000 0.123374
18.140000 0.139076
18.150000 0.217198
18.160000 0.233722
18.170000 0.264637
18.180000 0.289517
18.190000 0.273752
18.200000 0.319629
18.210000 0.403479
18.220000 0.520248
18.230000 0.624536
18.240000 0.707953
18.250000 0.768643
18.260000 0.843017
18.270000 0.891767
18.280000 0.914503
18.290000 0.936404
18.300000 0.916347
18.310000 0.850871
18.320000 0.817253
18.330000 0.811939
18.340000 0.802226
18.350000 0.791997
18.360000 0.795206
18.370000 0.798673
18.380000 0.790661
18.390000 0.775361
18.400000 0.754152
18.410000 0.755868
18.420000 0.749321
18.430000 0.713395
18.440000 0.670518
18.450000 0.650521
18.460000 0.637557
18.470000 0.609537
18.480000 0.601031
18.490000 0.582381
18.500000 0.571446
18.510000 0.560760
18.520000 0.528858
18.530000 0.470064
18.540000 0.422787
18.550000 0.380869
18.560000 0.340798
18.570000 0.340583
18.580000 0.314558
18.590000 0.285021
18.600000 0.264236
18.610000 0.257309
18.620000 0.261343
18.630000 0.257268
18.640000 0.255946
18.650000 0.252088
18.660000 0.257271
18.670000 0.257945
18.680000 0.261981
18.690000 0.267763
18.700000 0.261935
18.710000 0.250616
18.720000 0.234370
18.730000 0.211124
18.740000 0.189351
18.750000 0.168169
18.760000 0.138211
18.770000 0.123999
18.780000 0.111294
18.790000 0.108663
18.800000 0.125965
18.810000 0.131414
18.820000 0.135167
18.830000 0.141464
18.840000 0.153595
18.850000 0.173755
18.860000 0.167105
18.870000 0.158056
18.880000 0.168573
18.890000 0.178057
18.900000 0.184777
18.910000 0.174715
18.920000 0.158230
18.930000 0.136300
18.940000 0.102968
18.950000 0.083101
18.960000 0.078634
18.970000 0.093122
18.980000 0.104002
18.990000 0.092313
19.000000 0.075124
19.010000 0.067944
19.020000 0.072405
19.030000 0.060374
19.040000 0.056913
19.050000 0.076610
19.060000 0.123928
19.070000 0.179355
19.080000 0.215511
19.090000 0.197976
19.100000 0.169784
19.110000 0.143475
19.120000 0.117541
19.130000 0.103582
19.140000 0.117386
19.150000 0.158150
19.160000 0.193698
19.170000 0.188738
19.180000 0.174514
19.190000 0.162405
19.200000 0.155545
19.210000 0.155408
19.220000 0.147747
19.230000 0.134696
19.240000 0.166560
19.250000 0.176905
19.260000 0.160911
19.270000 0.160978
19.280000 0.153887
19.290000 0.146610
19.300000 0.131615
19.310000 0.127955
19.320000 0.118670
19.330000 0.136347
19.340000 0.189711
19.350000 0.194005
19.360000 0.155261
19.370000 0.093107
19.380000 0.074736
19.390000 0.099689
19.400000 0.095605
19.410000 0.105931
19.420000 0.129193
19.430000 0.127557
19.440000 0.119825
19.450000 0.145878
19.460000 0.160870
19.470000 0.148539
19.480000 0.132339
19.490000 0.080454
19.500000 0.039154
19.510000 0.030190
19.520000 0.046588
19.530000 0.072781
19.540000 0.092438
19.550000 0.115981
19.560000 0.135884
19.570000 0.135644
19.580000 0.116778
19.590000 0.101702
19.600000 0.095096
19.610000 0.108790
19.620000 0.110269
19.630000 0.093990
19.640000 0.074755
19.650000 0.043022
19.660000 0.036761
19.670000 0.035214
19.680000 0.034590
19.690000 0.054710
19.700000 0.088960
19.710000 0.125646
19.720000 0.154968
19.730000 0.150771
19.740000 0.125161
19.750000 0.122664
19.760000 0.131930
19.770000 0.152217
19.780000 0.103980
19.790000 0.074974
19.800000 0.078339
19.810000 0.097557
19.820000 0.115072
19.830000 0.150089
19.840000 0.173377
19.850000 0.169594
19.860000 0.157492
19.870000 0.157595
19.880000 0.152823
19.890000 0.151193
19.900000 0.139769
19.910000 0.135751
19.920000 0.145790
19.930000 0.146072
19.940000 0.116158
19.950000 0.074127
19.960000 0.056519
19.970000 0.071475
19.980000 0.104838
19.990000 0.136652
