0.000000 7.809876
0.010000 8.098620
0.020000 8.290487
0.030000 8.490496
0.040000 8.416988
0.050000 8.194098
0.060000 7.777830
0.070000 7.121361
0.080000 6.427351
0.090000 5.716001
0.100000 4.388526
0.110000 3.644144
0.120000 2.383343
0.130000 1.733701
0.140000 3.459426
0.150000 6.335071
0.160000 8.212551
0.170000 9.569799
0.180000 10.457527
0.190000 10.856780
0.200000 10.967165
0.210000 10.970275
0.220000 10.592780
0.230000 10.321072
0.240000 9.909706
0.250000 9.248695
0.260000 8.399605
0.270000 7.569533
0.280000 6.941675
0.290000 6.160739
0.300000 5.829010
0.310000 6.107138
0.320000 6.442228
0.330000 6.006094
0.340000 5.203029
0.350000 5.160682
0.360000 5.291501
0.370000 4.968549
0.380000 4.866443
0.390000 5.050242
0.400000 5.173123
0.410000 5.185705
0.420000 4.376638
0.430000 3.729271
0.440000 3.326512
0.450000 3.560713
0.460000 3.523018
0.470000 3.326683
0.480000 3.323739
0.490000 3.276294
0.500000 3.280423
0.510000 3.191498
0.520000 3.113391
0.530000 3.155501
0.540000 3.392351
0.550000 3.608597
0.560000 3.654303
0.570000 3.707834
0.580000 4.127862
0.590000 4.639461
0.600000 5.241927
0.610000 6.040468
0.620000 6.851818
0.630000 7.337455
0.640000 7.389684
0.650000 7.404500
0.660000 7.429260
0.670000 7.274177
0.680000 6.981565
0.690000 6.696995
0.700000 6.161665
0.710000 5.675681
0.720000 4.967293
0.730000 3.654841
0.740000 3.119640
0.750000 1.913238
0.760000 1.584281
0.770000 3.538530
0.780000 5.822524
0.790000 7.597282
0.800000 8.996992
0.810000 9.930002
0.820000 10.385290
0.830000 10.601798
0.840000 10.613552
0.850000 10.209552
0.860000 9.886239
0.870000 9.356283
0.880000 8.528241
0.890000 7.502862
0.900000 6.568428
0.910000 5.772923
0.920000 5.233121
0.930000 4.915842
0.940000 5.121910
0.950000 5.714709
0.960000 5.309383
0.970000 4.661763
0.980000 4.506305
0.990000 4.809114
1.000000 4.663030
1.010000 4.882367
1.020000 5.226679
1.030000 5.410120
1.040000 5.260945
1.050000 4.538959
1.060000 3.536638
1.070000 3.220629
1.080000 3.467527
1.090000 3.310870
1.100000 3.155747
1.110000 3.023119
1.120000 2.991397
1.130000 2.831336
1.140000 2.762888
1.150000 2.809443
1.160000 2.791041
1.170000 3.074479
1.180000 3.150345
1.190000 3.088855
1.200000 3.085501
1.210000 3.389043
1.220000 3.963089
1.230000 4.723354
1.240000 5.548086
1.250000 5.844443
1.260000 6.124893
1.270000 6.252982
1.280000 6.223164
1.290000 6.316115
1.300000 6.285721
1.310000 6.014668
1.320000 5.697554
1.330000 5.147926
1.340000 4.611306
1.350000 4.227976
1.360000 3.330461
1.370000 2.636055
1.380000 1.754430
1.390000 1.534483
1.400000 3.207477
1.410000 4.784576
1.420000 6.752218
1.430000 8.262822
1.440000 9.372132
1.450000 10.028778
1.460000 10.237134
1.470000 10.121216
1.480000 9.851536
1.490000 9.553584
1.500000 9.033203
1.510000 8.152774
1.520000 6.998959
1.530000 5.922558
1.540000 4.842505
1.550000 4.040875
1.560000 3.977164
1.570000 4.050105
1.580000 4.621222
1.590000 4.847545
1.600000 4.420426
1.610000 4.127644
1.620000 4.451249
1.630000 4.559115
1.640000 4.588103
1.650000 5.150547
1.660000 5.380135
1.670000 5.156965
1.680000 4.609514
1.690000 3.445448
1.700000 3.039749
1.710000 3.244833
1.720000 3.131364
1.730000 3.006469
1.740000 2.761373
1.750000 2.665539
1.760000 2.684050
1.770000 2.670169
1.780000 2.582426
1.790000 2.582895
1.800000 2.709748
1.810000 2.683414
1.820000 2.609403
1.830000 2.579896
1.840000 2.718704
1.850000 3.371339
1.860000 4.273015
1.870000 4.521619
1.880000 4.524784
1.890000 4.687399
1.900000 4.887346
1.910000 5.059018
1.920000 5.166169
1.930000 5.224599
1.940000 5.129966
1.950000 4.785037
1.960000 4.266339
1.970000 3.717600
1.980000 3.263034
1.990000 2.857204
2.000000 2.285476
2.010000 1.667830
2.020000 1.704884
2.030000 2.457443
2.040000 3.844551
2.050000 5.504697
2.060000 7.153894
2.070000 8.405532
2.080000 9.180388
2.090000 9.463114
2.100000 9.502675
2.110000 9.525157
2.120000 9.349468
2.130000 9.019857
2.140000 8.323002
2.150000 7.207135
2.160000 5.874706
2.170000 4.611710
2.180000 3.344497
2.190000 2.853975
2.200000 3.166001
2.210000 3.602077
2.220000 4.237247
2.230000 4.052919
2.240000 3.724229
2.250000 3.777163
2.260000 4.558658
2.270000 4.560587
2.280000 4.873108
2.290000 5.041345
2.300000 4.891148
2.310000 4.582672
2.320000 3.577881
2.330000 2.789757
2.340000 2.912510
2.350000 2.959947
2.360000 2.830335
2.370000 2.493996
2.380000 2.303911
2.390000 2.389663
2.400000 2.482400
2.410000 2.393058
2.420000 2.217451
2.430000 2.208138
2.440000 2.272139
2.450000 2.157062
2.460000 2.152682
2.470000 2.313889
2.480000 2.777609
2.490000 3.622095
2.500000 3.788081
2.510000 3.399969
2.520000 3.383173
2.530000 3.538174
2.540000 3.800628
2.550000 4.051940
2.560000 4.306273
2.570000 4.425211
2.580000 4.340915
2.590000 3.892845
2.600000 3.111681
2.610000 2.286899
2.620000 2.085375
2.630000 2.349236
2.640000 1.423069
2.650000 1.556374
2.660000 1.861781
2.670000 2.868014
2.680000 4.106724
2.690000 5.651093
2.700000 7.307821
2.710000 8.691758
2.720000 9.403230
2.730000 9.249835
2.740000 8.749807
2.750000 8.221508
2.760000 7.947378
2.770000 7.610803
2.780000 7.116082
2.790000 6.217765
2.800000 5.112417
2.810000 3.874758
2.820000 2.857186
2.830000 2.716697
2.840000 3.278524
2.850000 3.779401
2.860000 4.009249
2.870000 3.695072
2.880000 3.037110
2.890000 3.419034
2.900000 4.212692
2.910000 4.428139
2.920000 4.710207
2.930000 4.540236
2.940000 4.336765
2.950000 3.718430
2.960000 2.968650
2.970000 2.598324
2.980000 2.805986
2.990000 2.532208
3.000000 2.318852
3.010000 2.028337
3.020000 2.015095
3.030000 2.136348
3.040000 2.268281
3.050000 2.088163
3.060000 1.588002
3.070000 1.519461
3.080000 1.536082
3.090000 1.605046
3.100000 1.876554
3.110000 2.280925
3.120000 2.621263
3.130000 2.835004
3.140000 2.624520
3.150000 2.353180
3.160000 2.252382
3.170000 2.367313
3.180000 2.749298
3.190000 3.133657
3.200000 3.511820
3.210000 3.883341
3.220000 3.819739
3.230000 3.524525
3.240000 2.662457
3.250000 1.143043
3.260000 1.881727
3.270000 2.206452
3.280000 0.967490
3.290000 1.292035
3.300000 1.845695
3.310000 2.544419
3.320000 4.141095
3.330000 6.090981
3.340000 7.791901
3.350000 8.896216
3.360000 8.652591
3.370000 8.068094
3.380000 7.600067
3.390000 6.907308
3.400000 6.630933
3.410000 6.226435
3.420000 5.516860
3.430000 4.664464
3.440000 4.415662
3.450000 3.635189
3.460000 3.040695
3.470000 2.803213
3.480000 2.833665
3.490000 3.473023
3.500000 3.642463
3.510000 3.562386
3.520000 3.048072
3.530000 2.886695
3.540000 3.483705
3.550000 3.710329
3.560000 4.169285
3.570000 4.174111
3.580000 3.690974
3.590000 3.107626
3.600000 2.641452
3.610000 2.369909
3.620000 2.565326
3.630000 2.279256
3.640000 1.835039
3.650000 1.969404
3.660000 2.035803
3.670000 2.188594
3.680000 2.172608
3.690000 1.940563
3.700000 1.432912
3.710000 1.369687
3.720000 1.040367
3.730000 0.935028
3.740000 1.347605
3.750000 1.967100
3.760000 2.047943
3.770000 1.760705
3.780000 1.765151
3.790000 1.650713
3.800000 1.660597
3.810000 1.480047
3.820000 1.619317
3.830000 1.921962
3.840000 2.166087
3.850000 2.579432
3.860000 3.093350
3.870000 3.047537
3.880000 2.656686
3.890000 0.718235
3.900000 1.667917
3.910000 3.056667
3.920000 1.425874
3.930000 0.770800
3.940000 1.790301
3.950000 2.044488
3.960000 3.537204
3.970000 5.587744
3.980000 7.303084
3.990000 7.656332
4.000000 7.236626
4.010000 6.840404
4.020000 6.413203
4.030000 6.209812
4.040000 5.915793
4.050000 5.397622
4.060000 4.665382
4.070000 3.992646
4.080000 3.410072
4.090000 2.739667
4.100000 2.649987
4.110000 2.686914
4.120000 2.624440
4.130000 2.595725
4.140000 3.157392
4.150000 2.861991
4.160000 2.880127
4.170000 2.563056
4.180000 2.559300
4.190000 2.828749
4.200000 2.815985
4.210000 3.146507
4.220000 3.383148
4.230000 2.758430
4.240000 2.203736
4.250000 1.896548
4.260000 2.246052
4.270000 2.218825
4.280000 1.595588
4.290000 1.620828
4.300000 1.845208
4.310000 1.728598
4.320000 1.854950
4.330000 1.649329
4.340000 1.568875
4.350000 1.488940
4.360000 1.297753
4.370000 0.967818
4.380000 0.829195
4.390000 1.195429
4.400000 1.340388
4.410000 1.109668
4.420000 0.984385
4.430000 0.890898
4.440000 0.880293
4.450000 1.069691
4.460000 0.966893
4.470000 1.023378
4.480000 1.203962
4.490000 1.336336
4.500000 1.647153
4.510000 2.364468
4.520000 2.429667
4.530000 1.547187
4.540000 0.696045
4.550000 2.650176
4.560000 3.449629
4.570000 2.073425
4.580000 1.576922
4.590000 2.145690
4.600000 2.792158
4.610000 4.272811
4.620000 5.333034
4.630000 5.996730
4.640000 5.634734
4.650000 5.795693
4.660000 5.752337
4.670000 5.431892
4.680000 5.177184
4.690000 4.499241
4.700000 4.098149
4.710000 3.574194
4.720000 3.266637
4.730000 2.705575
4.740000 1.997280
4.750000 1.491764
4.760000 1.396082
4.770000 1.985841
4.780000 2.145680
4.790000 2.302612
4.800000 2.328080
4.810000 1.949996
4.820000 2.252676
4.830000 2.076173
4.840000 2.300849
4.850000 2.070854
4.860000 1.821895
4.870000 2.291612
4.880000 1.897099
4.890000 1.695916
4.900000 1.324330
4.910000 2.044876
4.920000 2.019971
4.930000 1.641782
4.940000 1.264047
4.950000 1.600219
4.960000 1.517156
4.970000 1.471621
4.980000 1.192185
4.990000 1.008332
5.000000 0.961675
5.010000 1.252630
5.020000 1.290801
5.030000 0.848631
5.040000 1.052063
5.050000 1.003662
5.060000 0.534009
5.070000 0.309018
5.080000 0.625623
5.090000 0.691518
5.100000 0.779778
5.110000 0.916616
5.120000 0.488150
5.130000 0.697985
5.140000 1.084922
5.150000 1.404073
5.160000 0.999359
5.170000 1.022722
5.180000 0.917583
5.190000 0.838960
5.200000 1.250215
5.210000 3.321820
5.220000 3.876207
5.230000 3.306477
5.240000 2.605694
5.250000 3.000199
5.260000 3.963655
5.270000 4.621760
5.280000 5.349347
5.290000 4.363815
5.300000 4.386144
5.310000 4.533494
5.320000 3.649760
5.330000 2.977124
5.340000 2.499531
5.350000 1.868033
5.360000 1.204069
5.370000 1.320973
5.380000 1.446728
5.390000 1.382293
5.400000 1.379097
5.410000 1.716926
5.420000 1.531256
5.430000 1.439333
5.440000 1.370279
5.450000 1.198899
5.460000 1.718629
5.470000 1.682783
5.480000 1.614363
5.490000 1.598724
5.500000 1.370162
5.510000 1.629619
5.520000 0.990307
5.530000 1.233307
5.540000 1.294370
5.550000 1.310587
5.560000 1.411345
5.570000 1.897895
5.580000 1.749602
5.590000 1.281191
5.600000 0.938822
5.610000 1.413143
5.620000 1.846123
5.630000 1.467966
5.640000 0.981052
5.650000 0.613787
5.660000 0.724734
5.670000 0.953901
5.680000 0.971190
5.690000 0.954309
5.700000 0.923562
5.710000 0.907675
5.720000 0.488085
5.730000 0.693113
5.740000 1.129693
5.750000 1.627957
5.760000 1.743555
5.770000 1.461803
5.780000 1.245419
5.790000 0.771607
5.800000 0.593406
5.810000 0.575521
5.820000 0.552799
5.830000 0.322144
5.840000 0.146245
5.850000 0.533750
5.860000 0.972267
5.870000 1.276775
5.880000 2.676638
5.890000 4.008514
5.900000 4.091107
5.910000 3.815332
5.920000 3.800906
5.930000 4.294728
5.940000 4.863681
5.950000 4.506795
5.960000 3.825053
5.970000 2.997174
5.980000 2.268413
5.990000 2.030709
6.000000 2.057999
6.010000 1.705630
6.020000 0.988079
6.030000 0.964800
6.040000 1.477891
6.050000 1.542489
6.060000 1.232892
6.070000 1.224713
6.080000 1.136910
6.090000 1.304409
6.100000 1.525876
6.110000 1.289658
6.120000 1.338097
6.130000 1.392338
6.140000 0.928905
6.150000 1.266119
6.160000 1.551127
6.170000 1.353893
6.180000 1.350455
6.190000 1.171260
6.200000 1.302718
6.210000 1.052359
6.220000 1.614529
6.230000 1.367349
6.240000 1.074222
6.250000 1.166153
6.260000 1.042323
6.270000 0.741163
6.280000 0.906539
6.290000 1.042796
6.300000 1.078221
6.310000 1.226932
6.320000 0.960029
6.330000 0.685919
6.340000 0.678749
6.350000 0.580734
6.360000 0.773103
6.370000 0.522883
6.380000 0.485122
6.390000 0.497594
6.400000 0.566454
6.410000 0.838214
6.420000 1.300223
6.430000 1.599199
6.440000 1.441079
6.450000 1.220315
6.460000 1.188270
6.470000 1.209830
6.480000 1.063514
6.490000 0.811735
6.500000 0.578382
6.510000 0.347359
6.520000 0.175067
6.530000 0.223407
6.540000 0.826079
6.550000 1.457267
6.560000 2.062704
6.570000 2.550251
6.580000 3.001309
6.590000 3.518654
6.600000 3.747531
6.610000 3.548459
6.620000 3.724585
6.630000 3.684042
6.640000 3.286990
6.650000 3.005670
6.660000 2.239557
6.670000 2.125141
6.680000 1.880331
6.690000 2.000376
6.700000 2.144759
6.710000 1.844275
6.720000 1.025232
6.730000 1.137867
6.740000 1.036018
6.750000 0.820462
6.760000 0.839958
6.770000 1.040838
6.780000 1.237878
6.790000 0.991920
6.800000 0.896893
6.810000 1.348431
6.820000 1.421705
6.830000 0.948895
6.840000 1.118636
6.850000 1.219623
6.860000 1.506296
6.870000 1.495497
6.880000 1.456165
6.890000 1.313055
6.900000 1.282685
6.910000 1.689663
6.920000 0.879722
6.930000 0.990970
6.940000 1.057456
6.950000 0.804196
6.960000 0.887721
6.970000 0.968225
6.980000 0.768723
6.990000 0.586760
7.000000 0.739224
7.010000 0.649052
7.020000 0.909648
7.030000 0.883586
7.040000 0.566284
7.050000 0.446847
7.060000 0.343523
7.070000 0.439120
7.080000 0.588460
7.090000 0.367814
7.100000 0.336336
7.110000 0.910568
7.120000 0.975815
7.130000 0.660258
7.140000 0.562477
7.150000 1.210572
7.160000 1.002746
7.170000 0.693670
7.180000 0.672968
7.190000 1.175254
7.200000 0.931050
7.210000 0.538263
7.220000 0.769339
7.230000 1.082071
7.240000 1.033664
7.250000 1.042645
7.260000 0.886203
7.270000 0.828143
7.280000 1.144755
7.290000 1.502470
7.300000 2.345423
7.310000 2.762682
7.320000 2.553957
7.330000 2.379431
7.340000 1.827675
7.350000 1.316522
7.360000 1.355076
7.370000 1.471202
7.380000 1.334893
7.390000 1.325052
7.400000 1.586234
7.410000 1.962343
7.420000 2.138415
7.430000 0.717847
7.440000 0.404063
7.450000 0.914601
7.460000 1.363075
7.470000 0.984791
7.480000 1.057613
7.490000 0.843752
7.500000 1.010908
7.510000 0.955503
7.520000 0.781439
7.530000 0.727574
7.540000 1.023248
7.550000 1.139554
7.560000 1.039600
7.570000 0.730852
7.580000 1.062420
7.590000 1.124953
7.600000 1.029696
7.610000 1.393854
7.620000 1.123046
7.630000 1.094893
7.640000 1.087205
7.650000 1.178536
7.660000 1.122266
7.670000 1.078501
7.680000 0.801761
7.690000 1.202672
7.700000 1.013942
7.710000 0.720717
7.720000 0.867820
7.730000 0.466927
7.740000 0.517429
7.750000 0.363770
7.760000 0.346919
7.770000 0.390666
7.780000 0.195814
7.790000 0.697926
7.800000 0.820526
7.810000 0.472492
7.820000 0.530168
7.830000 0.158009
7.840000 0.399366
7.850000 0.474958
7.860000 0.217689
7.870000 0.431554
7.880000 0.258909
7.890000 0.632578
7.900000 0.643280
7.910000 0.693666
7.920000 0.668589
7.930000 0.479128
7.940000 0.335400
7.950000 0.278303
7.960000 0.495606
7.970000 0.608837
7.980000 0.796650
7.990000 1.361518
8.000000 1.878975
8.010000 1.698515
8.020000 1.157689
8.030000 1.152198
8.040000 1.171840
8.050000 1.155866
8.060000 1.279591
8.070000 1.567772
8.080000 1.801512
8.090000 1.706837
8.100000 1.427811
8.110000 0.987939
8.120000 0.387732
8.130000 0.373565
8.140000 1.286814
8.150000 2.204263
8.160000 1.237577
8.170000 3.312679
8.180000 2.638275
8.190000 1.462001
8.200000 1.275011
8.210000 1.715835
8.220000 1.995230
8.230000 2.290425
8.240000 3.451206
8.250000 4.653283
8.260000 4.761262
8.270000 4.643201
8.280000 4.280981
8.290000 3.680624
8.300000 2.503257
8.310000 0.844470
8.320000 0.336347
8.330000 0.240291
8.340000 0.337101
8.350000 0.935230
8.360000 1.192928
8.370000 0.712803
8.380000 0.325323
8.390000 0.103085
8.400000 0.404606
8.410000 0.276834
8.420000 0.356327
8.430000 0.388232
8.440000 0.395464
8.450000 0.343458
8.460000 0.516897
8.470000 0.820297
8.480000 0.582872
8.490000 0.385071
8.500000 0.882606
8.510000 0.237752
8.520000 0.458187
8.530000 0.408146
8.540000 0.442898
8.550000 1.208123
8.560000 0.467877
8.570000 0.626124
8.580000 0.369158
8.590000 0.574278
8.600000 0.599247
8.610000 0.286744
8.620000 0.510460
8.630000 0.597625
8.640000 0.616023
8.650000 0.597902
8.660000 0.543339
8.670000 0.339663
8.680000 0.097160
8.690000 0.275596
8.700000 0.486627
8.710000 0.593558
8.720000 0.316638
8.730000 0.785608
8.740000 0.763203
8.750000 0.706302
8.760000 1.029145
8.770000 1.283075
8.780000 1.649364
8.790000 1.753578
8.800000 1.616314
8.810000 1.599727
8.820000 1.886190
8.830000 1.733308
8.840000 1.550510
8.850000 1.769836
8.860000 1.837033
8.870000 2.435433
8.880000 3.177492
8.890000 3.252184
8.900000 3.565709
8.910000 3.817004
8.920000 3.886849
8.930000 3.901553
8.940000 3.188661
8.950000 2.414638
8.960000 2.359519
8.970000 2.833562
8.980000 2.986108
8.990000 2.347422
9.000000 2.529286
9.010000 2.333755
9.020000 2.263901
9.030000 2.369363
9.040000 2.393804
9.050000 2.166818
9.060000 1.972314
9.070000 1.965445
9.080000 2.356583
9.090000 1.971921
9.100000 1.596852
9.110000 1.260739
9.120000 1.033468
9.130000 0.756208
9.140000 0.684123
9.150000 0.576447
9.160000 0.407527
9.170000 0.528766
9.180000 0.814037
9.190000 1.166075
9.200000 0.915180
9.210000 1.224520
9.220000 0.928308
9.230000 1.222194
9.240000 0.656683
9.250000 0.866209
9.260000 1.039117
9.270000 1.158622
9.280000 1.350359
9.290000 1.582811
9.300000 1.603390
9.310000 1.192475
9.320000 0.820011
9.330000 1.193761
9.340000 1.667582
9.350000 1.557160
9.360000 1.077873
9.370000 0.632815
9.380000 0.652180
9.390000 0.862588
9.400000 0.857488
9.410000 0.922583
9.420000 0.873139
9.430000 0.872315
9.440000 0.579692
9.450000 0.711325
9.460000 1.101399
9.470000 1.636749
9.480000 1.804757
9.490000 1.608943
9.500000 1.295101
9.510000 0.980069
9.520000 0.620874
9.530000 0.445503
9.540000 0.421500
9.550000 0.354679
9.560000 0.233409
9.570000 0.445749
9.580000 0.939036
9.590000 1.287735
9.600000 2.049884
9.610000 3.539104
9.620000 4.019163
9.630000 3.987993
9.640000 3.900413
9.650000 4.125375
9.660000 4.418493
9.670000 4.548053
9.680000 3.882031
9.690000 3.203021
9.700000 2.279694
9.710000 1.918847
9.720000 1.977452
9.730000 1.908305
9.740000 1.259562
9.750000 0.923002
9.760000 1.356397
9.770000 1.660125
9.780000 1.299278
9.790000 1.321632
9.800000 1.140892
9.810000 1.183526
9.820000 1.374841
9.830000 1.512972
9.840000 1.395836
9.850000 1.374996
9.860000 1.105025
9.870000 1.041313
9.880000 1.410229
9.890000 1.723346
9.900000 1.220866
9.910000 1.482424
9.920000 1.071916
9.930000 1.248372
9.940000 1.341304
9.950000 1.599765
9.960000 1.179292
9.970000 1.103033
9.980000 1.149779
9.990000 0.754044
10.000000 0.728021
10.010000 0.961400
10.020000 1.039402
10.030000 1.060855
10.040000 1.225196
10.050000 0.790251
10.060000 0.678947
10.070000 0.671188
10.080000 0.660848
10.090000 0.556694
10.100000 0.476615
10.110000 0.492462
10.120000 0.384128
10.130000 0.489404
10.140000 1.059970
10.150000 1.393699
10.160000 1.556890
10.170000 1.146565
10.180000 1.120275
10.190000 1.147805
10.200000 1.350504
10.210000 0.949984
10.220000 0.699301
10.230000 0.491203
10.240000 0.351518
10.250000 0.330651
10.260000 0.390258
10.270000 1.029296
10.280000 1.656747
10.290000 2.153515
10.300000 2.852575
10.310000 3.089433
10.320000 3.360835
10.330000 3.597759
10.340000 3.222330
10.350000 3.463611
10.360000 3.126964
10.370000 3.328288
10.380000 2.585092
10.390000 2.130542
10.400000 2.065496
10.410000 2.041604
10.420000 1.987371
10.430000 2.073864
10.440000 1.542201
10.450000 1.029761
10.460000 1.117384
10.470000 0.915249
10.480000 0.736172
10.490000 0.825460
10.500000 0.952284
10.510000 0.872868
10.520000 1.074539
10.530000 0.962919
10.540000 1.208861
10.550000 1.475069
10.560000 0.968925
10.570000 1.213647
10.580000 1.246202
10.590000 1.421762
10.600000 1.380155
10.610000 1.411311
10.620000 1.176961
10.630000 1.279132
10.640000 1.554808
10.650000 0.935849
10.660000 0.856205
10.670000 1.009151
10.680000 0.777196
10.690000 0.977613
10.700000 0.935303
10.710000 0.699029
10.720000 0.542566
10.730000 0.615058
10.740000 0.686259
10.750000 0.881334
10.760000 0.869529
10.770000 0.492059
10.780000 0.441717
10.790000 0.429768
10.800000 0.630267
10.810000 0.636208
10.820000 0.403139
10.830000 0.525537
10.840000 1.033011
10.850000 0.793133
10.860000 0.407622
10.870000 0.625194
10.880000 0.899331
10.890000 0.658029
10.900000 0.622246
10.910000 0.844183
10.920000 1.437032
10.930000 1.505807
10.940000 0.970988
10.950000 0.607834
10.960000 0.706587
10.970000 0.857792
10.980000 0.782282
10.990000 0.746644
11.000000 0.696159
11.010000 0.979921
11.020000 1.224120
11.030000 1.683417
11.040000 2.373290
11.050000 2.657004
11.060000 2.548214
11.070000 2.340481
11.080000 1.677994
11.090000 1.335457
11.100000 0.934058
11.110000 1.149660
11.120000 1.048862
11.130000 1.291029
11.140000 1.704600
11.150000 1.982063
11.160000 1.408648
11.170000 0.343688
11.180000 0.373968
11.190000 0.996329
11.200000 1.345003
11.210000 0.655851
11.220000 0.473081
11.230000 0.740157
11.240000 0.793723
11.250000 0.863003
11.260000 0.878184
11.270000 0.988563
11.280000 0.698193
11.290000 1.063940
11.300000 0.948443
11.310000 0.993735
11.320000 0.749422
11.330000 1.066347
11.340000 0.717651
11.350000 1.182045
11.360000 0.458163
11.370000 1.131444
11.380000 1.186120
11.390000 1.051002
11.400000 1.071535
11.410000 0.916136
11.420000 0.668021
11.430000 1.043340
11.440000 1.115265
11.450000 0.660304
11.460000 0.940202
11.470000 0.637512
11.480000 0.542513
11.490000 0.392394
11.500000 0.274232
11.510000 0.423633
11.520000 0.310538
11.530000 0.762768
11.540000 0.853712
11.550000 0.448941
11.560000 0.405922
11.570000 0.081523
11.580000 0.431433
11.590000 0.413667
11.600000 0.257758
11.610000 0.630589
11.620000 0.165834
11.630000 0.541809
11.640000 0.634873
11.650000 0.749348
11.660000 0.720052
11.670000 0.475915
11.680000 0.322646
11.690000 0.355772
11.700000 0.350449
11.710000 1.173580
11.720000 1.811297
11.730000 1.990811
11.740000 2.248293
11.750000 2.418822
11.760000 2.410917
11.770000 2.489282
11.780000 2.338729
11.790000 1.846695
11.800000 1.505556
11.810000 0.954347
11.820000 0.536952
11.830000 0.723488
11.840000 0.869467
11.850000 2.823662
11.860000 2.283034
11.870000 1.477156
11.880000 0.763324
11.890000 0.910653
11.900000 1.354285
11.910000 2.029128
11.920000 2.029989
11.930000 1.499570
11.940000 0.918804
11.950000 1.155954
11.960000 1.332925
11.970000 1.823949
11.980000 1.959595
11.990000 1.649692
12.000000 1.019784
12.010000 0.654291
12.020000 0.330688
12.030000 0.377014
12.040000 0.378319
12.050000 0.532918
12.060000 0.819182
12.070000 0.451578
12.080000 0.516382
12.090000 0.649469
12.100000 0.402329
12.110000 0.235218
12.120000 0.240375
12.130000 0.310595
12.140000 0.524673
12.150000 0.304825
12.160000 0.391230
12.170000 0.460265
12.180000 0.571865
12.190000 0.356462
12.200000 0.535621
12.210000 0.828549
12.220000 0.274583
12.230000 0.343773
12.240000 0.612625
12.250000 0.231401
12.260000 0.232019
12.270000 0.184232
12.280000 0.531607
12.290000 0.155128
12.300000 0.104690
12.310000 0.320471
12.320000 0.274847
12.330000 0.420552
12.340000 0.455879
12.350000 0.462133
12.360000 0.179545
12.370000 0.293488
12.380000 0.465547
12.390000 0.727991
12.400000 0.864032
12.410000 0.891260
12.420000 0.748190
12.430000 1.080994
12.440000 1.258638
12.450000 0.905724
12.460000 1.273242
12.470000 0.912541
12.480000 0.654988
12.490000 0.578591
12.500000 1.067308
12.510000 2.201383
12.520000 1.512439
12.530000 0.815369
12.540000 0.526744
12.550000 0.880495
12.560000 1.410094
12.570000 0.606089
12.580000 1.125519
12.590000 2.634479
12.600000 2.155600
12.610000 2.503669
12.620000 2.512063
12.630000 1.876384
12.640000 1.397031
12.650000 1.046776
12.660000 0.744103
12.670000 0.795418
12.680000 0.896995
12.690000 1.163972
12.700000 0.949429
12.710000 0.528443
12.720000 0.506170
12.730000 0.072365
12.740000 0.222837
12.750000 0.770590
12.760000 0.862850
12.770000 0.432961
12.780000 0.307654
12.790000 0.280934
12.800000 0.103754
12.810000 0.211453
12.820000 0.528653
12.830000 0.683734
12.840000 0.601880
12.850000 1.011567
12.860000 0.935935
12.870000 0.793758
12.880000 1.156466
12.890000 0.707476
12.900000 1.315291
12.910000 1.096583
12.920000 1.282344
12.930000 0.950028
12.940000 1.561472
12.950000 1.139763
12.960000 1.188453
12.970000 0.889971
12.980000 0.833825
12.990000 0.770901
13.000000 0.964330
13.010000 0.744659
13.020000 0.477688
13.030000 0.604908
13.040000 0.602428
13.050000 0.758810
13.060000 0.916826
13.070000 0.687689
13.080000 0.415247
13.090000 0.441502
13.100000 0.488456
13.110000 0.692965
13.120000 0.518231
13.130000 0.332936
13.140000 0.775449
13.150000 0.963223
13.160000 0.581581
13.170000 0.438326
13.180000 0.902480
13.190000 0.742306
13.200000 0.600184
13.210000 0.732160
13.220000 1.098902
13.230000 1.613665
13.240000 1.289145
13.250000 0.857251
13.260000 0.592482
13.270000 0.707160
13.280000 0.857365
13.290000 0.771616
13.300000 0.681937
13.310000 0.738907
13.320000 1.081666
13.330000 1.338514
13.340000 1.830956
13.350000 2.563726
13.360000 2.590013
13.370000 2.548887
13.380000 2.203849
13.390000 1.563628
13.400000 1.389657
13.410000 0.886921
13.420000 1.037560
13.430000 1.055356
13.440000 1.389850
13.450000 1.697107
13.460000 2.048159
13.470000 0.974816
13.480000 0.017713
13.490000 0.626496
13.500000 1.124510
13.510000 1.187795
13.520000 0.420638
13.530000 0.508695
13.540000 0.799937
13.550000 0.735424
13.560000 0.873163
13.570000 0.887504
13.580000 0.905810
13.590000 0.686708
13.600000 1.033103
13.610000 0.852377
13.620000 0.740220
13.630000 0.800897
13.640000 0.974759
13.650000 0.682491
13.660000 1.213914
13.670000 0.832580
13.680000 0.975087
13.690000 1.295861
13.700000 1.040864
13.710000 1.025987
13.720000 0.785120
13.730000 0.665714
13.740000 1.202740
13.750000 1.097234
13.760000 0.729304
13.770000 0.863798
13.780000 0.572903
13.790000 0.605484
13.800000 0.351993
13.810000 0.325947
13.820000 0.426601
13.830000 0.122060
13.840000 0.990270
13.850000 0.722487
13.860000 0.446548
13.870000 0.339099
13.880000 0.062365
13.890000 0.487818
13.900000 0.366466
13.910000 0.263017
13.920000 0.815692
13.930000 0.134696
13.940000 0.605488
13.950000 0.732679
13.960000 0.810883
13.970000 0.662310
13.980000 0.421297
13.990000 0.233041
14.000000 0.558746
14.010000 0.638845
14.020000 1.393675
14.030000 1.689073
14.040000 2.047390
14.050000 2.264318
14.060000 2.295161
14.070000 2.164211
14.080000 1.986681
14.090000 1.941587
14.100000 1.656020
14.110000 1.224931
14.120000 0.732212
14.130000 0.616563
14.140000 0.753462
14.150000 2.325920
14.160000 2.543838
14.170000 1.674983
14.180000 0.707422
14.190000 0.687783
14.200000 1.074549
14.210000 1.571746
14.220000 1.650996
14.230000 1.294679
14.240000 1.050887
14.250000 1.619727
14.260000 1.776698
14.270000 1.989168
14.280000 1.943490
14.290000 1.650188
14.300000 0.956476
14.310000 0.691419
14.320000 0.421811
14.330000 0.372282
14.340000 0.433678
14.350000 0.474454
14.360000 0.671402
14.370000 0.522055
14.380000 0.260400
14.390000 0.655973
14.400000 0.484494
14.410000 0.270514
14.420000 0.244505
14.430000 0.279581
14.440000 0.725985
14.450000 0.341475
14.460000 0.475279
14.470000 0.325889
14.480000 0.528703
14.490000 1.015860
14.500000 0.601048
14.510000 0.531729
14.520000 0.282168
14.530000 0.296818
14.540000 0.664050
14.550000 0.243923
14.560000 0.227579
14.570000 0.216104
14.580000 0.535353
14.590000 0.130560
14.600000 0.075087
14.610000 0.325942
14.620000 0.183887
14.630000 0.410308
14.640000 0.526625
14.650000 0.488405
14.660000 0.179458
14.670000 0.375091
14.680000 0.503539
14.690000 0.800829
14.700000 0.889742
14.710000 0.931521
14.720000 0.803486
14.730000 1.208332
14.740000 1.219593
14.750000 0.876162
14.760000 1.236930
14.770000 0.864191
14.780000 0.679642
14.790000 0.602351
14.800000 0.951786
14.810000 2.001089
14.820000 1.672145
14.830000 1.034206
14.840000 0.719597
14.850000 0.705941
14.860000 1.568942
14.870000 1.029581
14.880000 0.799554
14.890000 1.658398
14.900000 2.219390
14.910000 2.089198
14.920000 2.620816
14.930000 1.901502
14.940000 1.321847
14.950000 1.094850
14.960000 0.665051
14.970000 0.788431
14.980000 0.657322
14.990000 0.966151
15.000000 0.902476
15.010000 0.671726
15.020000 0.385470
15.030000 0.081250
15.040000 0.123626
15.050000 0.655005
15.060000 0.660250
15.070000 0.421729
15.080000 0.170872
15.090000 0.217909
15.100000 0.166660
15.110000 0.291424
15.120000 0.283208
15.130000 0.539368
15.140000 0.798721
15.150000 0.661871
15.160000 1.082476
15.170000 0.944929
15.180000 1.058621
15.190000 1.269785
15.200000 0.876841
15.210000 1.237141
15.220000 1.189529
15.230000 0.954780
15.240000 1.104763
15.250000 1.538278
15.260000 0.955693
15.270000 0.868305
15.280000 0.904009
15.290000 0.743464
15.300000 0.966920
15.310000 0.800688
15.320000 0.718464
15.330000 0.511531
15.340000 0.457334
15.350000 0.606373
15.360000 0.813244
15.370000 0.920099
15.380000 0.391325
15.390000 0.453480
15.400000 0.516767
15.410000 0.626864
15.420000 0.619105
15.430000 0.376477
15.440000 0.526452
15.450000 0.803907
15.460000 0.528029
15.470000 0.349132
15.480000 0.642213
15.490000 0.649439
15.500000 0.856834
15.510000 1.092374
15.520000 1.009846
15.530000 1.085239
15.540000 1.320601
15.550000 1.145412
15.560000 0.843019
15.570000 0.747706
15.580000 0.656398
15.590000 0.603187
15.600000 0.522356
15.610000 0.481373
15.620000 0.459206
15.630000 0.704540
15.640000 1.119220
15.650000 1.412280
15.660000 1.732582
15.670000 2.376248
15.680000 2.404529
15.690000 2.497413
15.700000 2.421295
15.710000 1.584162
15.720000 1.635177
15.730000 0.701455
15.740000 0.573386
15.750000 0.789022
15.760000 1.398262
15.770000 1.519996
15.780000 1.438107
15.790000 0.579359
15.800000 0.108076
15.810000 0.675756
15.820000 0.902506
15.830000 0.771990
15.840000 0.172198
15.850000 0.220723
15.860000 0.432322
15.870000 0.636324
15.880000 0.857766
15.890000 1.026491
15.900000 0.779738
15.910000 0.894639
15.920000 0.695291
15.930000 0.840705
15.940000 0.587231
15.950000 0.621425
15.960000 0.694187
15.970000 1.091479
15.980000 0.942768
15.990000 0.754644
16.000000 1.482970
16.010000 1.068649
16.020000 1.285103
16.030000 0.919945
16.040000 1.128574
16.050000 0.752058
16.060000 0.862030
16.070000 1.198081
16.080000 0.758322
16.090000 1.010783
16.100000 0.744084
16.110000 0.404908
16.120000 0.509972
16.130000 0.260237
16.140000 0.483331
16.150000 0.357957
16.160000 0.620170
16.170000 0.917011
16.180000 0.357588
16.190000 0.261677
16.200000 0.294555
16.210000 0.647661
16.220000 0.606690
16.230000 0.211571
16.240000 0.589220
16.250000 0.311804
16.260000 0.730310
16.270000 0.972400
16.280000 0.968714
16.290000 0.528505
16.300000 0.414147
16.310000 1.215106
16.320000 0.605558
16.330000 0.311222
16.340000 0.774600
16.350000 0.867426
16.360000 0.833443
16.370000 0.984834
16.380000 1.060059
16.390000 1.630002
16.400000 1.344100
16.410000 0.984427
16.420000 1.486775
16.430000 1.275298
16.440000 2.264862
16.450000 2.407712
16.460000 1.913709
16.470000 2.331880
16.480000 2.757246
16.490000 3.362286
16.500000 4.350091
16.510000 4.097475
16.520000 2.956765
16.530000 2.044029
16.540000 1.180361
16.550000 0.727792
16.560000 0.901015
16.570000 0.879049
16.580000 0.700954
16.590000 0.765522
16.600000 0.700454
16.610000 0.578220
16.620000 0.405342
16.630000 0.392723
16.640000 0.462017
16.650000 0.644191
16.660000 0.719749
16.670000 0.441002
16.680000 0.579047
16.690000 0.443636
16.700000 0.628891
16.710000 0.313283
16.720000 0.532822
16.730000 0.398249
16.740000 0.607170
16.750000 0.480811
16.760000 0.597637
16.770000 0.488491
16.780000 0.707906
16.790000 0.469365
16.800000 0.736803
16.810000 0.925674
16.820000 0.657377
16.830000 0.552367
16.840000 0.474150
16.850000 0.155130
16.860000 0.372075
16.870000 0.382733
16.880000 0.490228
16.890000 0.477048
16.900000 0.781895
16.910000 0.386680
16.920000 0.378180
16.930000 0.303314
16.940000 0.347375
16.950000 0.598870
16.960000 0.660612
16.970000 0.712429
16.980000 0.746696
16.990000 0.579666
17.000000 0.875713
17.010000 0.752705
17.020000 0.961499
17.030000 0.940825
17.040000 0.695778
17.050000 0.680346
17.060000 0.676787
17.070000 0.750401
17.080000 0.909049
17.090000 1.213181
17.100000 1.810861
17.110000 2.019557
17.120000 1.238689
17.130000 1.250005
17.140000 1.204395
17.150000 1.071282
17.160000 0.831464
17.170000 0.683907
17.180000 0.613873
17.190000 0.880137
17.200000 0.874854
17.210000 1.217385
17.220000 1.875950
17.230000 2.009229
17.240000 2.258957
17.250000 2.582211
17.260000 2.743880
17.270000 1.632745
17.280000 1.028850
17.290000 0.903489
17.300000 1.464847
17.310000 1.429733
17.320000 1.625242
17.330000 1.477908
17.340000 0.539088
17.350000 0.454201
17.360000 0.829194
17.370000 0.262149
17.380000 0.430460
17.390000 0.398818
17.400000 0.370689
17.410000 0.335293
17.420000 0.279758
17.430000 0.506733
17.440000 0.732452
17.450000 0.916714
17.460000 0.686688
17.470000 0.794972
17.480000 0.617866
17.490000 0.765310
17.500000 0.527166
17.510000 0.543999
17.520000 0.669600
17.530000 1.048439
17.540000 0.968347
17.550000 0.705589
17.560000 1.479858
17.570000 1.085123
17.580000 1.244626
17.590000 0.921130
17.600000 1.087119
17.610000 0.758631
17.620000 0.915659
17.630000 1.217446
17.640000 0.747021
17.650000 1.021801
17.660000 0.721181
17.670000 0.403382
17.680000 0.480785
17.690000 0.250342
17.700000 0.495279
17.710000 0.341110
17.720000 0.667167
17.730000 0.867247
17.740000 0.354808
17.750000 0.254772
17.760000 0.287415
17.770000 0.617689
17.780000 0.603171
17.790000 0.221913
17.800000 0.626672
17.810000 0.321040
17.820000 0.754251
17.830000 0.993489
17.840000 0.954506
17.850000 0.385826
17.860000 0.532984
17.870000 1.359201
17.880000 0.523632
17.890000 0.348018
17.900000 0.750625
17.910000 0.818128
17.920000 0.830974
17.930000 1.097932
17.940000 1.119398
17.950000 1.873054
17.960000 1.149055
17.970000 1.046373
17.980000 1.438133
17.990000 1.498553
18.000000 2.448994
18.010000 2.181232
18.020000 1.691145
18.030000 2.422949
18.040000 2.637283
18.050000 3.487810
18.060000 4.341145
18.070000 3.572070
18.080000 2.681005
18.090000 1.750337
18.100000 1.098765
18.110000 0.722005
18.120000 0.860477
18.130000 0.855653
18.140000 0.662237
18.150000 0.894376
18.160000 0.608426
18.170000 0.506782
18.180000 0.452861
18.190000 0.430325
18.200000 0.455507
18.210000 0.645196
18.220000 0.571253
18.230000 0.234846
18.240000 0.723580
18.250000 0.616940
18.260000 0.352141
18.270000 0.297241
18.280000 0.479535
18.290000 0.590690
18.300000 0.529463
18.310000 0.463548
18.320000 0.697845
18.330000 0.301247
18.340000 0.818730
18.350000 0.511668
18.360000 0.516052
18.370000 0.688000
18.380000 0.657995
18.390000 0.715164
18.400000 0.364775
18.410000 0.280049
18.420000 0.482288
18.430000 0.317153
18.440000 0.459993
18.450000 0.498114
18.460000 0.654487
18.470000 0.381947
18.480000 0.350012
18.490000 0.280344
18.500000 0.362526
18.510000 0.636305
18.520000 0.636225
18.530000 0.765594
18.540000 0.642002
18.550000 0.576026
18.560000 0.726474
18.570000 0.768692
18.580000 1.059244
18.590000 0.886305
18.600000 0.657782
18.610000 0.635328
18.620000 0.717208
18.630000 0.750510
18.640000 0.940812
18.650000 1.257406
18.660000 1.880268
18.670000 1.856178
18.680000 1.193267
18.690000 1.230337
18.700000 1.171306
18.710000 1.069932
18.720000 0.802343
18.730000 0.633316
18.740000 0.570674
18.750000 0.668327
18.760000 0.803354
18.770000 1.092453
18.780000 1.668548
18.790000 1.865411
18.800000 2.156769
18.810000 2.557919
18.820000 2.843392
18.830000 1.777565
18.840000 1.138334
18.850000 0.718162
18.860000 1.375790
18.870000 1.382640
18.880000 1.608119
18.890000 1.469721
18.900000 0.637588
18.910000 0.423345
18.920000 0.799296
18.930000 0.252712
18.940000 0.326189
18.950000 0.367664
18.960000 0.306177
18.970000 0.366320
18.980000 0.256117
18.990000 0.444037
19.000000 0.547377
19.010000 0.681073
19.020000 0.911288
19.030000 0.686577
19.040000 0.724170
19.050000 0.617006
19.060000 0.535455
19.070000 0.713205
19.080000 0.597471
19.090000 1.138961
19.100000 0.710856
19.110000 1.298227
19.120000 1.302283
19.130000 1.038699
19.140000 1.451998
19.150000 0.894784
19.160000 1.275519
19.170000 0.787304
19.180000 0.647244
19.190000 1.221089
19.200000 0.902433
19.210000 0.944333
19.220000 0.782468
19.230000 0.432049
19.240000 0.585982
19.250000 0.250001
19.260000 0.451060
19.270000 0.429472
19.280000 0.432897
19.290000 0.952063
19.300000 0.365315
19.310000 0.295855
19.320000 0.279595
19.330000 0.469062
19.340000 0.712508
19.350000 0.290834
19.360000 0.455353
19.370000 0.167671
19.380000 0.671619
19.390000 0.974199
19.400000 1.012065
19.410000 0.255273
19.420000 0.660179
19.430000 1.493191
19.440000 0.567097
19.450000 0.332643
19.460000 0.605369
19.470000 0.747681
19.480000 1.041620
19.490000 1.203527
19.500000 1.592619
19.510000 1.447150
19.520000 1.085535
19.530000 1.495124
19.540000 1.039262
19.550000 2.095548
19.560000 1.926472
19.570000 1.233132
19.580000 1.558524
19.590000 1.874503
19.600000 2.690937
19.610000 3.546592
19.620000 3.308513
19.630000 2.282277
19.640000 1.776545
19.650000 1.126697
19.660000 0.408719
19.670000 0.771730
19.680000 0.911268
19.690000 0.766749
19.700000 0.665991
19.710000 0.870368
19.720000 0.656623
19.730000 0.521968
19.740000 0.548078
19.750000 0.543426
19.760000 0.341244
19.770000 0.412613
19.780000 0.434061
19.790000 0.451391
19.800000 0.594759
19.810000 0.476380
19.820000 0.610042
19.830000 0.637373
19.840000 0.535351
19.850000 0.338665
19.860000 0.447258
19.870000 0.639186
19.880000 0.429721
19.890000 0.843222
19.900000 0.468296
19.910000 0.470229
19.920000 0.687823
19.930000 0.922246
19.940000 0.750100
19.950000 0.401494
19.960000 0.182235
19.970000 0.510257
19.980000 0.647316
19.990000 0.533684
