0.000000 0.120080
0.010000 0.134933
0.020000 0.157248
0.030000 0.204541
0.040000 0.243474
0.050000 0.277521
0.060000 0.307690
0.070000 0.334500
0.080000 0.340506
0.090000 0.325659
0.100000 0.284424
0.110000 0.253429
0.120000 0.226282
0.130000 0.224380
0.140000 0.234685
0.150000 0.217800
0.160000 0.200924
0.170000 0.192742
0.180000 0.185554
0.190000 0.170082
0.200000 0.160675
0.210000 0.152210
0.220000 0.136216
0.230000 0.133905
0.240000 0.147654
0.250000 0.183351
0.260000 0.229015
0.270000 0.274377
0.280000 0.279470
0.290000 0.273169
0.300000 0.266149
0.310000 0.265330
0.320000 0.222427
0.330000 0.155852
0.340000 0.116454
0.350000 0.110033
0.360000 0.113708
0.370000 0.135017
0.380000 0.173595
0.390000 0.219238
0.400000 0.254014
0.410000 0.261180
0.420000 0.268823
0.430000 0.252381
0.440000 0.240934
0.450000 0.228871
0.460000 0.221059
0.470000 0.212916
0.480000 0.194965
0.490000 0.179273
0.500000 0.166681
0.510000 0.149616
0.520000 0.145250
0.530000 0.146495
0.540000 0.150767
0.550000 0.136380
0.560000 0.128917
0.570000 0.120852
0.580000 0.109572
0.590000 0.120575
0.600000 0.143922
0.610000 0.151324
0.620000 0.168311
0.630000 0.208633
0.640000 0.237918
0.650000 0.258519
0.660000 0.260528
0.670000 0.247048
0.680000 0.226690
0.690000 0.202568
0.700000 0.191895
0.710000 0.202288
0.720000 0.229540
0.730000 0.247497
0.740000 0.235690
0.750000 0.230042
0.760000 0.238308
0.770000 0.248902
0.780000 0.277545
0.790000 0.328431
0.800000 0.373064
0.810000 0.410184
0.820000 0.423827
0.830000 0.430478
0.840000 0.460770
0.850000 0.506503
0.860000 0.499021
0.870000 0.499973
0.880000 0.503171
0.890000 0.523127
0.900000 0.575163
0.910000 0.636820
0.920000 0.716703
0.930000 0.768462
0.940000 0.819179
0.950000 0.813235
0.960000 0.823382
0.970000 0.839142
0.980000 0.840286
0.990000 0.827330
1.000000 0.822379
1.010000 0.810238
1.020000 0.781563
1.030000 0.755933
1.040000 0.725646
1.050000 0.683815
1.060000 0.656684
1.070000 0.647757
1.080000 0.640160
1.090000 0.622595
1.100000 0.607354
1.110000 0.588410
1.120000 0.558541
1.130000 0.525589
1.140000 0.478149
1.150000 0.422371
1.160000 0.367825
1.170000 0.318076
1.180000 0.271166
1.190000 0.236614
1.200000 0.214679
1.210000 0.178171
1.220000 0.196811
1.230000 0.249007
1.240000 0.299416
1.250000 0.338980
1.260000 0.373937
1.270000 0.392711
1.280000 0.410611
1.290000 0.379246
1.300000 0.362346
1.310000 0.346335
1.320000 0.307427
1.330000 0.246522
1.340000 0.177749
1.350000 0.121403
1.360000 0.070722
1.370000 0.063775
1.380000 0.098578
1.390000 0.121170
1.400000 0.156357
1.410000 0.166721
1.420000 0.180153
1.430000 0.196110
1.440000 0.212210
1.450000 0.202952
1.460000 0.182214
1.470000 0.164421
1.480000 0.149577
1.490000 0.135163
1.500000 0.127168
1.510000 0.106342
1.520000 0.081752
1.530000 0.059497
1.540000 0.049439
1.550000 0.044996
1.560000 0.043015
1.570000 0.043192
1.580000 0.044358
1.590000 0.046945
1.600000 0.021620
1.610000 0.029881
1.620000 0.059621
1.630000 0.090577
1.640000 0.126443
1.650000 0.128710
1.660000 0.132398
1.670000 0.136674
1.680000 0.116235
1.690000 0.112000
1.700000 0.113602
1.710000 0.136140
1.720000 0.166318
1.730000 0.192848
1.740000 0.189692
1.750000 0.138344
1.760000 0.080498
1.770000 0.033852
1.780000 0.033562
1.790000 0.066210
1.800000 0.087961
1.810000 0.113709
1.820000 0.124596
1.830000 0.093071
1.840000 0.059307
1.850000 0.044851
1.860000 0.044659
1.870000 0.062331
1.880000 0.097063
1.890000 0.128641
1.900000 0.145129
1.910000 0.159200
1.920000 0.164190
1.930000 0.149354
1.940000 0.134129
1.950000 0.145340
1.960000 0.164489
1.970000 0.159554
1.980000 0.153841
1.990000 0.120597
2.000000 0.085723
2.010000 0.063130
2.020000 0.050527
2.030000 0.046620
2.040000 0.050438
2.050000 0.079251
2.060000 0.079043
2.070000 0.075099
2.080000 0.070575
2.090000 0.085706
2.100000 0.109861
2.110000 0.094311
2.120000 0.068049
2.130000 0.059338
2.140000 0.050258
2.150000 0.041509
2.160000 0.046038
2.170000 0.053779
2.180000 0.069888
2.190000 0.092793
2.200000 0.090054
2.210000 0.065376
2.220000 0.044872
2.230000 0.051388
2.240000 0.056185
2.250000 0.057046
2.260000 0.046031
2.270000 0.051576
2.280000 0.038961
2.290000 0.026465
2.300000 0.024196
2.310000 0.030149
2.320000 0.028055
2.330000 0.032742
2.340000 0.047302
2.350000 0.063880
2.360000 0.071236
2.370000 0.079099
2.380000 0.078062
2.390000 0.078081
2.400000 0.075781
2.410000 0.088806
2.420000 0.090056
2.430000 0.075436
2.440000 0.063979
2.450000 0.062510
2.460000 0.087670
2.470000 0.101329
2.480000 0.106361
2.490000 0.105507
2.500000 0.097125
2.510000 0.087067
2.520000 0.048863
2.530000 0.037499
2.540000 0.033629
2.550000 0.036638
2.560000 0.037166
2.570000 0.030572
2.580000 0.012563
2.590000 0.014355
2.600000 0.041254
2.610000 0.063476
2.620000 0.083506
2.630000 0.097740
2.640000 0.100587
2.650000 0.068680
2.660000 0.032687
2.670000 0.017999
2.680000 0.058086
2.690000 0.092448
2.700000 0.102115
2.710000 0.111047
2.720000 0.112083
2.730000 0.113976
2.740000 0.103163
2.750000 0.083586
2.760000 0.083798
2.770000 0.096495
2.780000 0.109510
2.790000 0.099570
2.800000 0.071821
2.810000 0.047252
2.820000 0.045225
2.830000 0.065979
2.840000 0.066992
2.850000 0.058943
2.860000 0.050204
2.870000 0.061872
2.880000 0.103440
2.890000 0.145699
2.900000 0.132374
2.910000 0.115302
2.920000 0.105131
2.930000 0.089454
2.940000 0.094056
2.950000 0.106675
2.960000 0.119186
2.970000 0.118483
2.980000 0.124607
2.990000 0.130099
3.000000 0.134924
3.010000 0.132633
3.020000 0.128525
3.030000 0.094688
3.040000 0.067668
3.050000 0.052307
3.060000 0.049755
3.070000 0.062904
3.080000 0.085946
3.090000 0.113372
3.100000 0.134064
3.110000 0.147562
3.120000 0.143084
3.130000 0.123496
3.140000 0.106808
3.150000 0.100047
3.160000 0.103300
3.170000 0.108760
3.180000 0.117470
3.190000 0.134619
3.200000 0.155532
3.210000 0.180201
3.220000 0.208440
3.230000 0.203857
3.240000 0.186439
3.250000 0.173652
3.260000 0.154892
3.270000 0.145265
3.280000 0.127628
3.290000 0.131695
3.300000 0.139924
3.310000 0.132324
3.320000 0.124034
3.330000 0.090171
3.340000 0.085003
3.350000 0.117477
3.360000 0.141155
3.370000 0.122265
3.380000 0.092242
3.390000 0.071903
3.400000 0.059765
3.410000 0.058932
3.420000 0.072838
3.430000 0.089383
3.440000 0.074648
3.450000 0.107738
3.460000 0.125543
3.470000 0.120455
3.480000 0.129233
3.490000 0.120922
3.500000 0.099116
3.510000 0.082350
3.520000 0.089366
3.530000 0.113428
3.540000 0.149373
3.550000 0.177822
3.560000 0.144990
3.570000 0.116275
3.580000 0.098491
3.590000 0.091325
3.600000 0.113635
3.610000 0.131640
3.620000 0.123538
3.630000 0.087535
3.640000 0.055774
3.650000 0.037538
3.660000 0.051388
3.670000 0.077776
3.680000 0.087650
3.690000 0.092282
3.700000 0.104579
3.710000 0.127905
3.720000 0.160130
3.730000 0.144703
3.740000 0.139384
3.750000 0.146927
3.760000 0.155847
3.770000 0.142865
3.780000 0.096560
3.790000 0.062880
3.800000 0.059670
3.810000 0.082639
3.820000 0.081923
3.830000 0.062606
3.840000 0.059436
3.850000 0.067957
3.860000 0.058175
3.870000 0.058947
3.880000 0.081050
3.890000 0.074173
3.900000 0.071205
3.910000 0.087009
3.920000 0.123397
3.930000 0.121158
3.940000 0.105998
3.950000 0.092758
3.960000 0.089011
3.970000 0.100211
3.980000 0.105284
3.990000 0.098879
4.000000 0.079438
4.010000 0.056125
4.020000 0.061964
4.030000 0.088938
4.040000 0.093725
4.050000 0.087681
4.060000 0.075317
4.070000 0.065045
4.080000 0.047661
4.090000 0.040726
4.100000 0.057104
4.110000 0.060169
4.120000 0.055562
4.130000 0.082855
4.140000 0.087947
4.150000 0.069228
4.160000 0.038152
4.170000 0.025352
4.180000 0.054202
4.190000 0.060109
4.200000 0.050978
4.210000 0.058547
4.220000 0.067307
4.230000 0.052740
4.240000 0.050045
4.250000 0.053187
4.260000 0.054266
4.270000 0.041636
4.280000 0.020804
4.290000 0.022554
4.300000 0.041107
4.310000 0.059374
4.320000 0.070378
4.330000 0.070944
4.340000 0.077034
4.350000 0.095879
4.360000 0.105097
4.370000 0.088740
4.380000 0.070279
4.390000 0.061311
4.400000 0.057952
4.410000 0.051254
4.420000 0.031810
4.430000 0.009583
4.440000 0.037727
4.450000 0.067726
4.460000 0.092165
4.470000 0.088688
4.480000 0.085135
4.490000 0.090837
4.500000 0.093806
4.510000 0.097286
4.520000 0.102800
4.530000 0.108007
4.540000 0.125071
4.550000 0.147174
4.560000 0.164462
4.570000 0.182468
4.580000 0.145677
4.590000 0.112555
4.600000 0.075637
4.610000 0.079004
4.620000 0.083016
4.630000 0.082560
4.640000 0.089303
4.650000 0.097703
4.660000 0.092569
4.670000 0.068883
4.680000 0.057336
4.690000 0.069249
4.700000 0.074486
4.710000 0.067033
4.720000 0.066201
4.730000 0.048046
4.740000 0.029916
4.750000 0.022375
4.760000 0.046723
4.770000 0.062140
4.780000 0.052227
4.790000 0.033874
4.800000 0.020962
4.810000 0.036747
4.820000 0.071190
4.830000 0.077165
4.840000 0.066063
4.850000 0.058336
4.860000 0.062052
4.870000 0.053622
4.880000 0.043235
4.890000 0.035463
4.900000 0.036796
4.910000 0.037037
4.920000 0.048579
4.930000 0.084548
4.940000 0.092105
4.950000 0.073175
4.960000 0.072926
4.970000 0.069134
4.980000 0.072780
4.990000 0.056846
5.000000 0.045744
5.010000 0.064259
5.020000 0.072422
5.030000 0.075870
5.040000 0.062845
5.050000 0.049044
5.060000 0.036145
5.070000 0.039082
5.080000 0.067394
5.090000 0.074136
5.100000 0.077206
5.110000 0.069913
5.120000 0.061345
5.130000 0.059048
5.140000 0.057952
5.150000 0.090479
5.160000 0.113663
5.170000 0.135492
5.180000 0.153655
5.190000 0.141747
5.200000 0.117308
5.210000 0.074862
5.220000 0.053843
5.230000 0.065699
5.240000 0.082439
5.250000 0.092420
5.260000 0.087593
5.270000 0.078616
5.280000 0.056539
5.290000 0.028682
5.300000 0.048727
5.310000 0.088937
5.320000 0.097429
5.330000 0.095963
5.340000 0.066454
5.350000 0.041374
5.360000 0.050651
5.370000 0.078285
5.380000 0.098221
5.390000 0.063311
5.400000 0.023662
5.410000 0.006586
5.420000 0.029157
5.430000 0.033907
5.440000 0.053496
5.450000 0.079961
5.460000 0.086866
5.470000 0.073135
5.480000 0.052309
5.490000 0.038630
5.500000 0.031591
5.510000 0.034140
5.520000 0.045437
5.530000 0.060397
5.540000 0.074405
5.550000 0.093178
5.560000 0.086599
5.570000 0.068592
5.580000 0.048787
5.590000 0.030492
5.600000 0.016969
5.610000 0.032106
5.620000 0.022813
5.630000 0.017604
5.640000 0.019511
5.650000 0.021941
5.660000 0.027913
5.670000 0.027552
5.680000 0.033141
5.690000 0.039299
5.700000 0.048765
5.710000 0.051732
5.720000 0.059701
5.730000 0.056099
5.740000 0.050434
5.750000 0.046870
5.760000 0.047858
5.770000 0.057452
5.780000 0.060374
5.790000 0.054564
5.800000 0.047865
5.810000 0.041918
5.820000 0.031884
5.830000 0.039459
5.840000 0.060662
5.850000 0.090560
5.860000 0.083101
5.870000 0.093422
5.880000 0.083873
5.890000 0.070322
5.900000 0.080403
5.910000 0.078298
5.920000 0.069750
5.930000 0.061022
5.940000 0.040613
5.950000 0.033017
5.960000 0.040724
5.970000 0.048865
5.980000 0.066581
5.990000 0.067980
6.000000 0.063111
6.010000 0.040306
6.020000 0.055951
6.030000 0.053485
6.040000 0.045202
6.050000 0.040243
6.060000 0.032824
6.070000 0.035397
6.080000 0.053720
6.090000 0.065032
6.100000 0.075120
6.110000 0.083240
6.120000 0.085353
6.130000 0.081985
6.140000 0.084839
6.150000 0.092414
6.160000 0.090971
6.170000 0.086259
6.180000 0.090989
6.190000 0.079235
6.200000 0.073226
6.210000 0.081165
6.220000 0.101786
6.230000 0.098476
6.240000 0.090279
6.250000 0.074458
6.260000 0.077718
6.270000 0.095272
6.280000 0.105233
6.290000 0.102999
6.300000 0.090422
6.310000 0.072386
6.320000 0.058084
6.330000 0.056166
6.340000 0.056392
6.350000 0.059775
6.360000 0.057151
6.370000 0.063168
6.380000 0.074676
6.390000 0.089634
6.400000 0.105964
6.410000 0.123460
6.420000 0.125657
6.430000 0.119943
6.440000 0.097697
6.450000 0.066347
6.460000 0.045453
6.470000 0.032366
6.480000 0.037836
6.490000 0.031012
6.500000 0.067749
6.510000 0.086060
6.520000 0.064668
6.530000 0.052200
6.540000 0.061097
6.550000 0.078037
6.560000 0.118207
6.570000 0.121010
6.580000 0.093039
6.590000 0.081566
6.600000 0.070049
6.610000 0.033869
6.620000 0.047006
6.630000 0.058644
6.640000 0.068194
6.650000 0.056460
6.660000 0.054679
6.670000 0.092335
6.680000 0.087291
6.690000 0.089102
6.700000 0.088972
6.710000 0.091344
6.720000 0.097737
6.730000 0.145361
6.740000 0.172733
6.750000 0.203935
6.760000 0.186190
6.770000 0.172816
6.780000 0.160876
6.790000 0.161126
6.800000 0.166077
6.810000 0.161505
6.820000 0.131412
6.830000 0.124970
6.840000 0.107970
6.850000 0.077054
6.860000 0.066796
6.870000 0.100929
6.880000 0.139440
6.890000 0.167218
6.900000 0.192665
6.910000 0.175337
6.920000 0.146726
6.930000 0.143992
6.940000 0.139799
6.950000 0.126817
6.960000 0.110689
6.970000 0.094473
6.980000 0.086276
6.990000 0.073897
7.000000 0.057974
7.010000 0.060012
7.020000 0.084183
7.030000 0.098468
7.040000 0.073535
7.050000 0.080665
7.060000 0.081139
7.070000 0.069613
7.080000 0.064629
7.090000 0.063070
7.100000 0.065002
7.110000 0.043248
7.120000 0.048212
7.130000 0.053159
7.140000 0.040091
7.150000 0.028740
7.160000 0.040484
7.170000 0.062007
7.180000 0.077916
7.190000 0.090156
7.200000 0.076077
7.210000 0.079848
7.220000 0.077692
7.230000 0.066171
7.240000 0.053424
7.250000 0.044325
7.260000 0.035466
7.270000 0.036362
7.280000 0.046808
7.290000 0.053456
7.300000 0.057807
7.310000 0.044820
7.320000 0.058313
7.330000 0.054764
7.340000 0.048630
7.350000 0.058001
7.360000 0.065369
7.370000 0.060117
7.380000 0.065448
7.390000 0.082113
7.400000 0.083393
7.410000 0.079356
7.420000 0.079513
7.430000 0.084610
7.440000 0.090618
7.450000 0.094197
7.460000 0.089213
7.470000 0.081302
7.480000 0.056688
7.490000 0.043828
7.500000 0.045454
7.510000 0.049725
7.520000 0.064550
7.530000 0.076514
7.540000 0.076225
7.550000 0.070728
7.560000 0.067689
7.570000 0.060569
7.580000 0.053839
7.590000 0.048717
7.600000 0.037624
7.610000 0.046966
7.620000 0.061400
7.630000 0.045769
7.640000 0.047531
7.650000 0.045338
7.660000 0.026080
7.670000 0.006681
7.680000 0.027507
7.690000 0.041141
7.700000 0.075521
7.710000 0.100703
7.720000 0.097403
7.730000 0.088921
7.740000 0.082013
7.750000 0.077065
7.760000 0.066526
7.770000 0.056944
7.780000 0.046780
7.790000 0.036022
7.800000 0.050014
7.810000 0.072839
7.820000 0.103135
7.830000 0.138688
7.840000 0.117217
7.850000 0.086778
7.860000 0.059084
7.870000 0.037638
7.880000 0.031004
7.890000 0.046529
7.900000 0.065851
7.910000 0.081967
7.920000 0.105702
7.930000 0.116089
7.940000 0.127509
7.950000 0.136948
7.960000 0.121023
7.970000 0.091620
7.980000 0.052934
7.990000 0.034722
8.000000 0.037193
8.010000 0.047901
8.020000 0.056308
8.030000 0.083177
8.040000 0.076686
8.050000 0.083082
8.060000 0.078205
8.070000 0.066329
8.080000 0.055407
8.090000 0.040287
8.100000 0.036781
8.110000 0.026111
8.120000 0.033586
8.130000 0.035724
8.140000 0.087415
8.150000 0.066778
8.160000 0.024361
8.170000 0.039749
8.180000 0.065640
8.190000 0.039433
8.200000 0.046276
8.210000 0.085069
8.220000 0.119569
8.230000 0.082459
8.240000 0.067759
8.250000 0.094535
8.260000 0.096966
8.270000 0.096925
8.280000 0.080810
8.290000 0.068860
8.300000 0.058658
8.310000 0.047557
8.320000 0.047593
8.330000 0.017215
8.340000 0.048495
8.350000 0.080070
8.360000 0.080634
8.370000 0.070718
8.380000 0.053012
8.390000 0.035667
8.400000 0.021377
8.410000 0.046450
8.420000 0.068215
8.430000 0.065437
8.440000 0.049592
8.450000 0.033318
8.460000 0.017879
8.470000 0.035808
8.480000 0.069277
8.490000 0.057005
8.500000 0.019591
8.510000 0.024331
8.520000 0.029318
8.530000 0.026550
8.540000 0.022046
8.550000 0.045711
8.560000 0.061786
8.570000 0.050283
8.580000 0.028033
8.590000 0.017411
8.600000 0.032213
8.610000 0.057912
8.620000 0.062309
8.630000 0.078931
8.640000 0.040603
8.650000 0.016969
8.660000 0.012166
8.670000 0.039858
8.680000 0.052725
8.690000 0.035827
8.700000 0.028049
8.710000 0.025473
8.720000 0.028212
8.730000 0.037022
8.740000 0.036305
8.750000 0.033037
8.760000 0.037951
8.770000 0.031360
8.780000 0.049204
8.790000 0.039977
8.800000 0.027459
8.810000 0.023714
8.820000 0.023928
8.830000 0.032492
8.840000 0.014278
8.850000 0.031075
8.860000 0.038999
8.870000 0.044144
8.880000 0.052449
8.890000 0.054379
8.900000 0.058962
8.910000 0.063014
8.920000 0.040902
8.930000 0.019602
8.940000 0.015288
8.950000 0.023733
8.960000 0.023457
8.970000 0.028497
8.980000 0.019042
8.990000 0.010779
9.000000 0.014000
9.010000 0.021899
9.020000 0.024372
9.030000 0.037378
9.040000 0.043880
9.050000 0.041031
9.060000 0.069744
9.070000 0.079739
9.080000 0.082140
9.090000 0.046701
9.100000 0.027788
9.110000 0.027484
9.120000 0.020537
9.130000 0.011944
9.140000 0.030179
9.150000 0.042257
9.160000 0.033496
9.170000 0.025330
9.180000 0.020053
9.190000 0.019769
9.200000 0.012103
9.210000 0.031688
9.220000 0.056710
9.230000 0.085331
9.240000 0.104635
9.250000 0.092740
9.260000 0.073164
9.270000 0.051913
9.280000 0.042417
9.290000 0.038797
9.300000 0.038309
9.310000 0.041466
9.320000 0.036178
9.330000 0.038648
9.340000 0.029496
9.350000 0.022811
9.360000 0.018934
9.370000 0.031666
9.380000 0.050953
9.390000 0.068050
9.400000 0.083253
9.410000 0.072021
9.420000 0.060139
9.430000 0.047780
9.440000 0.028805
9.450000 0.029347
9.460000 0.028352
9.470000 0.018206
9.480000 0.018326
9.490000 0.031779
9.500000 0.041717
9.510000 0.021892
9.520000 0.027214
9.530000 0.023969
9.540000 0.033544
9.550000 0.053343
9.560000 0.050515
9.570000 0.041179
9.580000 0.045569
9.590000 0.056076
9.600000 0.066138
9.610000 0.064844
9.620000 0.037335
9.630000 0.028754
9.640000 0.015853
9.650000 0.029977
9.660000 0.048543
9.670000 0.074160
9.680000 0.094901
9.690000 0.105919
9.700000 0.086432
9.710000 0.055792
9.720000 0.044121
9.730000 0.040408
9.740000 0.051973
9.750000 0.039873
9.760000 0.032421
9.770000 0.040136
9.780000 0.033021
9.790000 0.031779
9.800000 0.038532
9.810000 0.046157
9.820000 0.052462
9.830000 0.060847
9.840000 0.070835
9.850000 0.068806
9.860000 0.055169
9.870000 0.064034
9.880000 0.060107
9.890000 0.056952
9.900000 0.050761
9.910000 0.043282
9.920000 0.024816
9.930000 0.023727
9.940000 0.028816
9.950000 0.027756
9.960000 0.028808
9.970000 0.051960
9.980000 0.078213
9.990000 0.081365
10.000000 0.061764
10.010000 0.068764
10.020000 0.044898
10.030000 0.034831
10.040000 0.024449
10.050000 0.053466
10.060000 0.057939
10.070000 0.051162
10.080000 0.044248
10.090000 0.041798
10.100000 0.042574
10.110000 0.039426
10.120000 0.039623
10.130000 0.033800
10.140000 0.021028
10.150000 0.019346
10.160000 0.033633
10.170000 0.027486
10.180000 0.029439
10.190000 0.044058
10.200000 0.058576
10.210000 0.036266
10.220000 0.019061
10.230000 0.028830
10.240000 0.051763
10.250000 0.060702
10.260000 0.049086
10.270000 0.028085
10.280000 0.025529
10.290000 0.024568
10.300000 0.032812
10.310000 0.048715
10.320000 0.061178
10.330000 0.062701
10.340000 0.062423
10.350000 0.043933
10.360000 0.034769
10.370000 0.041475
10.380000 0.053257
10.390000 0.040451
10.400000 0.033570
10.410000 0.052193
10.420000 0.035992
10.430000 0.016142
10.440000 0.016718
10.450000 0.035578
10.460000 0.025753
10.470000 0.036095
10.480000 0.065364
10.490000 0.066374
10.500000 0.058278
10.510000 0.058025
10.520000 0.042411
10.530000 0.040221
10.540000 0.055180
10.550000 0.059492
10.560000 0.035394
10.570000 0.029768
10.580000 0.048302
10.590000 0.062683
10.600000 0.055633
10.610000 0.040152
10.620000 0.027478
10.630000 0.026707
10.640000 0.026297
10.650000 0.019611
10.660000 0.028759
10.670000 0.019973
10.680000 0.025495
10.690000 0.023937
10.700000 0.023344
10.710000 0.041331
10.720000 0.046474
10.730000 0.050383
10.740000 0.035859
10.750000 0.050685
10.760000 0.062266
10.770000 0.061231
10.780000 0.058955
10.790000 0.071496
10.800000 0.070502
10.810000 0.055468
10.820000 0.025089
10.830000 0.035729
10.840000 0.048541
10.850000 0.058952
10.860000 0.019370
10.870000 0.013812
10.880000 0.012257
10.890000 0.025835
10.900000 0.059675
10.910000 0.037889
10.920000 0.036946
10.930000 0.051985
10.940000 0.080631
10.950000 0.056643
10.960000 0.047617
10.970000 0.050775
10.980000 0.054610
10.990000 0.062269
11.000000 0.082807
11.010000 0.105431
11.020000 0.077219
11.030000 0.064729
11.040000 0.068548
11.050000 0.055169
11.060000 0.033306
11.070000 0.017009
11.080000 0.047487
11.090000 0.043035
11.100000 0.027143
11.110000 0.019094
11.120000 0.013679
11.130000 0.027127
11.140000 0.043388
11.150000 0.049601
11.160000 0.050658
11.170000 0.048621
11.180000 0.023508
11.190000 0.021395
11.200000 0.026216
11.210000 0.042867
11.220000 0.036360
11.230000 0.060542
11.240000 0.074380
11.250000 0.098669
11.260000 0.095569
11.270000 0.078487
11.280000 0.060665
11.290000 0.048872
11.300000 0.051952
11.310000 0.046054
11.320000 0.060032
11.330000 0.061766
11.340000 0.096237
11.350000 0.111047
11.360000 0.109959
11.370000 0.080967
11.380000 0.032069
11.390000 0.057394
11.400000 0.061440
11.410000 0.096047
11.420000 0.081375
11.430000 0.036824
11.440000 0.012968
11.450000 0.024234
11.460000 0.013475
11.470000 0.034161
11.480000 0.035793
11.490000 0.052327
11.500000 0.047665
11.510000 0.079094
11.520000 0.097004
11.530000 0.101678
11.540000 0.072369
11.550000 0.037674
11.560000 0.053034
11.570000 0.084145
11.580000 0.111053
11.590000 0.105507
11.600000 0.115013
11.610000 0.111726
11.620000 0.110956
11.630000 0.054857
11.640000 0.073032
11.650000 0.085325
11.660000 0.093473
11.670000 0.112318
11.680000 0.145192
11.690000 0.161727
11.700000 0.172687
11.710000 0.198428
11.720000 0.249011
11.730000 0.270607
11.740000 0.274345
11.750000 0.225391
11.760000 0.192734
11.770000 0.185716
11.780000 0.197602
11.790000 0.201137
11.800000 0.246031
11.810000 0.313144
11.820000 0.317244
11.830000 0.276514
11.840000 0.218272
11.850000 0.173866
11.860000 0.155400
11.870000 0.124442
11.880000 0.095009
11.890000 0.097755
11.900000 0.060299
11.910000 0.046871
11.920000 0.073636
11.930000 0.050106
11.940000 0.029912
11.950000 0.051911
11.960000 0.112334
11.970000 0.164928
11.980000 0.171622
11.990000 0.177254
12.000000 0.200385
12.010000 0.158155
12.020000 0.117269
12.030000 0.081894
12.040000 0.076189
12.050000 0.077044
12.060000 0.077285
12.070000 0.090627
12.080000 0.119208
12.090000 0.131806
12.100000 0.098411
12.110000 0.053951
12.120000 0.026724
12.130000 0.074671
12.140000 0.063208
12.150000 0.043410
12.160000 0.036544
12.170000 0.051466
12.180000 0.027797
12.190000 0.020003
12.200000 0.035806
12.210000 0.068283
12.220000 0.103904
12.230000 0.116480
12.240000 0.052726
12.250000 0.028334
12.260000 0.035949
12.270000 0.057338
12.280000 0.064286
12.290000 0.064100
12.300000 0.060597
12.310000 0.060170
12.320000 0.051859
12.330000 0.034914
12.340000 0.046044
12.350000 0.029257
12.360000 0.041633
12.370000 0.049549
12.380000 0.038591
12.390000 0.033205
12.400000 0.052222
12.410000 0.062075
12.420000 0.065098
12.430000 0.050834
12.440000 0.034712
12.450000 0.035391
12.460000 0.039528
12.470000 0.034000
12.480000 0.040991
12.490000 0.050643
12.500000 0.042454
12.510000 0.063285
12.520000 0.026737
12.530000 0.025545
12.540000 0.033391
12.550000 0.010779
12.560000 0.034853
12.570000 0.050137
12.580000 0.055814
12.590000 0.033210
12.600000 0.030754
12.610000 0.024776
12.620000 0.019664
12.630000 0.031188
12.640000 0.028932
12.650000 0.028331
12.660000 0.036465
12.670000 0.034120
12.680000 0.027689
12.690000 0.025810
12.700000 0.054878
12.710000 0.096891
12.720000 0.120165
12.730000 0.117278
12.740000 0.090861
12.750000 0.097562
12.760000 0.102827
12.770000 0.091041
12.780000 0.103393
12.790000 0.125186
12.800000 0.091875
12.810000 0.049144
12.820000 0.046004
12.830000 0.049106
12.840000 0.052710
12.850000 0.072723
12.860000 0.072882
12.870000 0.035299
12.880000 0.045817
12.890000 0.052102
12.900000 0.066676
12.910000 0.058929
12.920000 0.038652
12.930000 0.035650
12.940000 0.046559
12.950000 0.047078
12.960000 0.052338
12.970000 0.074265
12.980000 0.066233
12.990000 0.058519
13.000000 0.058834
13.010000 0.038941
13.020000 0.048645
13.030000 0.055040
13.040000 0.044623
13.050000 0.039308
13.060000 0.037352
13.070000 0.045789
13.080000 0.047478
13.090000 0.026477
13.100000 0.031881
13.110000 0.044744
13.120000 0.055361
13.130000 0.017222
13.140000 0.026744
13.150000 0.042495
13.160000 0.039786
13.170000 0.025083
13.180000 0.024713
13.190000 0.025937
13.200000 0.020972
13.210000 0.027726
13.220000 0.044218
13.230000 0.060012
13.240000 0.051779
13.250000 0.035061
13.260000 0.020581
13.270000 0.021644
13.280000 0.030666
13.290000 0.031428
13.300000 0.050638
13.310000 0.059286
13.320000 0.065528
13.330000 0.056116
13.340000 0.042131
13.350000 0.037968
13.360000 0.071723
13.370000 0.077236
13.380000 0.053695
13.390000 0.046309
13.400000 0.032598
13.410000 0.035603
13.420000 0.035737
13.430000 0.031606
13.440000 0.049873
13.450000 0.037158
13.460000 0.024359
13.470000 0.023056
13.480000 0.032165
13.490000 0.044121
13.500000 0.037391
13.510000 0.039507
13.520000 0.055353
13.530000 0.074890
13.540000 0.073824
13.550000 0.043210
13.560000 0.034373
13.570000 0.030754
13.580000 0.031351
13.590000 0.030317
13.600000 0.031134
13.610000 0.030578
13.620000 0.031767
13.630000 0.032672
13.640000 0.036438
13.650000 0.039931
13.660000 0.044176
13.670000 0.048226
13.680000 0.040508
13.690000 0.038772
13.700000 0.037874
13.710000 0.044645
13.720000 0.031148
13.730000 0.032514
13.740000 0.037093
13.750000 0.033011
13.760000 0.038890
13.770000 0.031413
13.780000 0.033953
13.790000 0.049385
13.800000 0.059185
13.810000 0.046275
13.820000 0.037608
13.830000 0.028831
13.840000 0.024619
13.850000 0.029123
13.860000 0.038258
13.870000 0.037820
13.880000 0.033182
13.890000 0.030557
13.900000 0.037312
13.910000 0.054517
13.920000 0.037490
13.930000 0.019136
13.940000 0.024570
13.950000 0.031007
13.960000 0.040435
13.970000 0.047385
13.980000 0.036929
13.990000 0.032869
14.000000 0.026991
14.010000 0.033856
14.020000 0.035247
14.030000 0.031063
14.040000 0.030033
14.050000 0.026898
14.060000 0.025253
14.070000 0.022927
14.080000 0.019763
14.090000 0.017227
14.100000 0.015762
14.110000 0.014202
14.120000 0.023576
14.130000 0.034552
14.140000 0.052929
14.150000 0.042463
14.160000 0.040760
14.170000 0.020978
14.180000 0.020405
14.190000 0.022359
14.200000 0.026936
14.210000 0.027936
14.220000 0.032246
14.230000 0.045103
14.240000 0.043130
14.250000 0.035880
14.260000 0.029221
14.270000 0.024720
14.280000 0.029322
14.290000 0.040740
14.300000 0.045431
14.310000 0.044720
14.320000 0.040464
14.330000 0.038088
14.340000 0.029648
14.350000 0.004298
14.360000 0.038359
14.370000 0.025050
14.380000 0.021696
14.390000 0.030996
14.400000 0.036618
14.410000 0.025532
14.420000 0.025076
14.430000 0.009656
14.440000 0.017527
14.450000 0.041492
14.460000 0.011919
14.470000 0.022913
14.480000 0.025308
14.490000 0.020564
14.500000 0.010425
14.510000 0.008109
14.520000 0.011421
14.530000 0.002547
14.540000 0.015926
14.550000 0.018129
14.560000 0.024622
14.570000 0.026475
14.580000 0.010723
14.590000 0.050910
14.600000 0.048887
14.610000 0.026734
14.620000 0.015298
14.630000 0.032748
14.640000 0.021510
14.650000 0.020666
14.660000 0.025994
14.670000 0.029566
14.680000 0.023032
14.690000 0.027025
14.700000 0.015435
14.710000 0.020238
14.720000 0.026752
14.730000 0.029512
14.740000 0.022625
14.750000 0.026881
14.760000 0.016924
14.770000 0.003921
14.780000 0.008975
14.790000 0.015401
14.800000 0.014047
14.810000 0.020666
14.820000 0.025645
14.830000 0.027943
14.840000 0.033526
14.850000 0.017408
14.860000 0.010423
14.870000 0.031433
14.880000 0.015928
14.890000 0.006202
14.900000 0.007287
14.910000 0.007870
14.920000 0.008156
14.930000 0.008693
14.940000 0.019697
14.950000 0.014282
14.960000 0.009520
14.970000 0.002034
14.980000 0.009389
14.990000 0.029077
15.000000 0.007205
15.010000 0.021039
15.020000 0.020460
15.030000 0.017451
15.040000 0.012750
15.050000 0.008350
15.060000 0.010639
15.070000 0.025325
15.080000 0.020645
15.090000 0.012891
15.100000 0.015720
15.110000 0.011612
15.120000 0.004664
15.130000 0.010110
15.140000 0.012161
15.150000 0.027400
15.160000 0.021301
15.170000 0.018041
15.180000 0.016255
15.190000 0.024678
15.200000 0.020686
15.210000 0.006711
15.220000 0.010401
15.230000 0.019141
15.240000 0.011405
15.250000 0.015958
15.260000 0.020683
15.270000 0.017289
15.280000 0.005169
15.290000 0.010327
15.300000 0.023035
15.310000 0.030000
15.320000 0.032943
15.330000 0.020833
15.340000 0.037444
15.350000 0.015558
15.360000 0.008679
15.370000 0.021382
15.380000 0.015353
15.390000 0.011649
15.400000 0.011906
15.410000 0.016099
15.420000 0.023841
15.430000 0.012801
15.440000 0.014904
15.450000 0.022950
15.460000 0.030837
15.470000 0.021234
15.480000 0.012725
15.490000 0.013726
15.500000 0.017520
15.510000 0.031152
15.520000 0.020545
15.530000 0.028416
15.540000 0.025765
15.550000 0.023346
15.560000 0.031409
15.570000 0.013252
15.580000 0.015929
15.590000 0.028639
15.600000 0.029198
15.610000 0.032323
15.620000 0.031771
15.630000 0.033131
15.640000 0.017587
15.650000 0.011434
15.660000 0.010024
15.670000 0.013020
15.680000 0.019333
15.690000 0.029416
15.700000 0.029507
15.710000 0.031481
15.720000 0.020700
15.730000 0.025648
15.740000 0.038871
15.750000 0.038683
15.760000 0.030730
15.770000 0.023625
15.780000 0.013752
15.790000 0.013086
15.800000 0.014091
15.810000 0.025060
15.820000 0.030760
15.830000 0.028142
15.840000 0.018022
15.850000 0.018855
15.860000 0.041541
15.870000 0.039575
15.880000 0.027484
15.890000 0.019320
15.900000 0.016845
15.910000 0.035583
15.920000 0.022919
15.930000 0.026181
15.940000 0.020182
15.950000 0.020852
15.960000 0.024972
15.970000 0.028241
15.980000 0.028827
15.990000 0.031182
16.000000 0.034757
16.010000 0.016831
16.020000 0.023171
16.030000 0.028768
16.040000 0.047399
16.050000 0.045453
16.060000 0.040296
16.070000 0.044144
16.080000 0.040920
16.090000 0.019935
16.100000 0.006423
16.110000 0.011994
16.120000 0.021215
16.130000 0.024147
16.140000 0.022771
16.150000 0.037695
16.160000 0.024993
16.170000 0.014103
16.180000 0.007094
16.190000 0.040467
16.200000 0.020838
16.210000 0.028350
16.220000 0.019783
16.230000 0.030989
16.240000 0.054224
16.250000 0.019817
16.260000 0.027329
16.270000 0.042455
16.280000 0.019823
16.290000 0.019216
16.300000 0.033741
16.310000 0.048327
16.320000 0.040338
16.330000 0.082955
16.340000 0.066546
16.350000 0.041869
16.360000 0.029452
16.370000 0.028570
16.380000 0.025429
16.390000 0.053712
16.400000 0.070513
16.410000 0.025759
16.420000 0.027408
16.430000 0.039060
16.440000 0.028746
16.450000 0.039819
16.460000 0.039971
16.470000 0.041822
16.480000 0.036476
16.490000 0.033471
16.500000 0.045555
16.510000 0.026609
16.520000 0.007708
16.530000 0.018617
16.540000 0.031935
16.550000 0.090958
16.560000 0.070226
16.570000 0.062757
16.580000 0.058321
16.590000 0.022047
16.600000 0.026663
16.610000 0.037652
16.620000 0.042796
16.630000 0.091761
16.640000 0.125440
16.650000 0.101186
16.660000 0.070380
16.670000 0.056658
16.680000 0.059701
16.690000 0.088124
16.700000 0.116733
16.710000 0.204270
16.720000 0.144186
16.730000 0.024580
16.740000 0.092557
16.750000 0.058185
16.760000 0.089506
16.770000 0.052474
16.780000 0.063237
16.790000 0.111649
16.800000 0.098301
16.810000 0.072843
16.820000 0.071604
16.830000 0.026444
16.840000 0.053456
16.850000 0.032542
16.860000 0.100307
16.870000 0.074066
16.880000 0.019336
16.890000 0.021158
16.900000 0.056474
16.910000 0.027443
16.920000 0.031953
16.930000 0.078962
16.940000 0.078962
16.950000 0.051249
16.960000 0.050982
16.970000 0.063788
16.980000 0.054431
16.990000 0.019958
17.000000 0.026407
17.010000 0.111890
17.020000 0.091454
17.030000 0.019229
17.040000 0.040538
17.050000 0.034161
17.060000 0.039072
17.070000 0.019190
17.080000 0.053822
17.090000 0.093186
17.100000 0.037326
17.110000 0.051473
17.120000 0.017313
17.130000 0.027889
17.140000 0.104549
17.150000 0.020839
17.160000 0.167251
17.170000 0.174155
17.180000 0.118603
17.190000 0.054361
17.200000 0.078999
17.210000 0.329596
17.220000 0.213268
17.230000 0.296858
17.240000 0.523689
17.250000 0.149456
17.260000 0.485426
17.270000 0.169340
17.280000 0.589333
17.290000 0.147187
17.300000 0.144216
17.310000 0.182018
17.320000 0.224296
17.330000 0.121335
17.340000 0.075728
17.350000 0.109198
17.360000 0.174484
17.370000 0.267974
17.380000 0.072755
17.390000 0.025884
17.400000 0.056985
17.410000 0.126424
17.420000 0.151628
17.430000 0.044925
17.440000 0.294789
17.450000 0.388505
17.460000 0.383917
17.470000 0.227582
17.480000 0.235977
17.490000 0.180740
17.500000 0.152788
17.510000 0.145928
17.520000 0.098805
17.530000 0.113286
17.540000 0.068034
17.550000 0.135887
17.560000 0.157036
17.570000 0.108765
17.580000 0.144493
17.590000 0.238436
17.600000 0.305140
17.610000 0.390027
17.620000 0.446580
17.630000 0.532224
17.640000 0.567286
17.650000 0.591819
17.660000 0.399656
17.670000 0.182141
17.680000 0.039190
17.690000 0.198886
17.700000 0.102825
17.710000 0.037624
17.720000 0.071187
17.730000 0.080895
17.740000 0.121687
17.750000 0.218696
17.760000 0.263414
17.770000 0.189601
17.780000 0.120414
17.790000 0.078116
17.800000 0.098793
17.810000 0.174211
17.820000 0.249982
17.830000 0.076898
17.840000 0.089094
17.850000 0.068277
17.860000 0.150562
17.870000 0.161706
17.880000 0.174315
17.890000 0.190562
17.900000 0.159300
17.910000 0.092257
17.920000 0.102831
17.930000 0.082396
17.940000 0.119821
17.950000 0.132176
17.960000 0.118682
17.970000 0.046120
17.980000 0.070694
17.990000 0.050039
18.000000 0.095231
18.010000 0.098832
18.020000 0.111049
18.030000 0.035232
18.040000 0.043406
18.050000 0.084389
18.060000 0.126559
18.070000 0.063212
18.080000 0.094345
18.090000 0.132309
18.100000 0.164461
18.110000 0.196757
18.120000 0.188381
18.130000 0.196579
18.140000 0.400477
18.150000 0.532912
18.160000 0.448590
18.170000 0.342781
18.180000 0.305435
18.190000 0.259655
18.200000 0.238619
18.210000 0.174113
18.220000 0.124844
18.230000 0.224064
18.240000 0.320827
18.250000 0.385123
18.260000 0.390150
18.270000 0.415492
18.280000 0.423269
18.290000 0.394900
18.300000 0.331010
18.310000 0.293770
18.320000 0.229726
18.330000 0.132976
18.340000 0.077982
18.350000 0.115184
18.360000 0.109388
18.370000 0.109187
18.380000 0.099069
18.390000 0.097160
18.400000 0.112275
18.410000 0.133709
18.420000 0.164301
18.430000 0.180253
18.440000 0.150475
18.450000 0.127316
18.460000 0.125786
18.470000 0.131203
18.480000 0.147557
18.490000 0.173994
18.500000 0.181306
18.510000 0.173977
18.520000 0.154526
18.530000 0.145127
18.540000 0.062136
18.550000 0.016464
18.560000 0.043859
18.570000 0.069387
18.580000 0.105345
18.590000 0.225371
18.600000 0.333600
18.610000 0.426270
18.620000 0.433216
18.630000 0.416418
18.640000 0.368369
18.650000 0.314676
18.660000 0.263661
18.670000 0.204279
18.680000 0.157994
18.690000 0.139898
18.700000 0.125907
18.710000 0.115082
18.720000 0.115496
18.730000 0.123085
18.740000 0.135563
18.750000 0.155084
18.760000 0.167640
18.770000 0.152939
18.780000 0.139377
18.790000 0.129350
18.800000 0.126921
18.810000 0.114995
18.820000 0.096764
18.830000 0.084049
18.840000 0.080166
18.850000 0.077935
18.860000 0.069183
18.870000 0.080603
18.880000 0.088074
18.890000 0.072198
18.900000 0.079346
18.910000 0.113138
18.920000 0.141841
18.930000 0.175307
18.940000 0.214354
18.950000 0.255853
18.960000 0.298801
18.970000 0.305187
18.980000 0.303615
18.990000 0.308968
19.000000 0.299513
19.010000 0.286660
19.020000 0.237394
19.030000 0.190741
19.040000 0.151772
19.050000 0.109671
19.060000 0.086042
19.070000 0.104372
19.080000 0.148647
19.090000 0.201916
19.100000 0.262332
19.110000 0.314886
19.120000 0.323882
19.130000 0.321234
19.140000 0.316717
19.150000 0.288155
19.160000 0.260145
19.170000 0.236451
19.180000 0.213667
19.190000 0.191711
19.200000 0.171816
19.210000 0.155809
19.220000 0.146641
19.230000 0.141506
19.240000 0.141489
19.250000 0.146987
19.260000 0.150414
19.270000 0.144593
19.280000 0.160092
19.290000 0.188114
19.300000 0.210466
19.310000 0.211282
19.320000 0.213909
19.330000 0.226033
19.340000 0.210460
19.350000 0.162405
19.360000 0.130801
19.370000 0.121720
19.380000 0.124474
19.390000 0.136119
19.400000 0.149292
19.410000 0.155564
19.420000 0.165567
19.430000 0.178608
19.440000 0.175597
19.450000 0.161637
19.460000 0.154072
19.470000 0.158144
19.480000 0.174555
19.490000 0.148073
19.500000 0.129896
19.510000 0.112178
19.520000 0.094883
19.530000 0.078239
19.540000 0.089481
19.550000 0.096488
19.560000 0.094909
19.570000 0.081689
19.580000 0.059171
19.590000 0.049806
19.600000 0.056761
19.610000 0.074798
19.620000 0.085178
19.630000 0.106007
19.640000 0.122747
19.650000 0.133074
19.660000 0.138507
19.670000 0.116973
19.680000 0.090741
19.690000 0.064325
19.700000 0.054359
19.710000 0.047877
19.720000 0.029807
19.730000 0.035044
19.740000 0.057112
19.750000 0.078650
19.760000 0.081080
19.770000 0.100090
19.780000 0.137821
19.790000 0.139550
19.800000 0.141554
19.810000 0.143262
19.820000 0.133063
19.830000 0.139943
19.840000 0.126004
19.850000 0.102498
19.860000 0.093741
19.870000 0.106572
19.880000 0.103491
19.890000 0.087546
19.900000 0.102943
19.910000 0.107911
19.920000 0.094264
19.930000 0.066497
19.940000 0.049311
19.950000 0.030379
19.960000 0.034583
19.970000 0.040683
19.980000 0.037682
19.990000 0.062072
