0.000000 15.718701
0.010000 16.299837
0.020000 16.135435
0.030000 15.132068
0.040000 13.853593
0.050000 12.949328
0.060000 12.213618
0.070000 11.304506
0.080000 11.251998
0.090000 11.542469
0.100000 12.144946
0.110000 11.364527
0.120000 10.323827
0.130000 8.103710
0.140000 5.259921
0.150000 4.057210
0.160000 3.702246
0.170000 3.689264
0.180000 4.157751
0.190000 4.661518
0.200000 4.917452
0.210000 5.116956
0.220000 5.262852
0.230000 5.007738
0.240000 4.157501
0.250000 3.512865
0.260000 3.190766
0.270000 3.629641
0.280000 5.264021
0.290000 8.163311
0.300000 11.603708
0.310000 14.869125
0.320000 16.877581
0.330000 18.021603
0.340000 17.730198
0.350000 17.070156
0.360000 14.570144
0.370000 14.135751
0.380000 13.449306
0.390000 11.195879
0.400000 8.835382
0.410000 7.054444
0.420000 5.413594
0.430000 4.173814
0.440000 2.935647
0.450000 2.734643
0.460000 2.371254
0.470000 2.582468
0.480000 3.165867
0.490000 3.860757
0.500000 4.860352
0.510000 6.176311
0.520000 7.160686
0.530000 8.256907
0.540000 9.512214
0.550000 9.775401
0.560000 9.758540
0.570000 10.135634
0.580000 11.066769
0.590000 11.911150
0.600000 12.502006
0.610000 12.923649
0.620000 13.870330
0.630000 14.607332
0.640000 15.147470
0.650000 14.694683
0.660000 13.539129
0.670000 12.272801
0.680000 11.333529
0.690000 10.283660
0.700000 9.883508
0.710000 9.855620
0.720000 10.193242
0.730000 10.327501
0.740000 9.357872
0.750000 7.758543
0.760000 4.927441
0.770000 4.104225
0.780000 4.017567
0.790000 4.026850
0.800000 3.994255
0.810000 4.463791
0.820000 4.965698
0.830000 4.690523
0.840000 4.323115
0.850000 4.140501
0.860000 3.947412
0.870000 3.644405
0.880000 2.843004
0.890000 2.756917
0.900000 2.914315
0.910000 4.440704
0.920000 7.336166
0.930000 10.940586
0.940000 14.264377
0.950000 15.866570
0.960000 16.495014
0.970000 15.863106
0.980000 13.772376
0.990000 12.551088
1.000000 12.214036
1.010000 10.784063
1.020000 8.342142
1.030000 6.380876
1.040000 4.577534
1.050000 3.306080
1.060000 2.249811
1.070000 1.983670
1.080000 1.791709
1.090000 1.903870
1.100000 2.365609
1.110000 2.732484
1.120000 3.432811
1.130000 4.592736
1.140000 5.613301
1.150000 6.706545
1.160000 7.968478
1.170000 9.409968
1.180000 9.363229
1.190000 8.845608
1.200000 8.646196
1.210000 9.249016
1.220000 10.105144
1.230000 11.001913
1.240000 11.771780
1.250000 12.697609
1.260000 13.279259
1.270000 13.720773
1.280000 13.163558
1.290000 12.067743
1.300000 10.788146
1.310000 9.922363
1.320000 9.042562
1.330000 8.576135
1.340000 8.426852
1.350000 8.767252
1.360000 8.506354
1.370000 7.552967
1.380000 5.076612
1.390000 4.268891
1.400000 4.550067
1.410000 4.430027
1.420000 4.587925
1.430000 4.909863
1.440000 4.826155
1.450000 4.312031
1.460000 3.772369
1.470000 3.355662
1.480000 3.069507
1.490000 3.030968
1.500000 2.920035
1.510000 2.556572
1.520000 2.392018
1.530000 2.577987
1.540000 3.614655
1.550000 6.133748
1.560000 9.417916
1.570000 12.991036
1.580000 14.559295
1.590000 14.829974
1.600000 13.177943
1.610000 11.190676
1.620000 10.624619
1.630000 9.861771
1.640000 7.970606
1.650000 5.979023
1.660000 4.116304
1.670000 2.544712
1.680000 1.706871
1.690000 1.657329
1.700000 1.793528
1.710000 1.998462
1.720000 2.050966
1.730000 2.233484
1.740000 2.458255
1.750000 3.226768
1.760000 4.292027
1.770000 5.358784
1.780000 6.493934
1.790000 7.568363
1.800000 8.425060
1.810000 7.878076
1.820000 7.361445
1.830000 7.165106
1.840000 7.453969
1.850000 8.420810
1.860000 9.356670
1.870000 10.646034
1.880000 11.569464
1.890000 12.041172
1.900000 12.223525
1.910000 11.698924
1.920000 10.343771
1.930000 9.304171
1.940000 8.687322
1.950000 7.961132
1.960000 7.272131
1.970000 6.963261
1.980000 7.211727
1.990000 6.851742
2.000000 5.844543
2.010000 4.359925
2.020000 4.670074
2.030000 4.718284
2.040000 5.218285
2.050000 5.605317
2.060000 5.430226
2.070000 4.292892
2.080000 3.491370
2.090000 2.865208
2.100000 2.504048
2.110000 2.315996
2.120000 2.079609
2.130000 2.037513
2.140000 2.446559
2.150000 2.130111
2.160000 2.382953
2.170000 3.089755
2.180000 4.663971
2.190000 7.590099
2.200000 11.003787
2.210000 13.248894
2.220000 13.414995
2.230000 10.832027
2.240000 9.697649
2.250000 8.711128
2.260000 7.659369
2.270000 5.800977
2.280000 3.763059
2.290000 2.321790
2.300000 1.392105
2.310000 1.717159
2.320000 1.948807
2.330000 2.354283
2.340000 2.505714
2.350000 2.663952
2.360000 2.553403
2.370000 2.554229
2.380000 3.253172
2.390000 4.098449
2.400000 4.830434
2.410000 5.670231
2.420000 6.472736
2.430000 6.922982
2.440000 6.625431
2.450000 6.026980
2.460000 5.720420
2.470000 5.827466
2.480000 6.342134
2.490000 7.597924
2.500000 9.277840
2.510000 10.506967
2.520000 10.472763
2.530000 10.136910
2.540000 9.522065
2.550000 8.343022
2.560000 7.172166
2.570000 6.694956
2.580000 6.078110
2.590000 5.517311
2.600000 5.417962
2.610000 5.772658
2.620000 5.580692
2.630000 4.843542
2.640000 4.456935
2.650000 4.490724
2.660000 5.546562
2.670000 6.322130
2.680000 6.447888
2.690000 5.407492
2.700000 4.121949
2.710000 3.142100
2.720000 2.381034
2.730000 2.058257
2.740000 1.772984
2.750000 1.607541
2.760000 1.456046
2.770000 1.725282
2.780000 2.075583
2.790000 2.190796
2.800000 2.434759
2.810000 3.635711
2.820000 5.096227
2.830000 8.187997
2.840000 11.237977
2.850000 11.879383
2.860000 9.140972
2.870000 8.445873
2.880000 7.169764
2.890000 6.107432
2.900000 4.267998
2.910000 2.232106
2.920000 1.157235
2.930000 1.101585
2.940000 1.413372
2.950000 2.018433
2.960000 2.575575
2.970000 2.798023
2.980000 2.817825
2.990000 2.801690
3.000000 2.853693
3.010000 3.214310
3.020000 3.646613
3.030000 4.129748
3.040000 4.565650
3.050000 5.159641
3.060000 5.576697
3.070000 5.868328
3.080000 5.426883
3.090000 4.993544
3.100000 4.715320
3.110000 4.682984
3.120000 5.493348
3.130000 6.596609
3.140000 8.349829
3.150000 8.795525
3.160000 8.437369
3.170000 7.748576
3.180000 6.932065
3.190000 5.558455
3.200000 4.994144
3.210000 4.176627
3.220000 3.670989
3.230000 3.805384
3.240000 4.370843
3.250000 4.836460
3.260000 4.646096
3.270000 4.170465
3.280000 4.836871
3.290000 6.284560
3.300000 7.442869
3.310000 6.899725
3.320000 5.961895
3.330000 4.698689
3.340000 3.225912
3.350000 2.363675
3.360000 2.016034
3.370000 1.922660
3.380000 1.868929
3.390000 1.943578
3.400000 1.654460
3.410000 1.695498
3.420000 2.087400
3.430000 2.110297
3.440000 2.544350
3.450000 3.746166
3.460000 5.026269
3.470000 8.271718
3.480000 9.635834
3.490000 7.816278
3.500000 7.134684
3.510000 6.132359
3.520000 5.241214
3.530000 3.576081
3.540000 1.698719
3.550000 0.972364
3.560000 0.715827
3.570000 1.306063
3.580000 2.283737
3.590000 2.762668
3.600000 3.053959
3.610000 3.078488
3.620000 2.997774
3.630000 2.992099
3.640000 3.279428
3.650000 3.705620
3.660000 3.654305
3.670000 3.633926
3.680000 3.986381
3.690000 4.380792
3.700000 5.055832
3.710000 5.131636
3.720000 4.866611
3.730000 4.574074
3.740000 4.201694
3.750000 3.597014
3.760000 3.896239
3.770000 5.051349
3.780000 6.705169
3.790000 7.103703
3.800000 6.555679
3.810000 5.777253
3.820000 4.844668
3.830000 3.817207
3.840000 2.970685
3.850000 2.285429
3.860000 2.719133
3.870000 3.643673
3.880000 4.909020
3.890000 5.210459
3.900000 4.186694
3.910000 4.921704
3.920000 6.761477
3.930000 8.322830
3.940000 7.883268
3.950000 6.833238
3.960000 5.707486
3.970000 4.181813
3.980000 2.605246
3.990000 1.966532
4.000000 1.946105
4.010000 2.301445
4.020000 2.658838
4.030000 2.718642
4.040000 2.531276
4.050000 1.933311
4.060000 1.853589
4.070000 2.023987
4.080000 2.612746
4.090000 3.501714
4.100000 4.299814
4.110000 7.544038
4.120000 6.572910
4.130000 5.681887
4.140000 5.361926
4.150000 4.551291
4.160000 3.529767
4.170000 1.885607
4.180000 1.067525
4.190000 1.383410
4.200000 1.329626
4.210000 2.525224
4.220000 2.982437
4.230000 3.433002
4.240000 3.590178
4.250000 3.482320
4.260000 3.167935
4.270000 3.318281
4.280000 3.796593
4.290000 3.612671
4.300000 3.166846
4.310000 2.864684
4.320000 3.078464
4.330000 3.691993
4.340000 4.660554
4.350000 4.887871
4.360000 4.854478
4.370000 4.223240
4.380000 3.302062
4.390000 2.383074
4.400000 2.442340
4.410000 3.577305
4.420000 4.946048
4.430000 5.372368
4.440000 5.128257
4.450000 4.484918
4.460000 3.579968
4.470000 2.751549
4.480000 2.017685
4.490000 2.548388
4.500000 3.629883
4.510000 5.027699
4.520000 6.125814
4.530000 5.888216
4.540000 4.772053
4.550000 5.395637
4.560000 7.668932
4.570000 8.418896
4.580000 7.903048
4.590000 7.135941
4.600000 5.793659
4.610000 4.065029
4.620000 2.318281
4.630000 1.774507
4.640000 1.548473
4.650000 1.927188
4.660000 2.749890
4.670000 3.003657
4.680000 2.944304
4.690000 1.844662
4.700000 1.240306
4.710000 1.570415
4.720000 2.084857
4.730000 3.181049
4.740000 3.679528
4.750000 5.458072
4.760000 4.249152
4.770000 4.313392
4.780000 3.997406
4.790000 3.728696
4.800000 2.965626
4.810000 1.247105
4.820000 1.769571
4.830000 1.979299
4.840000 2.126353
4.850000 2.818656
4.860000 3.469212
4.870000 3.844744
4.880000 4.019902
4.890000 4.007594
4.900000 3.785752
4.910000 3.449281
4.920000 3.131080
4.930000 2.757932
4.940000 2.285310
4.950000 2.058654
4.960000 2.260015
4.970000 3.036586
4.980000 4.245607
4.990000 4.927431
5.000000 4.478571
5.010000 3.970052
5.020000 3.163916
5.030000 2.202254
5.040000 1.532484
5.050000 2.013435
5.060000 3.033719
5.070000 3.891358
5.080000 3.858503
5.090000 3.674714
5.100000 3.252722
5.110000 2.468734
5.120000 2.338371
5.130000 3.348197
5.140000 4.973298
5.150000 6.612839
5.160000 6.733006
5.170000 5.435423
5.180000 4.091327
5.190000 4.353676
5.200000 5.777766
5.210000 6.168503
5.220000 6.311989
5.230000 5.906694
5.240000 4.987593
5.250000 4.136045
5.260000 3.522013
5.270000 2.021290
5.280000 1.377900
5.290000 1.254204
5.300000 1.669312
5.310000 2.398962
5.320000 3.168539
5.330000 2.169770
5.340000 0.950707
5.350000 1.247204
5.360000 1.136759
5.370000 1.851656
5.380000 2.797812
5.390000 3.507805
5.400000 2.714168
5.410000 2.454177
5.420000 3.083334
5.430000 3.498178
5.440000 2.592875
5.450000 1.284027
5.460000 1.951129
5.470000 2.216063
5.480000 2.612720
5.490000 2.975152
5.500000 3.489681
5.510000 3.441588
5.520000 3.496505
5.530000 3.541625
5.540000 3.131473
5.550000 2.883941
5.560000 2.331629
5.570000 1.726496
5.580000 1.443981
5.590000 1.636988
5.600000 2.018272
5.610000 2.294415
5.620000 3.027953
5.630000 3.714269
5.640000 3.686598
5.650000 3.552071
5.660000 3.361386
5.670000 3.057492
5.680000 2.376382
5.690000 1.390399
5.700000 1.312340
5.710000 1.757127
5.720000 2.489769
5.730000 2.643212
5.740000 2.677318
5.750000 2.724674
5.760000 2.436291
5.770000 3.208528
5.780000 5.003017
5.790000 6.755184
5.800000 6.851494
5.810000 5.155362
5.820000 3.451868
5.830000 2.586690
5.840000 3.492747
5.850000 4.055561
5.860000 4.377970
5.870000 3.434017
5.880000 2.382342
5.890000 1.968100
5.900000 2.400328
5.910000 2.554690
5.920000 2.735262
5.930000 1.707286
5.940000 1.106057
5.950000 1.712082
5.960000 1.554484
5.970000 1.884067
5.980000 1.705572
5.990000 0.941034
6.000000 0.907133
6.010000 0.872128
6.020000 1.107920
6.030000 1.656979
6.040000 2.183117
6.050000 0.843107
6.060000 1.549193
6.070000 2.200133
6.080000 3.197338
6.090000 1.658755
6.100000 1.053107
6.110000 1.978762
6.120000 2.301959
6.130000 2.767017
6.140000 2.593362
6.150000 2.371062
6.160000 2.302170
6.170000 2.550297
6.180000 2.436042
6.190000 2.062684
6.200000 1.912485
6.210000 1.465181
6.220000 0.882198
6.230000 0.897000
6.240000 0.886799
6.250000 1.101141
6.260000 1.343044
6.270000 1.562444
6.280000 1.633060
6.290000 1.631093
6.300000 1.737079
6.310000 1.834938
6.320000 1.884281
6.330000 1.902647
6.340000 1.866905
6.350000 1.471961
6.360000 1.114204
6.370000 1.133771
6.380000 1.660173
6.390000 1.749028
6.400000 1.805738
6.410000 2.408406
6.420000 3.208047
6.430000 4.740696
6.440000 5.505361
6.450000 6.170838
6.460000 4.003441
6.470000 2.525530
6.480000 1.097059
6.490000 1.500457
6.500000 3.331698
6.510000 2.094199
6.520000 1.397350
6.530000 0.678432
6.540000 0.399895
6.550000 1.187028
6.560000 1.530976
6.570000 1.890001
6.580000 2.507865
6.590000 2.677776
6.600000 1.474036
6.610000 1.496638
6.620000 2.670408
6.630000 1.231589
6.640000 1.209537
6.650000 0.278794
6.660000 1.134891
6.670000 1.830010
6.680000 0.398738
6.690000 1.395886
6.700000 0.605055
6.710000 1.983809
6.720000 1.849991
6.730000 1.542921
6.740000 2.033132
6.750000 0.634916
6.760000 1.502793
6.770000 1.645290
6.780000 1.962359
6.790000 2.301514
6.800000 2.064982
6.810000 1.746476
6.820000 1.519286
6.830000 1.519751
6.840000 1.107556
6.850000 0.859999
6.860000 0.787417
6.870000 0.440986
6.880000 0.177902
6.890000 0.272427
6.900000 0.528557
6.910000 0.803693
6.920000 0.963819
6.930000 1.202748
6.940000 1.605737
6.950000 1.887524
6.960000 2.054451
6.970000 1.619648
6.980000 1.347625
6.990000 1.321291
7.000000 1.385202
7.010000 1.371787
7.020000 0.973796
7.030000 0.850485
7.040000 1.025221
7.050000 0.560639
7.060000 0.874100
7.070000 1.580636
7.080000 3.137813
7.090000 3.747155
7.100000 3.301055
7.110000 3.722697
7.120000 2.630825
7.130000 0.571092
7.140000 1.357411
7.150000 1.626982
7.160000 2.710100
7.170000 2.002374
7.180000 1.451893
7.190000 1.415562
7.200000 2.248589
7.210000 1.625538
7.220000 0.944302
7.230000 0.588050
7.240000 0.782162
7.250000 0.834244
7.260000 0.524204
7.270000 1.103771
7.280000 1.561308
7.290000 0.425708
7.300000 3.021040
7.310000 1.033925
7.320000 0.179679
7.330000 1.380894
7.340000 3.048110
7.350000 0.896669
7.360000 1.638733
7.370000 1.336475
7.380000 1.487065
7.390000 0.978655
7.400000 1.018852
7.410000 1.464423
7.420000 0.833816
7.430000 0.735634
7.440000 1.491576
7.450000 2.253653
7.460000 2.479519
7.470000 2.070529
7.480000 1.521651
7.490000 1.169610
7.500000 0.765081
7.510000 0.430551
7.520000 0.533462
7.530000 0.783179
7.540000 0.905963
7.550000 0.853029
7.560000 0.680953
7.570000 1.013853
7.580000 0.655854
7.590000 0.697332
7.600000 1.026780
7.610000 1.242775
7.620000 1.427255
7.630000 1.700650
7.640000 1.911229
7.650000 1.884665
7.660000 1.705148
7.670000 1.494779
7.680000 1.301185
7.690000 1.347493
7.700000 1.078601
7.710000 1.005062
7.720000 2.048194
7.730000 2.637145
7.740000 2.282419
7.750000 2.361477
7.760000 2.818496
7.770000 2.605649
7.780000 2.289464
7.790000 2.056961
7.800000 2.322415
7.810000 2.526315
7.820000 2.989768
7.830000 2.703658
7.840000 2.637674
7.850000 1.960493
7.860000 1.056542
7.870000 2.168768
7.880000 1.847985
7.890000 1.476747
7.900000 1.315630
7.910000 1.469651
7.920000 1.873608
7.930000 1.716435
7.940000 1.317619
7.950000 0.798276
7.960000 0.713478
7.970000 1.105689
7.980000 0.944026
7.990000 0.326067
8.000000 3.198079
8.010000 1.123273
8.020000 1.072891
8.030000 2.978840
8.040000 1.187297
8.050000 1.657016
8.060000 2.160282
8.070000 1.250118
8.080000 1.418134
8.090000 2.079955
8.100000 1.380443
8.110000 0.464949
8.120000 1.223233
8.130000 1.620325
8.140000 1.731752
8.150000 2.090460
8.160000 1.511601
8.170000 1.165767
8.180000 0.353710
8.190000 0.843413
8.200000 1.286362
8.210000 1.721828
8.220000 1.884417
8.230000 2.152035
8.240000 2.503830
8.250000 2.130884
8.260000 1.630408
8.270000 1.292062
8.280000 1.052870
8.290000 0.800989
8.300000 0.834658
8.310000 0.965403
8.320000 1.246677
8.330000 1.308483
8.340000 1.410433
8.350000 1.561988
8.360000 1.784087
8.370000 1.847080
8.380000 1.504420
8.390000 1.160482
8.400000 1.537998
8.410000 1.906107
8.420000 2.045440
8.430000 2.292747
8.440000 2.417029
8.450000 3.287571
8.460000 3.686517
8.470000 2.016759
8.480000 2.259591
8.490000 2.845562
8.500000 3.305598
8.510000 3.835754
8.520000 2.595207
8.530000 1.110253
8.540000 1.343080
8.550000 2.350606
8.560000 2.419603
8.570000 1.956465
8.580000 1.926900
8.590000 1.718625
8.600000 1.237595
8.610000 0.556425
8.620000 0.361952
8.630000 0.479627
8.640000 0.944073
8.650000 1.162346
8.660000 0.888912
8.670000 1.104315
8.680000 0.682856
8.690000 0.418835
8.700000 0.945207
8.710000 1.702209
8.720000 0.972567
8.730000 2.950957
8.740000 1.687165
8.750000 1.294182
8.760000 3.117868
8.770000 1.782040
8.780000 2.277239
8.790000 1.232102
8.800000 1.647958
8.810000 2.308654
8.820000 1.296869
8.830000 1.560254
8.840000 1.873229
8.850000 1.001557
8.860000 1.295913
8.870000 1.577371
8.880000 1.256786
8.890000 0.790435
8.900000 0.621877
8.910000 0.847922
8.920000 1.234636
8.930000 1.572428
8.940000 2.074574
8.950000 2.225012
8.960000 1.908959
8.970000 1.744876
8.980000 1.615667
8.990000 1.386664
9.000000 1.108438
9.010000 0.864143
9.020000 0.682036
9.030000 0.487946
9.040000 0.616190
9.050000 0.959477
9.060000 1.362741
9.070000 1.506272
9.080000 1.480963
9.090000 1.503139
9.100000 1.410973
9.110000 1.460894
9.120000 1.621222
9.130000 1.794182
9.140000 1.887357
9.150000 1.915161
9.160000 1.956629
9.170000 2.090925
9.180000 2.420617
9.190000 2.679070
9.200000 2.916899
9.210000 3.412228
9.220000 4.320774
9.230000 5.236040
9.240000 5.494902
9.250000 6.291339
9.260000 7.311454
9.270000 6.015090
9.280000 4.797351
9.290000 4.130950
9.300000 3.354383
9.310000 2.412112
9.320000 2.202077
9.330000 1.143288
9.340000 2.077453
9.350000 3.245749
9.360000 3.605014
9.370000 2.781255
9.380000 1.224296
9.390000 1.617239
9.400000 1.316892
9.410000 1.187092
9.420000 0.589415
9.430000 0.481577
9.440000 0.866702
9.450000 0.839387
9.460000 0.427470
9.470000 0.359023
9.480000 0.535638
9.490000 0.323684
9.500000 0.505163
9.510000 0.927465
9.520000 1.523922
9.530000 0.863085
9.540000 0.788559
9.550000 1.237108
9.560000 1.492022
9.570000 2.941306
9.580000 1.084126
9.590000 4.445584
9.600000 0.950421
9.610000 0.931038
9.620000 2.191528
9.630000 1.986821
9.640000 1.261483
9.650000 1.186668
9.660000 1.421206
9.670000 0.580497
9.680000 1.284635
9.690000 1.823178
9.700000 2.011437
9.710000 1.845963
9.720000 0.809132
9.730000 0.463762
9.740000 1.036067
9.750000 1.387835
9.760000 1.779711
9.770000 2.050181
9.780000 1.758138
9.790000 1.176003
9.800000 0.486963
9.810000 1.066776
9.820000 2.541053
9.830000 2.796573
9.840000 2.696505
9.850000 3.015117
9.860000 3.295247
9.870000 3.582058
9.880000 4.089268
9.890000 4.940170
9.900000 5.142751
9.910000 4.761435
9.920000 3.897133
9.930000 2.889739
9.940000 1.749397
9.950000 1.216265
9.960000 0.907241
9.970000 0.485962
9.980000 0.690840
9.990000 0.937889
10.000000 1.329166
10.010000 1.109081
10.020000 1.624918
10.030000 2.879462
10.040000 5.342034
10.050000 7.899758
10.060000 7.344057
10.070000 5.328148
10.080000 4.255599
10.090000 1.909220
10.100000 1.606611
10.110000 2.391012
10.120000 1.849071
10.130000 0.469286
10.140000 1.357374
10.150000 1.925140
10.160000 3.435118
10.170000 3.176943
10.180000 2.725344
10.190000 1.625825
10.200000 1.056960
10.210000 0.585990
10.220000 0.965126
10.230000 1.402386
10.240000 0.827137
10.250000 1.329052
10.260000 0.465535
10.270000 1.405849
10.280000 0.893057
10.290000 1.247251
10.300000 0.921502
10.310000 2.057094
10.320000 1.342797
10.330000 0.088904
10.340000 0.572292
10.350000 1.107317
10.360000 0.326563
10.370000 1.302177
10.380000 2.168992
10.390000 1.328798
10.400000 0.594875
10.410000 0.633852
10.420000 1.304428
10.430000 1.264187
10.440000 1.188157
10.450000 1.178838
10.460000 1.386254
10.470000 1.216755
10.480000 1.313307
10.490000 0.865772
10.500000 0.798656
10.510000 0.732691
10.520000 1.251619
10.530000 1.458173
10.540000 1.786775
10.550000 2.185801
10.560000 2.254676
10.570000 2.584918
10.580000 2.564183
10.590000 2.234735
10.600000 1.830326
10.610000 1.510924
10.620000 1.271473
10.630000 1.090878
10.640000 1.056334
10.650000 1.067890
10.660000 1.052607
10.670000 0.955879
10.680000 0.916898
10.690000 0.749254
10.700000 0.809363
10.710000 1.143257
10.720000 1.209185
10.730000 1.241869
10.740000 1.705727
10.750000 2.038163
10.760000 2.096658
10.770000 2.251843
10.780000 2.937927
10.790000 4.714606
10.800000 4.939805
10.810000 5.732418
10.820000 7.063345
10.830000 6.285013
10.840000 5.176555
10.850000 3.930586
10.860000 2.624637
10.870000 2.520741
10.880000 0.703399
10.890000 3.680636
10.900000 4.940061
10.910000 4.869399
10.920000 3.126589
10.930000 1.129742
10.940000 2.321095
10.950000 3.685681
10.960000 3.332679
10.970000 2.109077
10.980000 0.875478
10.990000 1.737499
11.000000 1.907738
11.010000 1.322862
11.020000 1.149680
11.030000 1.278046
11.040000 1.057348
11.050000 1.251052
11.060000 0.927778
11.070000 1.074967
11.080000 1.519723
11.090000 1.604452
11.100000 0.843768
11.110000 0.741915
11.120000 2.342645
11.130000 0.941225
11.140000 1.217901
11.150000 0.089808
11.160000 2.051010
11.170000 1.285993
11.180000 2.871909
11.190000 1.961503
11.200000 0.876272
11.210000 0.507461
11.220000 1.070585
11.230000 1.690439
11.240000 1.532509
11.250000 1.033495
11.260000 0.265674
11.270000 1.160753
11.280000 1.826894
11.290000 1.679622
11.300000 1.520619
11.310000 1.299564
11.320000 1.017305
11.330000 0.529544
11.340000 0.754917
11.350000 1.859846
11.360000 3.207883
11.370000 4.753810
11.380000 5.527737
11.390000 5.378794
11.400000 4.744581
11.410000 3.732230
11.420000 2.968728
11.430000 2.266647
11.440000 1.171562
11.450000 1.002818
11.460000 1.169688
11.470000 1.035418
11.480000 1.266227
11.490000 1.809171
11.500000 2.254780
11.510000 2.077608
11.520000 1.799059
11.530000 3.112965
11.540000 4.069966
11.550000 2.638884
11.560000 1.145200
11.570000 1.888715
11.580000 2.055601
11.590000 2.213267
11.600000 1.690696
11.610000 0.965899
11.620000 2.114686
11.630000 2.199785
11.640000 2.766283
11.650000 2.547180
11.660000 2.408444
11.670000 2.318875
11.680000 1.964630
11.690000 1.348302
11.700000 0.896768
11.710000 0.769967
11.720000 0.807085
11.730000 0.994991
11.740000 0.962427
11.750000 1.103859
11.760000 0.685743
11.770000 0.391923
11.780000 0.735216
11.790000 1.651117
11.800000 1.036225
11.810000 1.635237
11.820000 2.559130
11.830000 1.108060
11.840000 2.340533
11.850000 1.136726
11.860000 1.872731
11.870000 2.175832
11.880000 0.735947
11.890000 2.372796
11.900000 1.909472
11.910000 1.418141
11.920000 1.754531
11.930000 1.404017
11.940000 1.093660
11.950000 1.564940
11.960000 1.359744
11.970000 0.859612
11.980000 0.635625
11.990000 0.735082
12.000000 0.977863
12.010000 1.404817
12.020000 1.717443
12.030000 2.243265
12.040000 2.241344
12.050000 1.882947
12.060000 1.677372
12.070000 1.432512
12.080000 1.156096
12.090000 1.003447
12.100000 0.670549
12.110000 0.376721
12.120000 0.282294
12.130000 0.811312
12.140000 1.160707
12.150000 1.443977
12.160000 1.639500
12.170000 1.661239
12.180000 1.732720
12.190000 1.859068
12.200000 1.790662
12.210000 1.731786
12.220000 1.712549
12.230000 1.804803
12.240000 1.913328
12.250000 2.021344
12.260000 2.208845
12.270000 2.477470
12.280000 3.265801
12.290000 4.280100
12.300000 4.852823
12.310000 5.120612
12.320000 5.665191
12.330000 6.098144
12.340000 5.030382
12.350000 4.190729
12.360000 3.499582
12.370000 2.605594
12.380000 2.525935
12.390000 1.155887
12.400000 0.841401
12.410000 2.446759
12.420000 2.701053
12.430000 2.660219
12.440000 1.389601
12.450000 1.389399
12.460000 1.513243
12.470000 0.771181
12.480000 0.471564
12.490000 0.680310
12.500000 0.530993
12.510000 0.296578
12.520000 0.306240
12.530000 0.200986
12.540000 0.463257
12.550000 0.306990
12.560000 0.623144
12.570000 1.142141
12.580000 1.308377
12.590000 0.910260
12.600000 1.212875
12.610000 1.655997
12.620000 1.241294
12.630000 2.217761
12.640000 2.002937
12.650000 1.767441
12.660000 1.041386
12.670000 1.027914
12.680000 2.217803
12.690000 2.503166
12.700000 1.505103
12.710000 1.577434
12.720000 1.026339
12.730000 0.773832
12.740000 1.554957
12.750000 1.951806
12.760000 1.948937
12.770000 1.573206
12.780000 0.849647
12.790000 0.465087
12.800000 1.034896
12.810000 1.486513
12.820000 1.880855
12.830000 2.132667
12.840000 2.057307
12.850000 1.635566
12.860000 1.145138
12.870000 0.417256
12.880000 1.442658
12.890000 2.420113
12.900000 2.858001
12.910000 2.850275
12.920000 2.896643
12.930000 2.978765
12.940000 3.225058
12.950000 3.650009
12.960000 4.252375
12.970000 4.094773
12.980000 3.671084
12.990000 3.391021
13.000000 2.297470
13.010000 1.421643
13.020000 1.099838
13.030000 0.573708
13.040000 0.943527
13.050000 1.417013
13.060000 1.870215
13.070000 1.935504
13.080000 2.349312
13.090000 2.966036
13.100000 1.783826
13.110000 0.518037
13.120000 1.734688
13.130000 4.149918
13.140000 5.736724
13.150000 4.135543
13.160000 1.799413
13.170000 2.005890
13.180000 2.682316
13.190000 3.200126
13.200000 1.651435
13.210000 0.836725
13.220000 2.206587
13.230000 3.706456
13.240000 2.896665
13.250000 2.086893
13.260000 1.505388
13.270000 1.386011
13.280000 0.911571
13.290000 0.295628
13.300000 0.491999
13.310000 1.237095
13.320000 1.735396
13.330000 2.100073
13.340000 1.594736
13.350000 1.474344
13.360000 0.207317
13.370000 1.361131
13.380000 0.815377
13.390000 1.117380
13.400000 0.832995
13.410000 1.357637
13.420000 1.226625
13.430000 0.690526
13.440000 2.068526
13.450000 0.963723
13.460000 1.148322
13.470000 1.539067
13.480000 0.705136
13.490000 0.517962
13.500000 0.749271
13.510000 0.921498
13.520000 1.050237
13.530000 1.328023
13.540000 1.781008
13.550000 1.701311
13.560000 1.147369
13.570000 1.231391
13.580000 1.012043
13.590000 0.762434
13.600000 0.697746
13.610000 1.078870
13.620000 1.911577
13.630000 2.495311
13.640000 2.887580
13.650000 2.702648
13.660000 1.855833
13.670000 1.136473
13.680000 0.790507
13.690000 0.778648
13.700000 0.827383
13.710000 0.852643
13.720000 0.841540
13.730000 0.746696
13.740000 0.725940
13.750000 0.649088
13.760000 0.648814
13.770000 0.756414
13.780000 1.063220
13.790000 1.348601
13.800000 1.504334
13.810000 1.569633
13.820000 1.621845
13.830000 1.704537
13.840000 1.996633
13.850000 2.520680
13.860000 2.982924
13.870000 3.460974
13.880000 4.054032
13.890000 4.740472
13.900000 5.921230
13.910000 5.574589
13.920000 5.283308
13.930000 5.705183
13.940000 5.103318
13.950000 4.029434
13.960000 2.818208
13.970000 2.772722
13.980000 2.040414
13.990000 1.419340
14.000000 2.429528
14.010000 2.449841
14.020000 3.466416
14.030000 5.172974
14.040000 5.987130
14.050000 4.045161
14.060000 2.733430
14.070000 2.001040
14.080000 1.536942
14.090000 0.752469
14.100000 0.677590
14.110000 1.162005
14.120000 1.537523
14.130000 1.685459
14.140000 1.336385
14.150000 0.966050
14.160000 0.666491
14.170000 0.976961
14.180000 0.723238
14.190000 0.441566
14.200000 0.155421
14.210000 0.733871
14.220000 1.244803
14.230000 0.937463
14.240000 1.202537
14.250000 1.081197
14.260000 1.748269
14.270000 0.577955
14.280000 3.996953
14.290000 1.098866
14.300000 0.716711
14.310000 1.608275
14.320000 1.634484
14.330000 0.568538
14.340000 1.043973
14.350000 1.424212
14.360000 0.641665
14.370000 1.148551
14.380000 1.802762
14.390000 2.338029
14.400000 1.842230
14.410000 0.675780
14.420000 0.983322
14.430000 1.092007
14.440000 1.246231
14.450000 1.580651
14.460000 1.276044
14.470000 1.305907
14.480000 1.114548
14.490000 2.236066
14.500000 3.385451
14.510000 3.260852
14.520000 3.420746
14.530000 3.866741
14.540000 4.309153
14.550000 5.011450
14.560000 6.083038
14.570000 6.208981
14.580000 6.103191
14.590000 4.821595
14.600000 3.447133
14.610000 2.490902
14.620000 1.517083
14.630000 1.322901
14.640000 1.510147
14.650000 2.199499
14.660000 3.157360
14.670000 4.286208
14.680000 5.631126
14.690000 8.469891
14.700000 11.682426
14.710000 12.760294
14.720000 10.647023
14.730000 8.525793
14.740000 7.467017
14.750000 5.364520
14.760000 3.685467
14.770000 2.217794
14.780000 1.398121
14.790000 1.395047
14.800000 1.086071
14.810000 1.113822
14.820000 1.462351
14.830000 1.162252
14.840000 1.064210
14.850000 1.373366
14.860000 1.626026
14.870000 1.903600
14.880000 1.878924
14.890000 1.189605
14.900000 0.405407
14.910000 1.948644
14.920000 1.411305
14.930000 0.436794
14.940000 0.633220
14.950000 1.135448
14.960000 3.407612
14.970000 1.297975
14.980000 0.907929
14.990000 0.386862
15.000000 1.311100
15.010000 0.744292
15.020000 0.896022
15.030000 1.874897
15.040000 1.372313
15.050000 1.448718
15.060000 1.543112
15.070000 0.683736
15.080000 0.338794
15.090000 0.535483
15.100000 0.457696
15.110000 0.696498
15.120000 0.872506
15.130000 1.176288
15.140000 1.496282
15.150000 1.550273
15.160000 1.665194
15.170000 1.385470
15.180000 0.970924
15.190000 0.393471
15.200000 0.858825
15.210000 1.215508
15.220000 1.500508
15.230000 1.754068
15.240000 1.858007
15.250000 1.792418
15.260000 1.608727
15.270000 1.488708
15.280000 1.276154
15.290000 1.012148
15.300000 1.104373
15.310000 1.346302
15.320000 1.518637
15.330000 2.157647
15.340000 2.655185
15.350000 3.024439
15.360000 3.227969
15.370000 3.874400
15.380000 3.586143
15.390000 3.953062
15.400000 2.779929
15.410000 2.619431
15.420000 3.786194
15.430000 3.349069
15.440000 1.888514
15.450000 1.025560
15.460000 1.582893
15.470000 2.396590
15.480000 3.298009
15.490000 2.934937
15.500000 0.826870
15.510000 0.341644
15.520000 1.297504
15.530000 2.720177
15.540000 2.733751
15.550000 2.190527
15.560000 1.385697
15.570000 0.872908
15.580000 0.337226
15.590000 1.272449
15.600000 1.212975
15.610000 0.893373
15.620000 1.132964
15.630000 0.788528
15.640000 1.980782
15.650000 0.762789
15.660000 1.695416
15.670000 1.026763
15.680000 2.620164
15.690000 0.921550
15.700000 0.625265
15.710000 0.363037
15.720000 1.223777
15.730000 0.408329
15.740000 1.408746
15.750000 2.089899
15.760000 1.398439
15.770000 0.438779
15.780000 0.729489
15.790000 1.339734
15.800000 1.184260
15.810000 1.072303
15.820000 1.085127
15.830000 1.326801
15.840000 1.166473
15.850000 1.172241
15.860000 0.820180
15.870000 0.806865
15.880000 0.753267
15.890000 1.171255
15.900000 1.389946
15.910000 1.668510
15.920000 2.051102
15.930000 2.177957
15.940000 2.491795
15.950000 2.560503
15.960000 2.375324
15.970000 2.100205
15.980000 1.729313
15.990000 1.442822
16.000000 1.207289
16.010000 1.031024
16.020000 0.889709
16.030000 0.798132
16.040000 0.650855
16.050000 0.594935
16.060000 0.800660
16.070000 0.956989
16.080000 1.115306
16.090000 1.350820
16.100000 1.422805
16.110000 1.544662
16.120000 1.790831
16.130000 2.345737
16.140000 4.268266
16.150000 4.518269
16.160000 5.067362
16.170000 6.457549
16.180000 5.929320
16.190000 4.671550
16.200000 3.416764
16.210000 2.308917
16.220000 2.750955
16.230000 0.419628
16.240000 3.268340
16.250000 3.919392
16.260000 5.212541
16.270000 4.189087
16.280000 1.779015
16.290000 1.742546
16.300000 2.918185
16.310000 3.765307
16.320000 2.040930
16.330000 0.817143
16.340000 0.915221
16.350000 1.285439
16.360000 1.015040
16.370000 1.024597
16.380000 1.254413
16.390000 1.449660
16.400000 1.104407
16.410000 1.247801
16.420000 1.824911
16.430000 1.780155
16.440000 1.516928
16.450000 0.919494
16.460000 0.991859
16.470000 1.620051
16.480000 0.189245
16.490000 0.821410
16.500000 0.718837
16.510000 1.847205
16.520000 0.621529
16.530000 2.904832
16.540000 1.359997
16.550000 0.586638
16.560000 0.570094
16.570000 0.944977
16.580000 1.380519
16.590000 1.301586
16.600000 0.602366
16.610000 0.609616
16.620000 1.310192
16.630000 1.905996
16.640000 1.741914
16.650000 1.452262
16.660000 1.142405
16.670000 0.833158
16.680000 0.345357
16.690000 0.648177
16.700000 1.757049
16.710000 3.093644
16.720000 4.531032
16.730000 5.211120
16.740000 5.104805
16.750000 4.640863
16.760000 3.778001
16.770000 3.021765
16.780000 2.422060
16.790000 1.665644
16.800000 0.951490
16.810000 1.364666
16.820000 1.358072
16.830000 1.461582
16.840000 1.901257
16.850000 2.403717
16.860000 2.842691
16.870000 3.248501
16.880000 3.060034
16.890000 2.876962
16.900000 3.193678
16.910000 2.579806
16.920000 1.553212
16.930000 3.171892
16.940000 3.914987
16.950000 2.280369
16.960000 1.593757
16.970000 0.513039
16.980000 1.391850
16.990000 3.122626
17.000000 3.050254
17.010000 3.175581
17.020000 2.814152
17.030000 2.443330
17.040000 2.184034
17.050000 1.496711
17.060000 0.886300
17.070000 0.583634
17.080000 0.822130
17.090000 1.295950
17.100000 1.524173
17.110000 1.525151
17.120000 0.759789
17.130000 1.066810
17.140000 0.633746
17.150000 0.521815
17.160000 1.302500
17.170000 1.579052
17.180000 0.459229
17.190000 3.328595
17.200000 1.137583
17.210000 2.530645
17.220000 1.264874
17.230000 1.729474
17.240000 1.578515
17.250000 1.548689
17.260000 2.530847
17.270000 1.560739
17.280000 1.753701
17.290000 2.035451
17.300000 0.858507
17.310000 1.157852
17.320000 1.845423
17.330000 1.568273
17.340000 1.150215
17.350000 0.827130
17.360000 0.743833
17.370000 1.033222
17.380000 1.534942
17.390000 1.913359
17.400000 2.122879
17.410000 1.968679
17.420000 1.898851
17.430000 1.849205
17.440000 1.612643
17.450000 1.237005
17.460000 0.805741
17.470000 0.550135
17.480000 0.701074
17.490000 0.942517
17.500000 1.303791
17.510000 1.270803
17.520000 1.326531
17.530000 1.188530
17.540000 1.180124
17.550000 1.083774
17.560000 1.079367
17.570000 1.130694
17.580000 1.221113
17.590000 1.364227
17.600000 1.599064
17.610000 1.887089
17.620000 2.134816
17.630000 2.455271
17.640000 2.542720
17.650000 2.502972
17.660000 2.457536
17.670000 2.463862
17.680000 2.479396
17.690000 2.779678
17.700000 3.309947
17.710000 3.831943
17.720000 4.540699
17.730000 5.191117
17.740000 5.718616
17.750000 5.725487
17.760000 5.157357
17.770000 5.640778
17.780000 5.765159
17.790000 4.825818
17.800000 3.737056
17.810000 3.136456
17.820000 2.634179
17.830000 1.592629
17.840000 1.706372
17.850000 3.143907
17.860000 3.643848
17.870000 5.445045
17.880000 7.170256
17.890000 7.167790
17.900000 4.642500
17.910000 3.203860
17.920000 2.645441
17.930000 1.513781
17.940000 0.746594
17.950000 0.940743
17.960000 1.576818
17.970000 2.007170
17.980000 2.058015
17.990000 1.996938
18.000000 1.717394
18.010000 1.268280
18.020000 1.460676
18.030000 0.944608
18.040000 0.694181
18.050000 0.783213
18.060000 0.237069
18.070000 0.707077
18.080000 1.159983
18.090000 1.675273
18.100000 0.566029
18.110000 0.101281
18.120000 2.728575
18.130000 2.747842
18.140000 0.866533
18.150000 1.063341
18.160000 1.110532
18.170000 1.059218
18.180000 0.548443
18.190000 1.261131
18.200000 1.128191
18.210000 0.533584
18.220000 1.154754
18.230000 1.668129
18.240000 2.356162
18.250000 1.944664
18.260000 0.675467
18.270000 1.088704
18.280000 1.073470
18.290000 1.115788
18.300000 1.208606
18.310000 0.924404
18.320000 1.011644
18.330000 1.711332
18.340000 3.051755
18.350000 3.981859
18.360000 4.134355
18.370000 4.457006
18.380000 4.846235
18.390000 5.071465
18.400000 5.748636
18.410000 6.506636
18.420000 6.464971
18.430000 5.579280
18.440000 4.083318
18.450000 2.809371
18.460000 2.275993
18.470000 2.359403
18.480000 2.687992
18.490000 3.879463
18.500000 5.288725
18.510000 6.407689
18.520000 7.811432
18.530000 10.690392
18.540000 13.651957
18.550000 14.600745
18.560000 13.161582
18.570000 11.231502
18.580000 9.354967
18.590000 6.815770
18.600000 4.768435
18.610000 3.304463
18.620000 2.137290
18.630000 1.766395
18.640000 1.650949
18.650000 1.135710
18.660000 0.707040
18.670000 0.757490
18.680000 0.979364
18.690000 1.108634
18.700000 1.261725
18.710000 1.574909
18.720000 1.551566
18.730000 1.075744
18.740000 1.420608
18.750000 1.513350
18.760000 1.346245
18.770000 0.336594
18.780000 0.810812
18.790000 1.583710
18.800000 2.419149
18.810000 0.972731
18.820000 0.871355
18.830000 0.565486
18.840000 1.257944
18.850000 1.390178
18.860000 1.211828
18.870000 1.292068
18.880000 1.280271
18.890000 0.969582
18.900000 1.541309
18.910000 1.367586
18.920000 0.718472
18.930000 0.312119
18.940000 0.525940
18.950000 0.904613
18.960000 1.167047
18.970000 1.300929
18.980000 1.660719
18.990000 1.832591
19.000000 1.527247
19.010000 1.253312
19.020000 0.690329
19.030000 0.314913
19.040000 1.044404
19.050000 1.515788
19.060000 1.717502
19.070000 1.908202
19.080000 2.013475
19.090000 1.909359
19.100000 1.435004
19.110000 1.566616
19.120000 1.875335
19.130000 2.069074
19.140000 2.173982
19.150000 2.696031
19.160000 2.989001
19.170000 2.620162
19.180000 2.645009
19.190000 2.775307
19.200000 2.835093
19.210000 3.423591
19.220000 2.959897
19.230000 4.263556
19.240000 4.700560
19.250000 3.443755
19.260000 2.398861
19.270000 1.920862
19.280000 1.087694
19.290000 1.555764
19.300000 2.093702
19.310000 2.518708
19.320000 2.900579
19.330000 2.162027
19.340000 0.929919
19.350000 0.395321
19.360000 0.879515
19.370000 1.094422
19.380000 1.117620
19.390000 1.230738
19.400000 1.394968
19.410000 0.525578
19.420000 0.545600
19.430000 0.245663
19.440000 1.171888
19.450000 3.298678
19.460000 1.166684
19.470000 0.838023
19.480000 0.849743
19.490000 3.177155
19.500000 2.106408
19.510000 0.983123
19.520000 0.338056
19.530000 1.265576
19.540000 1.087040
19.550000 0.754945
19.560000 2.001847
19.570000 1.812224
19.580000 1.502483
19.590000 1.094709
19.600000 0.480532
19.610000 0.714967
19.620000 0.739850
19.630000 0.330793
19.640000 0.618319
19.650000 0.999974
19.660000 1.164611
19.670000 1.283200
19.680000 1.185903
19.690000 1.498729
19.700000 1.494645
19.710000 0.980296
19.720000 0.646648
19.730000 0.899055
19.740000 1.162584
19.750000 1.441840
19.760000 1.714362
19.770000 1.794070
19.780000 1.799463
19.790000 1.687297
19.800000 1.306620
19.810000 1.096268
19.820000 1.223227
19.830000 1.320085
19.840000 0.951070
19.850000 0.846673
19.860000 1.077715
19.870000 1.291782
19.880000 2.125949
19.890000 3.463245
19.900000 3.515337
19.910000 3.527782
19.920000 4.290052
19.930000 4.026987
19.940000 3.448500
19.950000 2.034864
19.960000 2.085305
19.970000 3.517889
19.980000 2.146793
19.990000 0.687554
