0.000000 0.022826
0.010000 0.021827
0.020000 0.020855
0.030000 0.020027
0.040000 0.019340
0.050000 0.018748
0.060000 0.018322
0.070000 0.018035
0.080000 0.017936
0.090000 0.017948
0.100000 0.018124
0.110000 0.018402
0.120000 0.018794
0.130000 0.019265
0.140000 0.019793
0.150000 0.020343
0.160000 0.020927
0.170000 0.021499
0.180000 0.022093
0.190000 0.022634
0.200000 0.023129
0.210000 0.023594
0.220000 0.024021
0.230000 0.024396
0.240000 0.024686
0.250000 0.024898
0.260000 0.025065
0.270000 0.025127
0.280000 0.025160
0.290000 0.025083
0.300000 0.024943
0.310000 0.024752
0.320000 0.024473
0.330000 0.024143
0.340000 0.023739
0.350000 0.023255
0.360000 0.022755
0.370000 0.022199
0.380000 0.021596
0.390000 0.020968
0.400000 0.020295
0.410000 0.019592
0.420000 0.018941
0.430000 0.018278
0.440000 0.017633
0.450000 0.017019
0.460000 0.016423
0.470000 0.015921
0.480000 0.015488
0.490000 0.015166
0.500000 0.014929
0.510000 0.014824
0.520000 0.014822
0.530000 0.014929
0.540000 0.015107
0.550000 0.015438
0.560000 0.015866
0.570000 0.016334
0.580000 0.016912
0.590000 0.017532
0.600000 0.018181
0.610000 0.018842
0.620000 0.019503
0.630000 0.020166
0.640000 0.020885
0.650000 0.021491
0.660000 0.022109
0.670000 0.022703
0.680000 0.023234
0.690000 0.023741
0.700000 0.024193
0.710000 0.024589
0.720000 0.024889
0.730000 0.025129
0.740000 0.025390
0.750000 0.025524
0.760000 0.025614
0.770000 0.025597
0.780000 0.025608
0.790000 0.025419
0.800000 0.025273
0.810000 0.025050
0.820000 0.024750
0.830000 0.024379
0.840000 0.023971
0.850000 0.023502
0.860000 0.023027
0.870000 0.022451
0.880000 0.021869
0.890000 0.021259
0.900000 0.020648
0.910000 0.020021
0.920000 0.019376
0.930000 0.018748
0.940000 0.018122
0.950000 0.017554
0.960000 0.016984
0.970000 0.016519
0.980000 0.016081
0.990000 0.015721
1.000000 0.015463
1.010000 0.015321
1.020000 0.015233
1.030000 0.015253
1.040000 0.015355
1.050000 0.015540
1.060000 0.015817
1.070000 0.016151
1.080000 0.016536
1.090000 0.016954
1.100000 0.017382
1.110000 0.017857
1.120000 0.018310
1.130000 0.018785
1.140000 0.019224
1.150000 0.019642
1.160000 0.020036
1.170000 0.020372
1.180000 0.020707
1.190000 0.020923
1.200000 0.021128
1.210000 0.021293
1.220000 0.021378
1.230000 0.021450
1.240000 0.021423
1.250000 0.021381
1.260000 0.021243
1.270000 0.021099
1.280000 0.020893
1.290000 0.020625
1.300000 0.020360
1.310000 0.020049
1.320000 0.019674
1.330000 0.019299
1.340000 0.018937
1.350000 0.018517
1.360000 0.018150
1.370000 0.017730
1.380000 0.017340
1.390000 0.016977
1.400000 0.016614
1.410000 0.016312
1.420000 0.016036
1.430000 0.015791
1.440000 0.015570
1.450000 0.015418
1.460000 0.015303
1.470000 0.015249
1.480000 0.015171
1.490000 0.015129
1.500000 0.015182
1.510000 0.015184
1.520000 0.015279
1.530000 0.015297
1.540000 0.015335
1.550000 0.015414
1.560000 0.015460
1.570000 0.015525
1.580000 0.015526
1.590000 0.015536
1.600000 0.015536
1.610000 0.015492
1.620000 0.015456
1.630000 0.015395
1.640000 0.015329
1.650000 0.015226
1.660000 0.015117
1.670000 0.015006
1.680000 0.014890
1.690000 0.014774
1.700000 0.014654
1.710000 0.014549
1.720000 0.014450
1.730000 0.014372
1.740000 0.014316
1.750000 0.014270
1.760000 0.014290
1.770000 0.014333
1.780000 0.014414
1.790000 0.014555
1.800000 0.014716
1.810000 0.014954
1.820000 0.015232
1.830000 0.015545
1.840000 0.015919
1.850000 0.016376
1.860000 0.016859
1.870000 0.017377
1.880000 0.017960
1.890000 0.018578
1.900000 0.019232
1.910000 0.019937
1.920000 0.020654
1.930000 0.021390
1.940000 0.022222
1.950000 0.023035
1.960000 0.023847
1.970000 0.024706
1.980000 0.025576
1.990000 0.026451
2.000000 0.027291
2.010000 0.028197
2.020000 0.029024
2.030000 0.029865
2.040000 0.030716
2.050000 0.031509
2.060000 0.032304
2.070000 0.033039
2.080000 0.033723
2.090000 0.034405
2.100000 0.035057
2.110000 0.035618
2.120000 0.036149
2.130000 0.036617
2.140000 0.037026
2.150000 0.037382
2.160000 0.037666
2.170000 0.037904
2.180000 0.038040
2.190000 0.038139
2.200000 0.038186
2.210000 0.038155
2.220000 0.038108
2.230000 0.037972
2.240000 0.037795
2.250000 0.037533
2.260000 0.037266
2.270000 0.036906
2.280000 0.036520
2.290000 0.036151
2.300000 0.035703
2.310000 0.035260
2.320000 0.034779
2.330000 0.034247
2.340000 0.033764
2.350000 0.033264
2.360000 0.032740
2.370000 0.032258
2.380000 0.031739
2.390000 0.031266
2.400000 0.030814
2.410000 0.030389
2.420000 0.029984
2.430000 0.029604
2.440000 0.029304
2.450000 0.029004
2.460000 0.028769
2.470000 0.028567
2.480000 0.028464
2.490000 0.028367
2.500000 0.028349
2.510000 0.028396
2.520000 0.028474
2.530000 0.028592
2.540000 0.028786
2.550000 0.029020
2.560000 0.029313
2.570000 0.029596
2.580000 0.029973
2.590000 0.030389
2.600000 0.030785
2.610000 0.031248
2.620000 0.031698
2.630000 0.032145
2.640000 0.032642
2.650000 0.033091
2.660000 0.033588
2.670000 0.034055
2.680000 0.034488
2.690000 0.034932
2.700000 0.035341
2.710000 0.035703
2.720000 0.036047
2.730000 0.036355
2.740000 0.036626
2.750000 0.036861
2.760000 0.037048
2.770000 0.037161
2.780000 0.037271
2.790000 0.037345
2.800000 0.037350
2.810000 0.037330
2.820000 0.037230
2.830000 0.037129
2.840000 0.036972
2.850000 0.036765
2.860000 0.036572
2.870000 0.036339
2.880000 0.036039
2.890000 0.035762
2.900000 0.035456
2.910000 0.035134
2.920000 0.034829
2.930000 0.034487
2.940000 0.034169
2.950000 0.033838
2.960000 0.033527
2.970000 0.033187
2.980000 0.032881
2.990000 0.032574
3.000000 0.032255
3.010000 0.031937
3.020000 0.031604
3.030000 0.031276
3.040000 0.030894
3.050000 0.030552
3.060000 0.030136
3.070000 0.029704
3.080000 0.029234
3.090000 0.028752
3.100000 0.028192
3.110000 0.027637
3.120000 0.027036
3.130000 0.026408
3.140000 0.025756
3.150000 0.025105
3.160000 0.024443
3.170000 0.023824
3.180000 0.023212
3.190000 0.022684
3.200000 0.022216
3.210000 0.021852
3.220000 0.021621
3.230000 0.021523
3.240000 0.021536
3.250000 0.021727
3.260000 0.022048
3.270000 0.022496
3.280000 0.023089
3.290000 0.023729
3.300000 0.024490
3.310000 0.025268
3.320000 0.026053
3.330000 0.026891
3.340000 0.027674
3.350000 0.028371
3.360000 0.029086
3.370000 0.029692
3.380000 0.030240
3.390000 0.030646
3.400000 0.030960
3.410000 0.031133
3.420000 0.031285
3.430000 0.031272
3.440000 0.031133
3.450000 0.030914
3.460000 0.030608
3.470000 0.030213
3.480000 0.029723
3.490000 0.029173
3.500000 0.028578
3.510000 0.027957
3.520000 0.027294
3.530000 0.026735
3.540000 0.026131
3.550000 0.025556
3.560000 0.025048
3.570000 0.024637
3.580000 0.024289
3.590000 0.024040
3.600000 0.023892
3.610000 0.023810
3.620000 0.023793
3.630000 0.023846
3.640000 0.023955
3.650000 0.024069
3.660000 0.024210
3.670000 0.024335
3.680000 0.024394
3.690000 0.024449
3.700000 0.024434
3.710000 0.024317
3.720000 0.024127
3.730000 0.023836
3.740000 0.023449
3.750000 0.022951
3.760000 0.022409
3.770000 0.021749
3.780000 0.021062
3.790000 0.020305
3.800000 0.019562
3.810000 0.018850
3.820000 0.018260
3.830000 0.017790
3.840000 0.017545
3.850000 0.017602
3.860000 0.017974
3.870000 0.018736
3.880000 0.019858
3.890000 0.021274
3.900000 0.022937
3.910000 0.024862
3.920000 0.026975
3.930000 0.029232
3.940000 0.031560
3.950000 0.033949
3.960000 0.036376
3.970000 0.038754
3.980000 0.041106
3.990000 0.043398
4.000000 0.045615
4.010000 0.047693
4.020000 0.049672
4.030000 0.051442
4.040000 0.053054
4.050000 0.054520
4.060000 0.055761
4.070000 0.056782
4.080000 0.057618
4.090000 0.058210
4.100000 0.058572
4.110000 0.058705
4.120000 0.058601
4.130000 0.058287
4.140000 0.057743
4.150000 0.056969
4.160000 0.055987
4.170000 0.054811
4.180000 0.053462
4.190000 0.051935
4.200000 0.050217
4.210000 0.048356
4.220000 0.046433
4.230000 0.044340
4.240000 0.042197
4.250000 0.039972
4.260000 0.037736
4.270000 0.035529
4.280000 0.033285
4.290000 0.031091
4.300000 0.028990
4.310000 0.026979
4.320000 0.025112
4.330000 0.023392
4.340000 0.021832
4.350000 0.020527
4.360000 0.019432
4.370000 0.018538
4.380000 0.017905
4.390000 0.017467
4.400000 0.017215
4.410000 0.017106
4.420000 0.017149
4.430000 0.017238
4.440000 0.017384
4.450000 0.017545
4.460000 0.017680
4.470000 0.017803
4.480000 0.017867
4.490000 0.017908
4.500000 0.017832
4.510000 0.017758
4.520000 0.017606
4.530000 0.017383
4.540000 0.017116
4.550000 0.016787
4.560000 0.016454
4.570000 0.016083
4.580000 0.015705
4.590000 0.015300
4.600000 0.014858
4.610000 0.014481
4.620000 0.014109
4.630000 0.013725
4.640000 0.013346
4.650000 0.013039
4.660000 0.012721
4.670000 0.012429
4.680000 0.012173
4.690000 0.011957
4.700000 0.011754
4.710000 0.011558
4.720000 0.011401
4.730000 0.011263
4.740000 0.011157
4.750000 0.011045
4.760000 0.010974
4.770000 0.010926
4.780000 0.010911
4.790000 0.010918
4.800000 0.010971
4.810000 0.011068
4.820000 0.011180
4.830000 0.011366
4.840000 0.011584
4.850000 0.011841
4.860000 0.012147
4.870000 0.012480
4.880000 0.012823
4.890000 0.013282
4.900000 0.013660
4.910000 0.014131
4.920000 0.014580
4.930000 0.015025
4.940000 0.015476
4.950000 0.015910
4.960000 0.016321
4.970000 0.016688
4.980000 0.017054
4.990000 0.017364
5.000000 0.017642
5.010000 0.017905
5.020000 0.018055
5.030000 0.018217
5.040000 0.018305
5.050000 0.018328
5.060000 0.018295
5.070000 0.018212
5.080000 0.018083
5.090000 0.017848
5.100000 0.017636
5.110000 0.017334
5.120000 0.016985
5.130000 0.016566
5.140000 0.016114
5.150000 0.015611
5.160000 0.015065
5.170000 0.014473
5.180000 0.013863
5.190000 0.013207
5.200000 0.012534
5.210000 0.011838
5.220000 0.011126
5.230000 0.010434
5.240000 0.009698
5.250000 0.008991
5.260000 0.008294
5.270000 0.007642
5.280000 0.007023
5.290000 0.006468
5.300000 0.006022
5.310000 0.005651
5.320000 0.005406
5.330000 0.005301
5.340000 0.005316
5.350000 0.005474
5.360000 0.005689
5.370000 0.005972
5.380000 0.006319
5.390000 0.006670
5.400000 0.007097
5.410000 0.007495
5.420000 0.007790
5.430000 0.008161
5.440000 0.008494
5.450000 0.008793
5.460000 0.009036
5.470000 0.009232
5.480000 0.009438
5.490000 0.009522
5.500000 0.009682
5.510000 0.009676
5.520000 0.009794
5.530000 0.009752
5.540000 0.009766
5.550000 0.009732
5.560000 0.009653
5.570000 0.009602
5.580000 0.009535
5.590000 0.009506
5.600000 0.009467
5.610000 0.009430
5.620000 0.009473
5.630000 0.009494
5.640000 0.009610
5.650000 0.009783
5.660000 0.009956
5.670000 0.010179
5.680000 0.010462
5.690000 0.010753
5.700000 0.011133
5.710000 0.011515
5.720000 0.011944
5.730000 0.012373
5.740000 0.012851
5.750000 0.013311
5.760000 0.013815
5.770000 0.014293
5.780000 0.014803
5.790000 0.015270
5.800000 0.015780
5.810000 0.016212
5.820000 0.016681
5.830000 0.017072
5.840000 0.017479
5.850000 0.017812
5.860000 0.018151
5.870000 0.018434
5.880000 0.018658
5.890000 0.018824
5.900000 0.019028
5.910000 0.019145
5.920000 0.019171
5.930000 0.019172
5.940000 0.019163
5.950000 0.019110
5.960000 0.018955
5.970000 0.018821
5.980000 0.018582
5.990000 0.018379
6.000000 0.018075
6.010000 0.017749
6.020000 0.017406
6.030000 0.017055
6.040000 0.016641
6.050000 0.016236
6.060000 0.015779
6.070000 0.015276
6.080000 0.014782
6.090000 0.014251
6.100000 0.013682
6.110000 0.013149
6.120000 0.012582
6.130000 0.012016
6.140000 0.011449
6.150000 0.010827
6.160000 0.010248
6.170000 0.009629
6.180000 0.009066
6.190000 0.008543
6.200000 0.007940
6.210000 0.007416
6.220000 0.006970
6.230000 0.006491
6.240000 0.006118
6.250000 0.005791
6.260000 0.005542
6.270000 0.005322
6.280000 0.005175
6.290000 0.005089
6.300000 0.005035
6.310000 0.004997
6.320000 0.004979
6.330000 0.004978
6.340000 0.004952
6.350000 0.004892
6.360000 0.004808
6.370000 0.004750
6.380000 0.004622
6.390000 0.004515
6.400000 0.004452
6.410000 0.004426
6.420000 0.004531
6.430000 0.004731
6.440000 0.005109
6.450000 0.005604
6.460000 0.006268
6.470000 0.006984
6.480000 0.007846
6.490000 0.008766
6.500000 0.009783
6.510000 0.010778
6.520000 0.011806
6.530000 0.012808
6.540000 0.013869
6.550000 0.014828
6.560000 0.015789
6.570000 0.016679
6.580000 0.017554
6.590000 0.018339
6.600000 0.019032
6.610000 0.019641
6.620000 0.020193
6.630000 0.020637
6.640000 0.020986
6.650000 0.021266
6.660000 0.021449
6.670000 0.021511
6.680000 0.021487
6.690000 0.021405
6.700000 0.021235
6.710000 0.020940
6.720000 0.020589
6.730000 0.020224
6.740000 0.019735
6.750000 0.019169
6.760000 0.018597
6.770000 0.017940
6.780000 0.017242
6.790000 0.016530
6.800000 0.015772
6.810000 0.014950
6.820000 0.014144
6.830000 0.013334
6.840000 0.012509
6.850000 0.011659
6.860000 0.010834
6.870000 0.010023
6.880000 0.009211
6.890000 0.008464
6.900000 0.007774
6.910000 0.007086
6.920000 0.006514
6.930000 0.005966
6.940000 0.005564
6.950000 0.005244
6.960000 0.005010
6.970000 0.004808
6.980000 0.004709
6.990000 0.004657
7.000000 0.004650
7.010000 0.004623
7.020000 0.004637
7.030000 0.004619
7.040000 0.004632
7.050000 0.004605
7.060000 0.004597
7.070000 0.004571
7.080000 0.004535
7.090000 0.004555
7.100000 0.004566
7.110000 0.004573
7.120000 0.004643
7.130000 0.004736
7.140000 0.004818
7.150000 0.004934
7.160000 0.005048
7.170000 0.005076
7.180000 0.005132
7.190000 0.005146
7.200000 0.005058
7.210000 0.004952
7.220000 0.004775
7.230000 0.004513
7.240000 0.004158
7.250000 0.003742
7.260000 0.003246
7.270000 0.002729
7.280000 0.002180
7.290000 0.001637
7.300000 0.001370
7.310000 0.001598
7.320000 0.002180
7.330000 0.002996
7.340000 0.003861
7.350000 0.004774
7.360000 0.005658
7.370000 0.006552
7.380000 0.007417
7.390000 0.008238
7.400000 0.008986
7.410000 0.009628
7.420000 0.010212
7.430000 0.010693
7.440000 0.011062
7.450000 0.011330
7.460000 0.011481
7.470000 0.011553
7.480000 0.011480
7.490000 0.011340
7.500000 0.011057
7.510000 0.010741
7.520000 0.010353
7.530000 0.009877
7.540000 0.009388
7.550000 0.008857
7.560000 0.008375
7.570000 0.007902
7.580000 0.007479
7.590000 0.007153
7.600000 0.006853
7.610000 0.006630
7.620000 0.006521
7.630000 0.006443
7.640000 0.006424
7.650000 0.006459
7.660000 0.006503
7.670000 0.006594
7.680000 0.006718
7.690000 0.006923
7.700000 0.007241
7.710000 0.007676
7.720000 0.008248
7.730000 0.009009
7.740000 0.009938
7.750000 0.011048
7.760000 0.012316
7.770000 0.013705
7.780000 0.015220
7.790000 0.016784
7.800000 0.018407
7.810000 0.020024
7.820000 0.021642
7.830000 0.023221
7.840000 0.024722
7.850000 0.026126
7.860000 0.027413
7.870000 0.028501
7.880000 0.029455
7.890000 0.030206
7.900000 0.030817
7.910000 0.031123
7.920000 0.031293
7.930000 0.031219
7.940000 0.030919
7.950000 0.030429
7.960000 0.029700
7.970000 0.028831
7.980000 0.027791
7.990000 0.026572
8.000000 0.025298
8.010000 0.023900
8.020000 0.022429
8.030000 0.020955
8.040000 0.019504
8.050000 0.018045
8.060000 0.016677
8.070000 0.015423
8.080000 0.014277
8.090000 0.013216
8.100000 0.012283
8.110000 0.011513
8.120000 0.010851
8.130000 0.010272
8.140000 0.009778
8.150000 0.009363
8.160000 0.008993
8.170000 0.008644
8.180000 0.008349
8.190000 0.008107
8.200000 0.007904
8.210000 0.007750
8.220000 0.007659
8.230000 0.007632
8.240000 0.007634
8.250000 0.007689
8.260000 0.007722
8.270000 0.007762
8.280000 0.007707
8.290000 0.007604
8.300000 0.007377
8.310000 0.007074
8.320000 0.006601
8.330000 0.006071
8.340000 0.005373
8.350000 0.004655
8.360000 0.003903
8.370000 0.003255
8.380000 0.002974
8.390000 0.003232
8.400000 0.004036
8.410000 0.005130
8.420000 0.006394
8.430000 0.007707
8.440000 0.009030
8.450000 0.010312
8.460000 0.011502
8.470000 0.012586
8.480000 0.013518
8.490000 0.014361
8.500000 0.015013
8.510000 0.015490
8.520000 0.015799
8.530000 0.015927
8.540000 0.015896
8.550000 0.015674
8.560000 0.015346
8.570000 0.014856
8.580000 0.014261
8.590000 0.013616
8.600000 0.012936
8.610000 0.012228
8.620000 0.011542
8.630000 0.010932
8.640000 0.010376
8.650000 0.009909
8.660000 0.009607
8.670000 0.009385
8.680000 0.009285
8.690000 0.009240
8.700000 0.009296
8.710000 0.009405
8.720000 0.009522
8.730000 0.009648
8.740000 0.009779
8.750000 0.009982
8.760000 0.010206
8.770000 0.010462
8.780000 0.010780
8.790000 0.011130
8.800000 0.011545
8.810000 0.011962
8.820000 0.012409
8.830000 0.012866
8.840000 0.013299
8.850000 0.013705
8.860000 0.014024
8.870000 0.014228
8.880000 0.014406
8.890000 0.014454
8.900000 0.014413
8.910000 0.014236
8.920000 0.014010
8.930000 0.013643
8.940000 0.013274
8.950000 0.012827
8.960000 0.012338
8.970000 0.011895
8.980000 0.011459
8.990000 0.011099
9.000000 0.010836
9.010000 0.010691
9.020000 0.010626
9.030000 0.010713
9.040000 0.010877
9.050000 0.011187
9.060000 0.011537
9.070000 0.011968
9.080000 0.012469
9.090000 0.013004
9.100000 0.013593
9.110000 0.014277
9.120000 0.014959
9.130000 0.015715
9.140000 0.016524
9.150000 0.017341
9.160000 0.018249
9.170000 0.019186
9.180000 0.020068
9.190000 0.021055
9.200000 0.021998
9.210000 0.022911
9.220000 0.023837
9.230000 0.024667
9.240000 0.025446
9.250000 0.026230
9.260000 0.026887
9.270000 0.027509
9.280000 0.028029
9.290000 0.028501
9.300000 0.028869
9.310000 0.029173
9.320000 0.029422
9.330000 0.029573
9.340000 0.029706
9.350000 0.029751
9.360000 0.029735
9.370000 0.029685
9.380000 0.029626
9.390000 0.029482
9.400000 0.029360
9.410000 0.029177
9.420000 0.028994
9.430000 0.028806
9.440000 0.028589
9.450000 0.028387
9.460000 0.028144
9.470000 0.027959
9.480000 0.027771
9.490000 0.027602
9.500000 0.027394
9.510000 0.027229
9.520000 0.027140
9.530000 0.026991
9.540000 0.026898
9.550000 0.026872
9.560000 0.026849
9.570000 0.026868
9.580000 0.026913
9.590000 0.026979
9.600000 0.027079
9.610000 0.027206
9.620000 0.027323
9.630000 0.027518
9.640000 0.027640
9.650000 0.027767
9.660000 0.027866
9.670000 0.027924
9.680000 0.027929
9.690000 0.027833
9.700000 0.027646
9.710000 0.027429
9.720000 0.027036
9.730000 0.026556
9.740000 0.025990
9.750000 0.025311
9.760000 0.024535
9.770000 0.023591
9.780000 0.022605
9.790000 0.021565
9.800000 0.020467
9.810000 0.019319
9.820000 0.018191
9.830000 0.017068
9.840000 0.015995
9.850000 0.015031
9.860000 0.014171
9.870000 0.013488
9.880000 0.012939
9.890000 0.012656
9.900000 0.012478
9.910000 0.012534
9.920000 0.012725
9.930000 0.013083
9.940000 0.013464
9.950000 0.013948
9.960000 0.014532
9.970000 0.015164
9.980000 0.015792
9.990000 0.016449
10.000000 0.017095
10.010000 0.017814
10.020000 0.018565
10.030000 0.019305
10.040000 0.020101
10.050000 0.020880
10.060000 0.021706
10.070000 0.022489
10.080000 0.023284
10.090000 0.024088
10.100000 0.024833
10.110000 0.025549
10.120000 0.026205
10.130000 0.026836
10.140000 0.027378
10.150000 0.027874
10.160000 0.028304
10.170000 0.028671
10.180000 0.028986
10.190000 0.029245
10.200000 0.029433
10.210000 0.029636
10.220000 0.029797
10.230000 0.030007
10.240000 0.030265
10.250000 0.030459
10.260000 0.030873
10.270000 0.031238
10.280000 0.031712
10.290000 0.032309
10.300000 0.032993
10.310000 0.033724
10.320000 0.034585
10.330000 0.035435
10.340000 0.036283
10.350000 0.037172
10.360000 0.038053
10.370000 0.038801
10.380000 0.039453
10.390000 0.039971
10.400000 0.040363
10.410000 0.040539
10.420000 0.040481
10.430000 0.040246
10.440000 0.039770
10.450000 0.039063
10.460000 0.038123
10.470000 0.037008
10.480000 0.035624
10.490000 0.034126
10.500000 0.032459
10.510000 0.030642
10.520000 0.028747
10.530000 0.026831
10.540000 0.024854
10.550000 0.022878
10.560000 0.020955
10.570000 0.019058
10.580000 0.017287
10.590000 0.015641
10.600000 0.014151
10.610000 0.012790
10.620000 0.011571
10.630000 0.010587
10.640000 0.009818
10.650000 0.009239
10.660000 0.008946
10.670000 0.008917
10.680000 0.009110
10.690000 0.009528
10.700000 0.010162
10.710000 0.010953
10.720000 0.011866
10.730000 0.012807
10.740000 0.013793
10.750000 0.014741
10.760000 0.015647
10.770000 0.016490
10.780000 0.017225
10.790000 0.017874
10.800000 0.018344
10.810000 0.018684
10.820000 0.018878
10.830000 0.018938
10.840000 0.018808
10.850000 0.018587
10.860000 0.018205
10.870000 0.017663
10.880000 0.017054
10.890000 0.016361
10.900000 0.015635
10.910000 0.014837
10.920000 0.014097
10.930000 0.013230
10.940000 0.012456
10.950000 0.011665
10.960000 0.010890
10.970000 0.010224
10.980000 0.009533
10.990000 0.008892
11.000000 0.008267
11.010000 0.007724
11.020000 0.007233
11.030000 0.006781
11.040000 0.006448
11.050000 0.006233
11.060000 0.006137
11.070000 0.006169
11.080000 0.006324
11.090000 0.006705
11.100000 0.007136
11.110000 0.007673
11.120000 0.008271
11.130000 0.008822
11.140000 0.009419
11.150000 0.009959
11.160000 0.010503
11.170000 0.010915
11.180000 0.011305
11.190000 0.011614
11.200000 0.011871
11.210000 0.012074
11.220000 0.012207
11.230000 0.012274
11.240000 0.012316
11.250000 0.012357
11.260000 0.012372
11.270000 0.012400
11.280000 0.012468
11.290000 0.012587
11.300000 0.012707
11.310000 0.012920
11.320000 0.013216
11.330000 0.013658
11.340000 0.014102
11.350000 0.014661
11.360000 0.015257
11.370000 0.015991
11.380000 0.016735
11.390000 0.017495
11.400000 0.018297
11.410000 0.019072
11.420000 0.019924
11.430000 0.020751
11.440000 0.021506
11.450000 0.022208
11.460000 0.022946
11.470000 0.023615
11.480000 0.024237
11.490000 0.024912
11.500000 0.025437
11.510000 0.025922
11.520000 0.026406
11.530000 0.026838
11.540000 0.027250
11.550000 0.027627
11.560000 0.027955
11.570000 0.028263
11.580000 0.028559
11.590000 0.028793
11.600000 0.028986
11.610000 0.029162
11.620000 0.029284
11.630000 0.029361
11.640000 0.029428
11.650000 0.029434
11.660000 0.029409
11.670000 0.029301
11.680000 0.029217
11.690000 0.029007
11.700000 0.028790
11.710000 0.028487
11.720000 0.028179
11.730000 0.027824
11.740000 0.027424
11.750000 0.027029
11.760000 0.026583
11.770000 0.026181
11.780000 0.025802
11.790000 0.025412
11.800000 0.025099
11.810000 0.024781
11.820000 0.024558
11.830000 0.024392
11.840000 0.024314
11.850000 0.024271
11.860000 0.024362
11.870000 0.024464
11.880000 0.024653
11.890000 0.024942
11.900000 0.025227
11.910000 0.025532
11.920000 0.025878
11.930000 0.026281
11.940000 0.026621
11.950000 0.026999
11.960000 0.027364
11.970000 0.027671
11.980000 0.027927
11.990000 0.028129
12.000000 0.028297
12.010000 0.028365
12.020000 0.028426
12.030000 0.028271
12.040000 0.028133
12.050000 0.027898
12.060000 0.027564
12.070000 0.027157
12.080000 0.026690
12.090000 0.026154
12.100000 0.025543
12.110000 0.024875
12.120000 0.024175
12.130000 0.023461
12.140000 0.022709
12.150000 0.022009
12.160000 0.021361
12.170000 0.020670
12.180000 0.020165
12.190000 0.019708
12.200000 0.019375
12.210000 0.019174
12.220000 0.019139
12.230000 0.019280
12.240000 0.019615
12.250000 0.020118
12.260000 0.020842
12.270000 0.021725
12.280000 0.022801
12.290000 0.024001
12.300000 0.025288
12.310000 0.026663
12.320000 0.028128
12.330000 0.029564
12.340000 0.031026
12.350000 0.032470
12.360000 0.033790
12.370000 0.035016
12.380000 0.036173
12.390000 0.037117
12.400000 0.037920
12.410000 0.038562
12.420000 0.039068
12.430000 0.039361
12.440000 0.039504
12.450000 0.039514
12.460000 0.039335
12.470000 0.039040
12.480000 0.038595
12.490000 0.038036
12.500000 0.037339
12.510000 0.036524
12.520000 0.035673
12.530000 0.034619
12.540000 0.033538
12.550000 0.032312
12.560000 0.030978
12.570000 0.029565
12.580000 0.028099
12.590000 0.026496
12.600000 0.024883
12.610000 0.023191
12.620000 0.021488
12.630000 0.019765
12.640000 0.018093
12.650000 0.016445
12.660000 0.014887
12.670000 0.013431
12.680000 0.012013
12.690000 0.010774
12.700000 0.009668
12.710000 0.008656
12.720000 0.007841
12.730000 0.007151
12.740000 0.006689
12.750000 0.006469
12.760000 0.006519
12.770000 0.006870
12.780000 0.007425
12.790000 0.008342
12.800000 0.009482
12.810000 0.010850
12.820000 0.012466
12.830000 0.014174
12.840000 0.016063
12.850000 0.018053
12.860000 0.020059
12.870000 0.022161
12.880000 0.024233
12.890000 0.026215
12.900000 0.028128
12.910000 0.029861
12.920000 0.031457
12.930000 0.032814
12.940000 0.033909
12.950000 0.034781
12.960000 0.035316
12.970000 0.035628
12.980000 0.035630
12.990000 0.035363
13.000000 0.034881
13.010000 0.034179
13.020000 0.033362
13.030000 0.032342
13.040000 0.031268
13.050000 0.030115
13.060000 0.028935
13.070000 0.027758
13.080000 0.026622
13.090000 0.025532
13.100000 0.024456
13.110000 0.023453
13.120000 0.022487
13.130000 0.021568
13.140000 0.020696
13.150000 0.019840
13.160000 0.019073
13.170000 0.018304
13.180000 0.017562
13.190000 0.016913
13.200000 0.016313
13.210000 0.015749
13.220000 0.015278
13.230000 0.014838
13.240000 0.014470
13.250000 0.014131
13.260000 0.013820
13.270000 0.013580
13.280000 0.013324
13.290000 0.013108
13.300000 0.012870
13.310000 0.012630
13.320000 0.012405
13.330000 0.012159
13.340000 0.011887
13.350000 0.011659
13.360000 0.011344
13.370000 0.011039
13.380000 0.010710
13.390000 0.010329
13.400000 0.009905
13.410000 0.009498
13.420000 0.009048
13.430000 0.008565
13.440000 0.008076
13.450000 0.007602
13.460000 0.007090
13.470000 0.006656
13.480000 0.006260
13.490000 0.005951
13.500000 0.005714
13.510000 0.005591
13.520000 0.005538
13.530000 0.005544
13.540000 0.005624
13.550000 0.005723
13.560000 0.005862
13.570000 0.006118
13.580000 0.006413
13.590000 0.006805
13.600000 0.007330
13.610000 0.008010
13.620000 0.008822
13.630000 0.009766
13.640000 0.010792
13.650000 0.011872
13.660000 0.013019
13.670000 0.014093
13.680000 0.015110
13.690000 0.016014
13.700000 0.016726
13.710000 0.017267
13.720000 0.017556
13.730000 0.017573
13.740000 0.017378
13.750000 0.016886
13.760000 0.016101
13.770000 0.015103
13.780000 0.013837
13.790000 0.012411
13.800000 0.010789
13.810000 0.009087
13.820000 0.007351
13.830000 0.005627
13.840000 0.004074
13.850000 0.003004
13.860000 0.002871
13.870000 0.003620
13.880000 0.004702
13.890000 0.005799
13.900000 0.006819
13.910000 0.007679
13.920000 0.008340
13.930000 0.008848
13.940000 0.009195
13.950000 0.009360
13.960000 0.009313
13.970000 0.009187
13.980000 0.008935
13.990000 0.008540
14.000000 0.008041
14.010000 0.007486
14.020000 0.006862
14.030000 0.006181
14.040000 0.005445
14.050000 0.004750
14.060000 0.004096
14.070000 0.003555
14.080000 0.003169
14.090000 0.003065
14.100000 0.003185
14.110000 0.003508
14.120000 0.003906
14.130000 0.004302
14.140000 0.004655
14.150000 0.004909
14.160000 0.005035
14.170000 0.005029
14.180000 0.004895
14.190000 0.004642
14.200000 0.004263
14.210000 0.003791
14.220000 0.003288
14.230000 0.002836
14.240000 0.002546
14.250000 0.002561
14.260000 0.002923
14.270000 0.003483
14.280000 0.004182
14.290000 0.004897
14.300000 0.005569
14.310000 0.006183
14.320000 0.006694
14.330000 0.007071
14.340000 0.007332
14.350000 0.007437
14.360000 0.007401
14.370000 0.007261
14.380000 0.006976
14.390000 0.006597
14.400000 0.006217
14.410000 0.005868
14.420000 0.005675
14.430000 0.005719
14.440000 0.006053
14.450000 0.006616
14.460000 0.007359
14.470000 0.008190
14.480000 0.009016
14.490000 0.009727
14.500000 0.010309
14.510000 0.010665
14.520000 0.010737
14.530000 0.010545
14.540000 0.010065
14.550000 0.009306
14.560000 0.008312
14.570000 0.007070
14.580000 0.005681
14.590000 0.004172
14.600000 0.002640
14.610000 0.001241
14.620000 0.000888
14.630000 0.001904
14.640000 0.002944
14.650000 0.003767
14.660000 0.004388
14.670000 0.004773
14.680000 0.004971
14.690000 0.005030
14.700000 0.005012
14.710000 0.005022
14.720000 0.005060
14.730000 0.005218
14.740000 0.005492
14.750000 0.005881
14.760000 0.006384
14.770000 0.007001
14.780000 0.007699
14.790000 0.008505
14.800000 0.009333
14.810000 0.010211
14.820000 0.011098
14.830000 0.011923
14.840000 0.012722
14.850000 0.013456
14.860000 0.014137
14.870000 0.014750
14.880000 0.015400
14.890000 0.016029
14.900000 0.016739
14.910000 0.017428
14.920000 0.018154
14.930000 0.018879
14.940000 0.019531
14.950000 0.020122
14.960000 0.020573
14.970000 0.020848
14.980000 0.020989
14.990000 0.020940
15.000000 0.020632
15.010000 0.020100
15.020000 0.019296
15.030000 0.018220
15.040000 0.016894
15.050000 0.015289
15.060000 0.013466
15.070000 0.011418
15.080000 0.009237
15.090000 0.007048
15.100000 0.005080
15.110000 0.003839
15.120000 0.004004
15.130000 0.005278
15.140000 0.006821
15.150000 0.008277
15.160000 0.009500
15.170000 0.010389
15.180000 0.010818
15.190000 0.010881
15.200000 0.010503
15.210000 0.009642
15.220000 0.008384
15.230000 0.006786
15.240000 0.005174
15.250000 0.004390
15.260000 0.005692
15.270000 0.008731
15.280000 0.012816
15.290000 0.017492
15.300000 0.022693
15.310000 0.028238
15.320000 0.034043
15.330000 0.039864
15.340000 0.045519
15.350000 0.050762
15.360000 0.055444
15.370000 0.059264
15.380000 0.062084
15.390000 0.063848
15.400000 0.064595
15.410000 0.064414
15.420000 0.063641
15.430000 0.062551
15.440000 0.061582
15.450000 0.061230
15.460000 0.061927
15.470000 0.064124
15.480000 0.068190
15.490000 0.074590
15.500000 0.083626
15.510000 0.095375
15.520000 0.109730
15.530000 0.126304
15.540000 0.144420
15.550000 0.163289
15.560000 0.182068
15.570000 0.199752
15.580000 0.215756
15.590000 0.229247
15.600000 0.239845
15.610000 0.247396
15.620000 0.251907
15.630000 0.253701
15.640000 0.253296
15.650000 0.251357
15.660000 0.248590
15.670000 0.245655
15.680000 0.243060
15.690000 0.241279
15.700000 0.240385
15.710000 0.240409
15.720000 0.241055
15.730000 0.241886
15.740000 0.242532
15.750000 0.242383
15.760000 0.240982
15.770000 0.238009
15.780000 0.233130
15.790000 0.226435
15.800000 0.218223
15.810000 0.209155
15.820000 0.200119
15.830000 0.192269
15.840000 0.186730
15.850000 0.184324
15.860000 0.185447
15.870000 0.189837
15.880000 0.197009
15.890000 0.206458
15.900000 0.217897
15.910000 0.231408
15.920000 0.247343
15.930000 0.266135
15.940000 0.287902
15.950000 0.312426
15.960000 0.339187
15.970000 0.367144
15.980000 0.395159
15.990000 0.422076
16.000000 0.446927
16.010000 0.468737
16.020000 0.486898
16.030000 0.501182
16.040000 0.511299
16.050000 0.517465
16.060000 0.519919
16.070000 0.518936
16.080000 0.514893
16.090000 0.508093
16.100000 0.498840
16.110000 0.487365
16.120000 0.473715
16.130000 0.457942
16.140000 0.440049
16.150000 0.420112
16.160000 0.398113
16.170000 0.374138
16.180000 0.348353
16.190000 0.321007
16.200000 0.292422
16.210000 0.263044
16.220000 0.233364
16.230000 0.203847
16.240000 0.175093
16.250000 0.147530
16.260000 0.121696
16.270000 0.097971
16.280000 0.076600
16.290000 0.057855
16.300000 0.041908
16.310000 0.028802
16.320000 0.018601
16.330000 0.011703
16.340000 0.008638
16.350000 0.008903
16.360000 0.010150
16.370000 0.011110
16.380000 0.011553
16.390000 0.011540
16.400000 0.011359
16.410000 0.011065
16.420000 0.010852
16.430000 0.010651
16.440000 0.010513
16.450000 0.010314
16.460000 0.010081
16.470000 0.009728
16.480000 0.009294
16.490000 0.008862
16.500000 0.008477
16.510000 0.008224
16.520000 0.008199
16.530000 0.008435
16.540000 0.008962
16.550000 0.009625
16.560000 0.010525
16.570000 0.011371
16.580000 0.012222
16.590000 0.013012
16.600000 0.013638
16.610000 0.014152
16.620000 0.014466
16.630000 0.014617
16.640000 0.014560
16.650000 0.014275
16.660000 0.013853
16.670000 0.013248
16.680000 0.012538
16.690000 0.011705
16.700000 0.010817
16.710000 0.009875
16.720000 0.009010
16.730000 0.008238
16.740000 0.007609
16.750000 0.007174
16.760000 0.006903
16.770000 0.006926
16.780000 0.007115
16.790000 0.007454
16.800000 0.007842
16.810000 0.008305
16.820000 0.008826
16.830000 0.009357
16.840000 0.009860
16.850000 0.010383
16.860000 0.010897
16.870000 0.011429
16.880000 0.011963
16.890000 0.012471
16.900000 0.012967
16.910000 0.013336
16.920000 0.013729
16.930000 0.014024
16.940000 0.014188
16.950000 0.014315
16.960000 0.014281
16.970000 0.014207
16.980000 0.014024
16.990000 0.013709
17.000000 0.013424
17.010000 0.013069
17.020000 0.012656
17.030000 0.012264
17.040000 0.011970
17.050000 0.011658
17.060000 0.011464
17.070000 0.011267
17.080000 0.011047
17.090000 0.010990
17.100000 0.010783
17.110000 0.010630
17.120000 0.010359
17.130000 0.010065
17.140000 0.009738
17.150000 0.009353
17.160000 0.008910
17.170000 0.008400
17.180000 0.007983
17.190000 0.007604
17.200000 0.007248
17.210000 0.006917
17.220000 0.006683
17.230000 0.006526
17.240000 0.006385
17.250000 0.006280
17.260000 0.006146
17.270000 0.005998
17.280000 0.005901
17.290000 0.005819
17.300000 0.005829
17.310000 0.005935
17.320000 0.006254
17.330000 0.006691
17.340000 0.007218
17.350000 0.007823
17.360000 0.008494
17.370000 0.009109
17.380000 0.009711
17.390000 0.010191
17.400000 0.010515
17.410000 0.010762
17.420000 0.010811
17.430000 0.010746
17.440000 0.010568
17.450000 0.010348
17.460000 0.010005
17.470000 0.009641
17.480000 0.009309
17.490000 0.009094
17.500000 0.008985
17.510000 0.008971
17.520000 0.009118
17.530000 0.009367
17.540000 0.009771
17.550000 0.010222
17.560000 0.010804
17.570000 0.011372
17.580000 0.012010
17.590000 0.012642
17.600000 0.013260
17.610000 0.013846
17.620000 0.014432
17.630000 0.014931
17.640000 0.015410
17.650000 0.015749
17.660000 0.016076
17.670000 0.016344
17.680000 0.016470
17.690000 0.016516
17.700000 0.016525
17.710000 0.016472
17.720000 0.016365
17.730000 0.016234
17.740000 0.016050
17.750000 0.015910
17.760000 0.015784
17.770000 0.015694
17.780000 0.015633
17.790000 0.015588
17.800000 0.015583
17.810000 0.015711
17.820000 0.015887
17.830000 0.016117
17.840000 0.016407
17.850000 0.016725
17.860000 0.017117
17.870000 0.017457
17.880000 0.017906
17.890000 0.018229
17.900000 0.018598
17.910000 0.018883
17.920000 0.019076
17.930000 0.019234
17.940000 0.019275
17.950000 0.019286
17.960000 0.019202
17.970000 0.019052
17.980000 0.018839
17.990000 0.018596
18.000000 0.018327
18.010000 0.018023
18.020000 0.017804
18.030000 0.017509
18.040000 0.017323
18.050000 0.017153
18.060000 0.017020
18.070000 0.016929
18.080000 0.016874
18.090000 0.016853
18.100000 0.016854
18.110000 0.016890
18.120000 0.016916
18.130000 0.017012
18.140000 0.017116
18.150000 0.017220
18.160000 0.017340
18.170000 0.017431
18.180000 0.017546
18.190000 0.017649
18.200000 0.017740
18.210000 0.017805
18.220000 0.017834
18.230000 0.017707
18.240000 0.017607
18.250000 0.017363
18.260000 0.017052
18.270000 0.016669
18.280000 0.016221
18.290000 0.015667
18.300000 0.015094
18.310000 0.014446
18.320000 0.013877
18.330000 0.013228
18.340000 0.012660
18.350000 0.012157
18.360000 0.011667
18.370000 0.011248
18.380000 0.010972
18.390000 0.010772
18.400000 0.010730
18.410000 0.010755
18.420000 0.010962
18.430000 0.011283
18.440000 0.011710
18.450000 0.012249
18.460000 0.012844
18.470000 0.013497
18.480000 0.014186
18.490000 0.014881
18.500000 0.015504
18.510000 0.016060
18.520000 0.016567
18.530000 0.016951
18.540000 0.017338
18.550000 0.017566
18.560000 0.017753
18.570000 0.017871
18.580000 0.017956
18.590000 0.018037
18.600000 0.018057
18.610000 0.018045
18.620000 0.018001
18.630000 0.017959
18.640000 0.017812
18.650000 0.017630
18.660000 0.017238
18.670000 0.016766
18.680000 0.016125
18.690000 0.015365
18.700000 0.014470
18.710000 0.013525
18.720000 0.012427
18.730000 0.011436
18.740000 0.010384
18.750000 0.009478
18.760000 0.008653
18.770000 0.007947
18.780000 0.007421
18.790000 0.006985
18.800000 0.006620
18.810000 0.006386
18.820000 0.006244
18.830000 0.006161
18.840000 0.006177
18.850000 0.006193
18.860000 0.006210
18.870000 0.006194
18.880000 0.006109
18.890000 0.006007
18.900000 0.005849
18.910000 0.005683
18.920000 0.005545
18.930000 0.005470
18.940000 0.005428
18.950000 0.005470
18.960000 0.005478
18.970000 0.005487
18.980000 0.005441
18.990000 0.005328
19.000000 0.005268
19.010000 0.005267
19.020000 0.005406
19.030000 0.005664
19.040000 0.006051
19.050000 0.006501
19.060000 0.006880
19.070000 0.007262
19.080000 0.007503
19.090000 0.007623
19.100000 0.007574
19.110000 0.007420
19.120000 0.007131
19.130000 0.006839
19.140000 0.006455
19.150000 0.006081
19.160000 0.005684
19.170000 0.005323
19.180000 0.004951
19.190000 0.004572
19.200000 0.004181
19.210000 0.003775
19.220000 0.003383
19.230000 0.003042
19.240000 0.002776
19.250000 0.002602
19.260000 0.002552
19.270000 0.002650
19.280000 0.002745
19.290000 0.002895
19.300000 0.002991
19.310000 0.003015
19.320000 0.003025
19.330000 0.002923
19.340000 0.002824
19.350000 0.002713
19.360000 0.002652
19.370000 0.002705
19.380000 0.002865
19.390000 0.003095
19.400000 0.003406
19.410000 0.003760
19.420000 0.004036
19.430000 0.004318
19.440000 0.004478
19.450000 0.004640
19.460000 0.004732
19.470000 0.004842
19.480000 0.004999
19.490000 0.005219
19.500000 0.005490
19.510000 0.005879
19.520000 0.006323
19.530000 0.006803
19.540000 0.007232
19.550000 0.007635
19.560000 0.008009
19.570000 0.008292
19.580000 0.008514
19.590000 0.008723
19.600000 0.008927
19.610000 0.009149
19.620000 0.009341
19.630000 0.009550
19.640000 0.009744
19.650000 0.009877
19.660000 0.009935
19.670000 0.009851
19.680000 0.009645
19.690000 0.009270
19.700000 0.008728
19.710000 0.008070
19.720000 0.007291
19.730000 0.006415
19.740000 0.005513
19.750000 0.004621
19.760000 0.003845
19.770000 0.003306
19.780000 0.003026
19.790000 0.003044
19.800000 0.003215
19.810000 0.003437
19.820000 0.003575
19.830000 0.003577
19.840000 0.003444
19.850000 0.003161
19.860000 0.002742
19.870000 0.002194
19.880000 0.001564
19.890000 0.000993
19.900000 0.000744
19.910000 0.001130
19.920000 0.001689
19.930000 0.002218
19.940000 0.002669
19.950000 0.003006
19.960000 0.003222
19.970000 0.003316
19.980000 0.003305
19.990000 0.003234
