0.000000 9.591576
0.010000 10.728156
0.020000 12.236805
0.030000 13.181726
0.040000 12.183323
0.050000 10.684182
0.060000 8.929388
0.070000 7.753583
0.080000 6.988184
0.090000 6.793229
0.100000 7.101037
0.110000 7.470957
0.120000 7.677855
0.130000 7.830589
0.140000 8.127174
0.150000 8.082190
0.160000 7.745687
0.170000 7.146145
0.180000 6.395544
0.190000 5.470514
0.200000 4.604112
0.210000 3.751923
0.220000 3.122999
0.230000 2.836110
0.240000 2.921655
0.250000 3.412740
0.260000 4.233246
0.270000 4.716961
0.280000 4.645502
0.290000 5.320087
0.300000 6.065285
0.310000 6.608363
0.320000 6.156906
0.330000 5.808838
0.340000 4.964301
0.350000 4.702714
0.360000 4.766659
0.370000 5.853354
0.380000 7.135751
0.390000 7.704638
0.400000 8.054068
0.410000 8.473828
0.420000 8.689180
0.430000 8.089483
0.440000 7.562771
0.450000 6.887025
0.460000 6.130497
0.470000 5.825887
0.480000 5.746664
0.490000 5.699326
0.500000 5.780701
0.510000 5.765836
0.520000 5.500536
0.530000 5.183117
0.540000 4.847720
0.550000 4.538046
0.560000 4.407587
0.570000 4.608649
0.580000 4.907508
0.590000 5.453863
0.600000 6.273816
0.610000 6.990329
0.620000 8.010281
0.630000 9.014118
0.640000 10.262856
0.650000 11.779610
0.660000 11.950944
0.670000 10.521798
0.680000 9.154830
0.690000 7.694778
0.700000 6.714243
0.710000 6.378546
0.720000 6.521632
0.730000 6.937689
0.740000 7.393291
0.750000 7.683141
0.760000 8.120338
0.770000 8.341706
0.780000 8.097456
0.790000 7.526922
0.800000 6.782275
0.810000 5.872486
0.820000 4.783342
0.830000 3.653649
0.840000 2.722045
0.850000 2.228448
0.860000 2.315814
0.870000 2.569727
0.880000 3.162144
0.890000 4.094565
0.900000 4.294685
0.910000 4.075416
0.920000 5.183977
0.930000 5.613750
0.940000 6.028953
0.950000 5.650585
0.960000 5.065105
0.970000 4.446607
0.980000 4.250466
0.990000 4.644359
1.000000 5.942454
1.010000 7.060620
1.020000 7.325622
1.030000 7.691597
1.040000 8.225058
1.050000 7.489791
1.060000 6.898839
1.070000 6.301449
1.080000 5.671857
1.090000 5.102274
1.100000 5.065174
1.110000 5.050754
1.120000 5.006112
1.130000 5.044952
1.140000 5.034824
1.150000 4.794088
1.160000 4.348176
1.170000 3.877306
1.180000 3.471081
1.190000 3.404912
1.200000 3.656265
1.210000 4.181261
1.220000 4.893307
1.230000 5.773803
1.240000 6.498231
1.250000 7.439242
1.260000 8.297435
1.270000 9.583370
1.280000 11.108850
1.290000 10.379013
1.300000 9.137250
1.310000 7.951272
1.320000 6.797969
1.330000 6.273829
1.340000 5.991329
1.350000 6.365726
1.360000 6.887444
1.370000 7.511584
1.380000 7.911395
1.390000 8.382228
1.400000 8.342141
1.410000 7.933303
1.420000 7.236062
1.430000 6.435673
1.440000 5.423795
1.450000 4.287554
1.460000 3.001951
1.470000 1.871004
1.480000 1.672277
1.490000 1.797516
1.500000 2.165522
1.510000 2.858086
1.520000 3.584930
1.530000 3.539193
1.540000 3.886771
1.550000 4.895799
1.560000 5.420880
1.570000 5.611097
1.580000 5.399754
1.590000 4.504931
1.600000 4.065217
1.610000 3.732772
1.620000 4.604811
1.630000 5.916368
1.640000 6.629344
1.650000 6.853297
1.660000 7.209919
1.670000 6.953140
1.680000 6.264284
1.690000 5.739670
1.700000 5.322970
1.710000 4.901979
1.720000 4.508211
1.730000 4.474415
1.740000 4.378395
1.750000 4.344241
1.760000 4.418763
1.770000 4.366639
1.780000 4.157499
1.790000 3.721006
1.800000 3.163032
1.810000 2.574579
1.820000 2.507604
1.830000 2.946641
1.840000 3.585657
1.850000 4.305873
1.860000 5.134106
1.870000 5.839250
1.880000 6.627160
1.890000 7.364941
1.900000 8.640513
1.910000 10.187750
1.920000 9.028588
1.930000 8.033893
1.940000 7.104151
1.950000 6.277736
1.960000 5.984056
1.970000 5.897920
1.980000 6.290491
1.990000 7.003355
2.000000 7.663021
2.010000 8.079988
2.020000 8.504590
2.030000 8.342139
2.040000 7.814363
2.050000 6.967506
2.060000 6.084838
2.070000 5.037867
2.080000 3.855424
2.090000 2.605267
2.100000 1.436596
2.110000 1.180711
2.120000 1.299952
2.130000 1.726780
2.140000 2.398043
2.150000 2.955369
2.160000 2.965300
2.170000 3.678921
2.180000 4.492790
2.190000 5.366597
2.200000 5.240029
2.210000 5.135894
2.220000 4.213265
2.230000 3.704903
2.240000 3.383930
2.250000 4.384709
2.260000 5.597121
2.270000 5.965462
2.280000 6.211832
2.290000 6.580620
2.300000 5.767798
2.310000 5.220782
2.320000 4.958531
2.330000 4.655080
2.340000 4.288542
2.350000 3.774478
2.360000 3.577939
2.370000 3.394923
2.380000 3.283699
2.390000 3.288098
2.400000 3.309729
2.410000 3.245291
2.420000 2.961736
2.430000 2.364324
2.440000 1.975110
2.450000 1.918480
2.460000 2.296884
2.470000 2.900586
2.480000 3.635149
2.490000 4.407959
2.500000 5.072813
2.510000 5.710104
2.520000 6.247422
2.530000 7.387977
2.540000 8.841593
2.550000 7.873777
2.560000 7.110664
2.570000 6.418296
2.580000 5.985661
2.590000 5.820080
2.600000 5.895595
2.610000 6.511024
2.620000 7.300475
2.630000 7.615256
2.640000 7.747165
2.650000 7.589254
2.660000 7.236533
2.670000 6.706049
2.680000 5.905007
2.690000 5.242168
2.700000 4.568595
2.710000 3.497917
2.720000 2.289648
2.730000 1.482434
2.740000 1.128994
2.750000 1.027247
2.760000 1.467922
2.770000 1.711076
2.780000 2.198128
2.790000 2.349688
2.800000 3.204682
2.810000 4.030532
2.820000 4.941469
2.830000 5.073692
2.840000 4.651442
2.850000 3.873749
2.860000 3.326195
2.870000 2.960983
2.880000 3.930389
2.890000 4.921745
2.900000 5.123364
2.910000 5.477610
2.920000 5.547034
2.930000 4.748113
2.940000 4.423572
2.950000 4.129799
2.960000 3.873601
2.970000 3.346366
2.980000 2.741848
2.990000 2.617266
3.000000 2.542089
3.010000 2.544820
3.020000 2.421323
3.030000 2.155126
3.040000 1.956951
3.050000 1.811726
3.060000 1.549664
3.070000 1.342013
3.080000 1.357176
3.090000 1.854167
3.100000 2.439025
3.110000 3.121068
3.120000 3.840996
3.130000 4.541068
3.140000 5.134469
3.150000 5.512453
3.160000 6.213400
3.170000 7.381936
3.180000 6.878635
3.190000 6.258506
3.200000 5.965168
3.210000 5.799659
3.220000 5.748677
3.230000 5.807442
3.240000 6.762294
3.250000 6.779174
3.260000 6.646469
3.270000 6.459217
3.280000 6.328722
3.290000 5.723462
3.300000 4.891234
3.310000 4.053723
3.320000 3.445647
3.330000 3.028157
3.340000 2.609261
3.350000 2.276445
3.360000 1.461008
3.370000 1.109774
3.380000 1.157169
3.390000 1.139897
3.400000 1.266218
3.410000 1.535313
3.420000 1.492333
3.430000 2.286567
3.440000 3.358253
3.450000 4.004934
3.460000 4.871442
3.470000 4.475959
3.480000 3.487267
3.490000 2.951502
3.500000 2.411460
3.510000 3.137941
3.520000 4.100527
3.530000 4.149595
3.540000 4.562374
3.550000 4.631085
3.560000 3.899691
3.570000 3.606810
3.580000 3.359937
3.590000 2.977821
3.600000 2.446090
3.610000 1.931323
3.620000 1.763627
3.630000 1.800088
3.640000 1.985937
3.650000 1.803100
3.660000 1.503254
3.670000 1.090635
3.680000 0.625112
3.690000 0.316091
3.700000 0.976901
3.710000 1.432958
3.720000 1.396949
3.730000 1.918422
3.740000 2.527186
3.750000 3.041102
3.760000 3.761520
3.770000 4.454322
3.780000 4.982630
3.790000 5.210345
3.800000 6.041543
3.810000 6.604796
3.820000 5.716963
3.830000 5.413616
3.840000 5.648048
3.850000 5.629605
3.860000 5.819349
3.870000 5.730376
3.880000 5.854343
3.890000 5.902239
3.900000 5.581557
3.910000 4.645943
3.920000 4.225703
3.930000 3.592076
3.940000 3.037624
3.950000 2.450859
3.960000 1.989231
3.970000 1.541787
3.980000 1.476477
3.990000 1.526701
4.000000 1.108716
4.010000 0.973157
4.020000 1.117226
4.030000 1.279862
4.040000 1.316620
4.050000 0.972533
4.060000 1.116728
4.070000 2.183444
4.080000 2.762899
4.090000 3.855428
4.100000 4.097933
4.110000 3.722155
4.120000 2.657617
4.130000 2.090221
4.140000 2.168241
4.150000 3.110846
4.160000 3.181325
4.170000 3.418420
4.180000 3.853732
4.190000 3.267948
4.200000 3.005684
4.210000 2.750988
4.220000 2.466563
4.230000 1.983301
4.240000 1.466937
4.250000 1.283464
4.260000 1.338421
4.270000 1.435725
4.280000 1.316509
4.290000 1.275632
4.300000 1.329278
4.310000 1.316886
4.320000 1.309464
4.330000 0.679443
4.340000 1.032628
4.350000 1.574247
4.360000 1.454571
4.370000 1.722541
4.380000 2.243131
4.390000 2.895952
4.400000 3.456567
4.410000 4.098744
4.420000 4.588656
4.430000 4.750483
4.440000 5.480887
4.450000 5.707124
4.460000 5.137096
4.470000 5.001061
4.480000 5.352695
4.490000 5.475406
4.500000 5.111891
4.510000 4.793636
4.520000 4.926563
4.530000 4.910989
4.540000 4.361142
4.550000 3.342675
4.560000 2.983366
4.570000 2.675592
4.580000 2.304680
4.590000 1.627743
4.600000 0.953902
4.610000 0.833716
4.620000 0.948864
4.630000 1.028183
4.640000 1.097823
4.650000 0.839698
4.660000 0.818261
4.670000 1.298390
4.680000 1.659200
4.690000 1.202973
4.700000 0.713420
4.710000 1.601991
4.720000 1.828038
4.730000 3.071092
4.740000 3.360043
4.750000 2.894526
4.760000 2.145656
4.770000 1.324353
4.780000 1.714078
4.790000 2.192622
4.800000 2.292816
4.810000 2.444735
4.820000 2.825203
4.830000 2.434302
4.840000 2.235950
4.850000 1.953405
4.860000 1.709042
4.870000 1.306208
4.880000 1.003829
4.890000 1.345628
4.900000 1.566594
4.910000 1.431061
4.920000 1.394110
4.930000 1.545981
4.940000 1.667730
4.950000 1.798727
4.960000 1.272084
4.970000 0.940125
4.980000 1.108166
4.990000 1.799375
5.000000 1.754833
5.010000 1.716522
5.020000 1.979541
5.030000 2.460375
5.040000 3.046586
5.050000 3.458960
5.060000 3.962545
5.070000 4.084265
5.080000 4.423047
5.090000 4.901801
5.100000 4.771339
5.110000 4.768174
5.120000 4.908591
5.130000 4.937309
5.140000 4.338466
5.150000 3.867358
5.160000 4.163747
5.170000 4.631744
5.180000 4.707383
5.190000 3.988673
5.200000 3.713851
5.210000 3.787920
5.220000 3.195037
5.230000 1.473735
5.240000 0.780614
5.250000 0.889413
5.260000 1.095022
5.270000 1.041919
5.280000 0.835143
5.290000 0.715634
5.300000 0.756343
5.310000 0.673367
5.320000 1.086025
5.330000 1.927567
5.340000 1.381018
5.350000 1.041419
5.360000 0.694383
5.370000 1.368247
5.380000 2.661505
5.390000 2.408518
5.400000 1.658559
5.410000 1.148549
5.420000 0.945462
5.430000 1.236266
5.440000 1.327610
5.450000 1.362956
5.460000 2.005303
5.470000 1.761281
5.480000 1.437194
5.490000 1.429552
5.500000 1.085250
5.510000 0.867897
5.520000 0.847667
5.530000 1.472713
5.540000 1.829070
5.550000 1.952299
5.560000 2.010036
5.570000 2.024357
5.580000 2.156093
5.590000 2.030388
5.600000 1.523000
5.610000 1.085765
5.620000 0.956237
5.630000 1.421716
5.640000 2.107117
5.650000 1.920166
5.660000 1.737637
5.670000 1.780080
5.680000 2.014470
5.690000 2.421180
5.700000 2.965271
5.710000 3.365289
5.720000 3.472798
5.730000 3.754571
5.740000 4.275735
5.750000 4.337132
5.760000 4.553465
5.770000 4.497243
5.780000 4.204798
5.790000 3.598480
5.800000 3.147031
5.810000 3.915328
5.820000 4.587286
5.830000 4.772908
5.840000 4.689103
5.850000 4.479836
5.860000 3.349262
5.870000 2.267116
5.880000 1.827680
5.890000 1.301575
5.900000 1.162302
5.910000 1.181677
5.920000 1.262375
5.930000 1.274423
5.940000 1.167059
5.950000 1.202635
5.960000 0.590772
5.970000 0.507613
5.980000 0.696803
5.990000 1.446440
6.000000 1.399698
6.010000 1.159712
6.020000 0.522309
6.030000 1.632319
6.040000 1.436464
6.050000 0.868731
6.060000 0.767300
6.070000 0.451804
6.080000 0.304182
6.090000 1.276369
6.100000 0.859676
6.110000 1.057799
6.120000 0.906525
6.130000 0.847336
6.140000 1.150914
6.150000 0.803588
6.160000 0.550599
6.170000 0.805806
6.180000 1.155501
6.190000 1.633935
6.200000 2.073403
6.210000 2.504444
6.220000 2.577961
6.230000 2.519629
6.240000 2.081402
6.250000 1.505660
6.260000 0.942588
6.270000 0.605251
6.280000 0.939234
6.290000 1.326326
6.300000 1.612042
6.310000 1.410702
6.320000 1.360632
6.330000 1.483821
6.340000 1.744066
6.350000 2.270891
6.360000 2.683600
6.370000 2.875708
6.380000 2.934983
6.390000 3.240931
6.400000 3.784491
6.410000 4.100716
6.420000 4.074625
6.430000 3.575447
6.440000 2.678160
6.450000 2.421302
6.460000 2.666392
6.470000 3.662813
6.480000 4.761568
6.490000 4.866139
6.500000 4.136232
6.510000 2.456345
6.520000 2.224223
6.530000 2.280380
6.540000 1.871496
6.550000 1.588011
6.560000 0.797935
6.570000 0.948398
6.580000 1.042159
6.590000 1.475835
6.600000 1.919781
6.610000 1.693339
6.620000 1.109836
6.630000 0.611001
6.640000 0.345764
6.650000 0.928390
6.660000 1.418710
6.670000 1.148033
6.680000 0.777850
6.690000 1.238059
6.700000 0.797753
6.710000 0.598736
6.720000 1.034981
6.730000 1.188100
6.740000 1.851945
6.750000 1.744821
6.760000 0.520586
6.770000 0.651505
6.780000 0.393031
6.790000 0.364902
6.800000 0.665408
6.810000 0.420404
6.820000 0.372209
6.830000 0.320450
6.840000 0.727851
6.850000 1.124245
6.860000 1.574096
6.870000 2.009505
6.880000 2.172824
6.890000 2.093182
6.900000 1.599724
6.910000 1.115587
6.920000 0.703288
6.930000 0.542340
6.940000 0.562598
6.950000 0.637173
6.960000 0.923425
6.970000 1.056314
6.980000 1.037367
6.990000 1.118415
7.000000 1.306643
7.010000 1.590008
7.020000 2.203005
7.030000 2.720816
7.040000 2.795000
7.050000 2.788163
7.060000 3.109705
7.070000 3.478002
7.080000 3.472177
7.090000 2.987385
7.100000 2.046936
7.110000 1.760486
7.120000 1.720680
7.130000 2.148718
7.140000 2.565903
7.150000 3.260789
7.160000 2.925050
7.170000 1.310487
7.180000 0.924489
7.190000 0.748906
7.200000 0.481572
7.210000 0.606233
7.220000 0.555857
7.230000 0.379111
7.240000 0.266859
7.250000 0.442492
7.260000 0.503643
7.270000 1.127665
7.280000 1.183210
7.290000 1.659198
7.300000 0.353253
7.310000 0.316088
7.320000 0.412115
7.330000 0.808745
7.340000 1.165082
7.350000 0.504421
7.360000 0.680210
7.370000 0.506831
7.380000 0.807256
7.390000 1.276287
7.400000 1.470200
7.410000 1.172023
7.420000 0.489964
7.430000 0.759344
7.440000 0.448484
7.450000 0.445248
7.460000 0.360071
7.470000 0.596908
7.480000 0.654261
7.490000 0.664479
7.500000 0.144179
7.510000 0.402733
7.520000 0.649743
7.530000 1.259528
7.540000 1.566397
7.550000 1.493422
7.560000 1.013225
7.570000 0.903327
7.580000 0.930631
7.590000 0.639543
7.600000 0.583547
7.610000 0.609667
7.620000 0.590132
7.630000 0.453895
7.640000 0.518836
7.650000 0.573139
7.660000 0.712725
7.670000 0.756298
7.680000 0.702391
7.690000 0.681525
7.700000 0.847888
7.710000 1.425232
7.720000 1.982745
7.730000 2.208351
7.740000 2.567115
7.750000 3.144845
7.760000 2.403888
7.770000 1.697231
7.780000 1.164513
7.790000 1.592826
7.800000 1.345920
7.810000 1.482766
7.820000 1.167793
7.830000 1.373832
7.840000 0.759912
7.850000 0.715548
7.860000 0.758013
7.870000 0.973288
7.880000 0.746015
7.890000 0.916261
7.900000 0.848794
7.910000 0.612818
7.920000 0.429524
7.930000 0.913218
7.940000 0.777057
7.950000 0.767889
7.960000 0.482926
7.970000 0.547639
7.980000 1.114763
7.990000 0.982936
8.000000 0.431378
8.010000 0.639870
8.020000 0.521898
8.030000 1.557098
8.040000 0.398997
8.050000 0.865451
8.060000 0.778560
8.070000 0.427807
8.080000 0.766302
8.090000 0.338985
8.100000 0.228063
8.110000 0.818415
8.120000 0.565085
8.130000 0.299952
8.140000 0.506383
8.150000 0.605965
8.160000 0.545208
8.170000 1.043091
8.180000 0.953415
8.190000 0.641904
8.200000 0.669517
8.210000 0.728086
8.220000 0.761457
8.230000 0.656035
8.240000 0.489632
8.250000 0.553102
8.260000 0.643485
8.270000 0.900688
8.280000 0.967459
8.290000 0.613887
8.300000 0.596158
8.310000 0.422553
8.320000 0.383636
8.330000 0.392112
8.340000 0.398776
8.350000 0.477511
8.360000 0.705215
8.370000 0.715483
8.380000 0.848742
8.390000 0.767730
8.400000 0.695817
8.410000 0.507189
8.420000 0.468015
8.430000 0.727216
8.440000 1.085037
8.450000 1.362855
8.460000 1.784088
8.470000 2.092084
8.480000 1.614182
8.490000 1.608467
8.500000 1.554943
8.510000 1.056964
8.520000 0.823861
8.530000 1.585423
8.540000 1.721176
8.550000 0.839749
8.560000 0.248940
8.570000 0.920497
8.580000 1.516409
8.590000 0.865785
8.600000 0.922890
8.610000 1.052323
8.620000 1.391446
8.630000 1.536894
8.640000 1.025862
8.650000 0.300989
8.660000 0.170278
8.670000 0.220852
8.680000 0.317383
8.690000 0.347088
8.700000 0.502844
8.710000 0.637427
8.720000 1.169273
8.730000 0.579940
8.740000 0.264977
8.750000 0.622805
8.760000 0.697541
8.770000 1.158178
8.780000 0.200410
8.790000 0.583568
8.800000 0.494917
8.810000 0.304720
8.820000 0.354259
8.830000 0.569015
8.840000 0.359825
8.850000 0.700231
8.860000 0.451369
8.870000 0.466341
8.880000 0.833644
8.890000 0.999359
8.900000 1.043884
8.910000 0.457900
8.920000 0.732749
8.930000 0.388184
8.940000 1.039736
8.950000 1.018496
8.960000 0.598001
8.970000 0.148123
8.980000 0.982835
8.990000 0.992700
9.000000 0.717283
9.010000 0.257441
9.020000 0.597908
9.030000 1.069506
9.040000 1.025759
9.050000 0.871966
9.060000 0.557489
9.070000 0.515073
9.080000 0.797444
9.090000 0.732759
9.100000 0.787254
9.110000 0.919474
9.120000 1.057969
9.130000 1.095741
9.140000 0.748025
9.150000 0.505258
9.160000 0.379382
9.170000 0.417679
9.180000 0.595797
9.190000 0.728833
9.200000 0.832908
9.210000 1.355086
9.220000 1.451282
9.230000 0.995869
9.240000 1.097051
9.250000 2.075897
9.260000 1.461401
9.270000 0.271206
9.280000 0.739558
9.290000 0.883390
9.300000 0.969329
9.310000 0.627159
9.320000 0.598437
9.330000 0.522671
9.340000 1.506952
9.350000 1.527993
9.360000 0.562276
9.370000 0.543271
9.380000 1.423963
9.390000 0.373072
9.400000 0.853710
9.410000 0.373900
9.420000 0.269609
9.430000 0.536431
9.440000 0.214802
9.450000 0.385878
9.460000 0.599089
9.470000 0.303659
9.480000 0.042324
9.490000 0.374577
9.500000 0.145389
9.510000 0.634856
9.520000 0.659599
9.530000 0.760582
9.540000 0.765950
9.550000 0.175885
9.560000 0.250294
9.570000 0.344640
9.580000 0.543995
9.590000 0.438628
9.600000 0.757709
9.610000 0.723354
9.620000 0.317369
9.630000 0.760187
9.640000 0.636154
9.650000 0.662531
9.660000 0.601836
9.670000 0.202936
9.680000 0.757102
9.690000 1.175345
9.700000 0.458029
9.710000 0.788562
9.720000 0.671187
9.730000 0.721252
9.740000 0.497976
9.750000 0.582002
9.760000 0.543799
9.770000 0.677244
9.780000 0.427499
9.790000 0.114663
9.800000 0.688620
9.810000 0.939206
9.820000 0.887045
9.830000 0.766974
9.840000 0.595200
9.850000 0.415372
9.860000 0.644868
9.870000 0.978809
9.880000 0.616719
9.890000 0.435492
9.900000 0.697285
9.910000 0.336392
9.920000 0.606797
9.930000 1.152685
9.940000 1.837977
9.950000 2.265610
9.960000 1.770010
9.970000 1.115653
9.980000 1.334133
9.990000 2.607495
10.000000 4.289589
10.010000 0.889361
10.020000 3.851379
10.030000 4.238165
10.040000 3.001902
10.050000 4.893250
10.060000 4.221913
10.070000 3.605129
10.080000 2.525312
10.090000 2.280478
10.100000 2.112716
10.110000 1.601005
10.120000 1.191382
10.130000 1.277846
10.140000 0.652061
10.150000 0.554479
10.160000 0.382188
10.170000 0.504130
10.180000 0.471288
10.190000 0.475331
10.200000 0.169728
10.210000 0.275198
10.220000 0.138510
10.230000 0.544763
10.240000 0.478043
10.250000 1.289540
10.260000 0.834455
10.270000 1.259022
10.280000 0.229470
10.290000 0.720594
10.300000 1.235098
10.310000 2.442065
10.320000 0.941164
10.330000 0.933531
10.340000 0.535594
10.350000 1.159797
10.360000 0.733769
10.370000 0.170102
10.380000 0.645237
10.390000 0.452860
10.400000 0.470178
10.410000 0.532742
10.420000 0.161119
10.430000 0.407162
10.440000 0.228331
10.450000 0.299491
10.460000 0.342088
10.470000 0.394039
10.480000 0.303821
10.490000 0.366717
10.500000 0.293833
10.510000 0.151185
10.520000 0.255816
10.530000 0.749193
10.540000 0.906252
10.550000 0.674826
10.560000 0.441558
10.570000 0.705867
10.580000 0.794712
10.590000 0.638544
10.600000 0.344225
10.610000 0.368639
10.620000 0.689188
10.630000 0.699923
10.640000 0.682951
10.650000 0.739193
10.660000 0.899320
10.670000 0.932389
10.680000 0.719770
10.690000 0.549014
10.700000 0.436598
10.710000 0.332314
10.720000 0.416463
10.730000 0.808422
10.740000 1.188885
10.750000 1.626849
10.760000 2.186866
10.770000 1.890652
10.780000 1.970632
10.790000 2.413359
10.800000 2.355942
10.810000 2.306960
10.820000 1.930149
10.830000 1.621338
10.840000 1.353089
10.850000 1.128397
10.860000 0.841941
10.870000 1.249536
10.880000 1.563375
10.890000 2.368695
10.900000 2.245124
10.910000 1.805092
10.920000 1.086865
10.930000 1.150064
10.940000 1.282704
10.950000 1.280201
10.960000 0.387190
10.970000 0.600287
10.980000 0.714320
10.990000 0.513425
11.000000 0.453215
11.010000 0.639939
11.020000 0.242217
11.030000 0.711124
11.040000 0.246806
11.050000 0.219663
11.060000 0.216956
11.070000 0.663358
11.080000 0.741612
11.090000 1.908443
11.100000 0.455088
11.110000 0.402368
11.120000 2.461515
11.130000 0.437633
11.140000 0.390597
11.150000 3.069487
11.160000 1.153790
11.170000 0.746200
11.180000 0.671372
11.190000 0.684799
11.200000 1.099998
11.210000 1.020164
11.220000 0.833571
11.230000 0.465887
11.240000 1.040606
11.250000 0.903815
11.260000 0.474874
11.270000 0.488271
11.280000 0.844546
11.290000 0.627600
11.300000 0.209130
11.310000 0.117573
11.320000 1.204676
11.330000 0.571102
11.340000 0.366802
11.350000 0.785753
11.360000 0.972801
11.370000 0.580708
11.380000 0.970641
11.390000 1.130232
11.400000 0.836070
11.410000 0.731748
11.420000 1.031247
11.430000 1.285136
11.440000 1.037086
11.450000 0.735530
11.460000 2.484449
11.470000 2.924147
11.480000 1.774948
11.490000 0.825509
11.500000 1.686637
11.510000 1.556376
11.520000 0.317899
11.530000 1.538647
11.540000 1.458609
11.550000 1.776850
11.560000 2.830547
11.570000 2.446340
11.580000 2.352116
11.590000 2.090311
11.600000 1.847556
11.610000 2.281273
11.620000 2.282641
11.630000 1.820730
11.640000 1.267231
11.650000 1.230206
11.660000 1.213715
11.670000 0.951870
11.680000 0.259649
11.690000 0.280325
11.700000 0.274693
11.710000 0.282818
11.720000 0.292953
11.730000 0.375006
11.740000 0.697138
11.750000 0.599013
11.760000 0.237433
11.770000 0.166371
11.780000 0.608241
11.790000 0.625247
11.800000 1.417076
11.810000 0.603247
11.820000 0.398579
11.830000 0.526117
11.840000 1.185465
11.850000 0.663144
11.860000 0.679783
11.870000 0.370993
11.880000 0.550741
11.890000 0.273129
11.900000 0.569377
11.910000 0.817393
11.920000 0.595526
11.930000 0.198377
11.940000 0.554776
11.950000 0.266164
11.960000 0.724396
11.970000 0.882855
11.980000 1.094234
11.990000 0.947372
12.000000 0.473415
12.010000 0.529869
12.020000 0.596685
12.030000 0.726453
12.040000 0.624511
12.050000 0.227020
12.060000 0.596907
12.070000 1.033242
12.080000 1.019622
12.090000 0.695569
12.100000 0.374850
12.110000 0.741225
12.120000 0.849036
12.130000 0.891173
12.140000 0.584860
12.150000 0.394422
12.160000 0.610441
12.170000 0.897114
12.180000 0.736801
12.190000 0.860190
12.200000 1.057952
12.210000 0.747685
12.220000 0.628664
12.230000 0.579197
12.240000 0.608948
12.250000 0.686487
12.260000 0.833099
12.270000 1.240479
12.280000 1.192027
12.290000 1.020461
12.300000 0.837383
12.310000 1.574988
12.320000 1.695292
12.330000 0.548521
12.340000 1.333695
12.350000 1.109319
12.360000 0.961282
12.370000 0.879413
12.380000 0.792147
12.390000 0.442110
12.400000 1.317865
12.410000 1.712916
12.420000 0.847305
12.430000 0.602359
12.440000 0.901335
12.450000 1.225715
12.460000 0.482272
12.470000 0.826364
12.480000 0.286118
12.490000 0.187069
12.500000 0.150018
12.510000 0.636299
12.520000 0.907974
12.530000 0.356087
12.540000 0.385417
12.550000 0.261840
12.560000 0.361079
12.570000 0.614562
12.580000 0.454422
12.590000 0.798729
12.600000 0.516286
12.610000 0.488721
12.620000 0.117540
12.630000 0.278042
12.640000 0.203681
12.650000 0.369458
12.660000 0.725826
12.670000 0.338690
12.680000 0.530723
12.690000 0.737099
12.700000 0.434560
12.710000 0.913614
12.720000 0.492992
12.730000 0.577964
12.740000 0.976113
12.750000 0.931500
12.760000 0.467815
12.770000 0.749433
12.780000 0.670451
12.790000 0.452395
12.800000 0.401208
12.810000 0.231283
12.820000 0.439903
12.830000 0.499056
12.840000 0.564406
12.850000 0.481094
12.860000 1.040491
12.870000 0.910679
12.880000 0.965292
12.890000 0.401757
12.900000 0.050610
12.910000 0.203964
12.920000 0.724267
12.930000 0.847215
12.940000 0.566735
12.950000 0.560825
12.960000 0.779551
12.970000 1.122013
12.980000 1.181315
12.990000 0.950350
13.000000 0.672485
13.010000 2.268048
13.020000 4.160984
13.030000 3.688597
13.040000 2.777709
13.050000 1.832474
13.060000 1.551151
13.070000 2.454900
13.080000 3.333729
13.090000 0.740266
13.100000 4.792166
13.110000 4.494258
13.120000 3.627294
13.130000 2.487864
13.140000 1.616372
13.150000 1.359035
13.160000 1.241700
13.170000 0.949517
13.180000 0.472081
13.190000 0.393233
13.200000 0.464933
13.210000 0.573719
13.220000 0.530866
13.230000 0.420699
13.240000 0.321038
13.250000 0.677065
13.260000 0.389986
13.270000 0.195588
13.280000 0.144800
13.290000 0.404946
13.300000 0.343344
13.310000 0.183477
13.320000 0.757491
13.330000 0.613650
13.340000 0.580342
13.350000 1.681245
13.360000 0.307899
13.370000 1.381053
13.380000 0.233312
13.390000 0.874498
13.400000 1.219647
13.410000 0.943092
13.420000 0.673180
13.430000 0.714011
13.440000 0.662243
13.450000 0.571758
13.460000 0.210553
13.470000 0.366923
13.480000 0.591414
13.490000 0.407927
13.500000 0.617586
13.510000 0.261023
13.520000 0.332907
13.530000 0.342120
13.540000 0.399314
13.550000 0.176613
13.560000 0.098659
13.570000 0.097928
13.580000 0.167549
13.590000 0.470381
13.600000 0.554005
13.610000 0.638331
13.620000 0.862462
13.630000 0.642859
13.640000 0.764175
13.650000 0.820781
13.660000 0.465941
13.670000 0.310761
13.680000 0.442642
13.690000 0.484931
13.700000 0.705117
13.710000 0.820636
13.720000 0.472635
13.730000 0.584561
13.740000 0.711614
13.750000 0.700789
13.760000 0.545863
13.770000 0.366604
13.780000 0.199765
13.790000 0.429999
13.800000 0.884304
13.810000 0.888199
13.820000 0.223504
13.830000 0.598901
13.840000 0.712645
13.850000 0.776753
13.860000 0.871269
13.870000 1.056645
13.880000 1.365024
13.890000 1.409709
13.900000 1.530993
13.910000 1.844717
13.920000 1.385274
13.930000 1.461583
13.940000 0.760511
13.950000 0.616806
13.960000 0.578343
13.970000 0.741155
13.980000 1.045532
13.990000 1.031232
14.000000 0.962014
14.010000 0.633368
14.020000 1.031084
14.030000 1.150949
14.040000 0.571234
14.050000 0.942757
14.060000 0.927353
14.070000 0.606385
14.080000 0.324854
14.090000 0.712867
14.100000 0.681741
14.110000 0.521428
14.120000 0.361974
14.130000 0.737212
14.140000 0.696481
14.150000 0.205166
14.160000 0.553716
14.170000 0.205506
14.180000 0.309594
14.190000 0.466960
14.200000 0.518368
14.210000 0.293847
14.220000 0.444110
14.230000 0.624009
14.240000 0.167446
14.250000 1.032092
14.260000 0.229832
14.270000 0.609524
14.280000 0.609680
14.290000 1.045154
14.300000 0.454284
14.310000 0.668999
14.320000 0.872772
14.330000 0.659058
14.340000 0.598835
14.350000 0.712987
14.360000 0.487307
14.370000 0.394903
14.380000 1.218863
14.390000 0.398450
14.400000 1.243577
14.410000 0.391144
14.420000 0.936148
14.430000 0.706650
14.440000 0.883387
14.450000 0.428894
14.460000 1.036595
14.470000 1.413738
14.480000 1.317455
14.490000 1.046657
14.500000 0.914612
14.510000 0.795864
14.520000 0.924683
14.530000 0.883356
14.540000 0.624339
14.550000 0.373302
14.560000 1.201844
14.570000 1.367367
14.580000 0.702039
14.590000 0.750136
14.600000 1.534855
14.610000 2.231712
14.620000 0.543024
14.630000 1.307625
14.640000 0.968638
14.650000 4.738627
14.660000 3.808508
14.670000 3.612933
14.680000 2.650832
14.690000 3.388881
14.700000 4.152071
14.710000 1.200662
14.720000 2.898036
14.730000 2.314856
14.740000 1.360790
14.750000 2.208374
14.760000 1.514049
14.770000 1.193162
14.780000 0.674037
14.790000 0.435011
14.800000 0.541142
14.810000 0.627028
14.820000 0.452500
14.830000 0.482077
14.840000 0.652833
14.850000 0.709954
14.860000 0.906961
14.870000 0.385356
14.880000 1.290552
14.890000 2.059032
14.900000 0.470414
14.910000 0.322439
14.920000 0.517335
14.930000 0.343345
14.940000 1.664041
14.950000 0.898959
14.960000 2.372680
14.970000 1.067160
14.980000 1.482133
14.990000 0.655902
15.000000 1.145058
15.010000 1.131885
15.020000 0.335061
15.030000 0.512688
15.040000 0.513737
15.050000 0.492341
15.060000 0.670866
15.070000 0.643121
15.080000 0.446746
15.090000 0.466259
15.100000 0.983385
15.110000 0.730479
15.120000 0.345626
15.130000 0.368215
15.140000 0.072577
15.150000 0.288794
15.160000 0.315849
15.170000 0.319899
15.180000 0.232430
15.190000 0.340322
15.200000 0.533875
15.210000 0.731580
15.220000 0.823315
15.230000 0.795329
15.240000 0.651672
15.250000 0.524550
15.260000 0.537062
15.270000 0.648207
15.280000 0.885695
15.290000 1.057022
15.300000 0.664598
15.310000 0.240376
15.320000 0.550716
15.330000 1.048408
15.340000 1.463346
15.350000 1.689012
15.360000 1.595863
15.370000 0.913405
15.380000 0.851843
15.390000 1.639098
15.400000 2.251899
15.410000 2.149903
15.420000 1.488296
15.430000 1.015118
15.440000 0.214767
15.450000 0.343398
15.460000 0.757127
15.470000 0.544502
15.480000 0.234497
15.490000 0.253122
15.500000 0.451454
15.510000 0.805330
15.520000 0.761429
15.530000 0.476362
15.540000 0.860756
15.550000 0.926403
15.560000 0.599253
15.570000 0.336233
15.580000 0.319576
15.590000 0.187273
15.600000 0.538377
15.610000 0.543120
15.620000 1.341789
15.630000 0.512192
15.640000 0.613609
15.650000 0.182598
15.660000 0.916210
15.670000 0.781419
15.680000 2.821330
15.690000 1.126709
15.700000 1.026300
15.710000 0.534440
15.720000 1.195181
15.730000 0.637306
15.740000 0.215743
15.750000 0.663379
15.760000 0.410256
15.770000 0.505383
15.780000 0.453152
15.790000 0.231883
15.800000 0.428546
15.810000 0.160522
15.820000 0.428393
15.830000 0.408568
15.840000 0.488758
15.850000 0.359780
15.860000 0.380033
15.870000 0.358072
15.880000 0.137990
15.890000 0.215078
15.900000 0.692897
15.910000 0.798307
15.920000 0.750110
15.930000 0.391598
15.940000 0.463228
15.950000 0.583226
15.960000 0.561989
15.970000 0.358810
15.980000 0.449495
15.990000 0.749603
16.000000 1.006118
16.010000 1.029901
16.020000 1.161119
16.030000 1.311182
16.040000 0.988387
16.050000 0.716216
16.060000 0.500677
16.070000 0.524840
16.080000 0.820052
16.090000 1.017320
16.100000 1.406331
16.110000 1.745924
16.120000 1.482388
16.130000 1.562028
16.140000 2.155697
16.150000 2.135592
16.160000 1.920955
16.170000 1.363616
16.180000 0.996474
16.190000 1.250002
16.200000 1.298881
16.210000 0.615169
16.220000 1.253936
16.230000 1.438280
16.240000 2.194581
16.250000 2.508998
16.260000 1.922410
16.270000 1.031443
16.280000 0.993018
16.290000 0.694480
16.300000 1.227669
16.310000 0.526981
16.320000 0.447404
16.330000 0.544103
16.340000 0.452141
16.350000 0.580056
16.360000 0.238872
16.370000 0.341207
16.380000 0.295968
16.390000 0.221194
16.400000 0.297320
16.410000 0.599827
16.420000 0.226403
16.430000 1.755210
16.440000 0.848629
16.450000 0.961762
16.460000 1.112002
16.470000 1.195247
16.480000 0.399406
16.490000 0.651789
16.500000 2.368634
16.510000 1.162977
16.520000 0.930311
16.530000 0.779783
16.540000 0.816990
16.550000 0.968918
16.560000 0.697613
16.570000 0.778389
16.580000 0.799382
16.590000 0.897876
16.600000 0.582645
16.610000 0.278268
16.620000 0.493497
16.630000 0.770056
16.640000 0.744125
16.650000 0.455550
16.660000 0.196424
16.670000 0.986102
16.680000 0.565869
16.690000 0.233119
16.700000 0.639072
16.710000 1.017094
16.720000 0.668368
16.730000 0.399638
16.740000 0.908658
16.750000 1.270375
16.760000 0.671941
16.770000 0.529555
16.780000 0.812449
16.790000 0.769173
16.800000 0.542507
16.810000 0.686692
16.820000 1.619970
16.830000 1.663794
16.840000 0.650350
16.850000 0.427535
16.860000 1.439926
16.870000 1.583207
16.880000 1.192038
16.890000 0.865249
16.900000 1.878271
16.910000 1.094315
16.920000 1.838775
16.930000 2.360414
16.940000 2.356697
16.950000 2.475970
16.960000 1.971106
16.970000 1.817352
16.980000 1.982642
16.990000 1.954897
17.000000 0.874071
17.010000 0.749580
17.020000 0.730515
17.030000 0.947568
17.040000 0.360258
17.050000 0.341643
17.060000 1.259804
17.070000 1.436620
17.080000 0.811547
17.090000 0.323761
17.100000 0.331529
17.110000 0.046111
17.120000 0.166093
17.130000 0.384635
17.140000 0.209809
17.150000 0.161907
17.160000 0.691906
17.170000 0.969936
17.180000 0.468653
17.190000 0.388112
17.200000 0.366080
17.210000 0.699112
17.220000 0.634617
17.230000 0.635144
17.240000 0.451249
17.250000 0.451299
17.260000 0.407890
17.270000 0.342712
17.280000 0.147815
17.290000 0.317543
17.300000 0.387636
17.310000 0.530442
17.320000 0.349117
17.330000 0.577869
17.340000 0.919927
17.350000 0.918263
17.360000 0.485962
17.370000 0.437904
17.380000 0.351003
17.390000 1.154995
17.400000 1.296365
17.410000 0.966650
17.420000 0.258291
17.430000 0.491323
17.440000 0.546517
17.450000 0.420513
17.460000 0.318795
17.470000 0.827807
17.480000 1.275159
17.490000 1.324579
17.500000 1.040027
17.510000 0.754894
17.520000 0.716663
17.530000 0.847117
17.540000 0.877027
17.550000 0.906579
17.560000 0.944478
17.570000 0.995950
17.580000 1.090787
17.590000 1.230589
17.600000 1.429523
17.610000 1.684929
17.620000 1.950429
17.630000 1.533206
17.640000 1.042721
17.650000 0.609692
17.660000 0.247275
17.670000 0.309664
17.680000 0.649679
17.690000 0.954103
17.700000 1.195611
17.710000 1.339541
17.720000 1.498865
17.730000 1.642257
17.740000 1.897190
17.750000 1.689648
17.760000 1.240238
17.770000 1.178955
17.780000 1.721348
17.790000 1.573303
17.800000 1.596667
17.810000 0.926791
17.820000 1.296749
17.830000 1.805045
17.840000 1.562394
17.850000 1.519274
17.860000 0.762990
17.870000 0.646303
17.880000 0.981706
17.890000 0.378485
17.900000 1.099815
17.910000 1.137498
17.920000 0.589574
17.930000 0.178953
17.940000 0.423974
17.950000 0.669333
17.960000 0.331122
17.970000 0.539071
17.980000 0.566403
17.990000 0.646330
18.000000 0.454983
18.010000 0.146585
18.020000 0.380804
18.030000 0.379681
18.040000 0.394550
18.050000 0.317144
18.060000 0.469890
18.070000 0.817110
18.080000 0.635175
18.090000 0.576113
18.100000 1.536172
18.110000 0.800623
18.120000 0.682545
18.130000 0.640729
18.140000 1.117341
18.150000 0.378531
18.160000 0.380344
18.170000 0.709561
18.180000 1.264329
18.190000 0.392007
18.200000 0.758581
18.210000 0.686656
18.220000 0.274423
18.230000 0.979634
18.240000 0.406487
18.250000 1.426622
18.260000 0.507018
18.270000 1.218428
18.280000 0.771722
18.290000 0.581496
18.300000 0.421635
18.310000 1.026302
18.320000 1.548263
18.330000 1.583378
18.340000 1.450859
18.350000 1.521303
18.360000 1.225087
18.370000 0.994195
18.380000 1.097250
18.390000 1.119391
18.400000 0.913098
18.410000 0.557595
18.420000 0.563733
18.430000 0.776854
18.440000 1.319430
18.450000 0.764694
18.460000 1.823079
18.470000 3.538767
18.480000 1.580952
18.490000 4.421370
18.500000 3.624249
18.510000 4.973648
18.520000 3.956297
18.530000 4.490774
18.540000 5.360054
18.550000 1.977742
18.560000 2.170563
18.570000 1.589105
18.580000 1.218264
18.590000 1.696873
18.600000 1.842927
18.610000 1.086596
18.620000 0.701772
18.630000 0.568359
18.640000 0.667035
18.650000 0.599463
18.660000 0.596456
18.670000 0.594269
18.680000 0.595546
18.690000 0.575438
18.700000 0.872436
18.710000 1.423548
18.720000 1.857580
18.730000 0.647716
18.740000 0.399337
18.750000 0.547931
18.760000 0.476479
18.770000 1.404984
18.780000 1.755081
18.790000 1.252410
18.800000 1.352300
18.810000 0.578151
18.820000 0.961867
18.830000 0.679760
18.840000 1.021245
18.850000 0.960508
18.860000 0.135918
18.870000 0.459519
18.880000 0.489747
18.890000 0.551614
18.900000 0.578568
18.910000 0.828206
18.920000 0.685356
18.930000 0.725388
18.940000 1.124998
18.950000 0.849286
18.960000 0.534022
18.970000 0.320810
18.980000 0.223002
18.990000 0.327990
19.000000 0.555138
19.010000 0.673857
19.020000 0.808797
19.030000 0.673067
19.040000 0.290868
19.050000 0.678155
19.060000 1.149863
19.070000 1.490026
19.080000 1.501080
19.090000 1.405080
19.100000 1.070201
19.110000 0.850714
19.120000 0.725441
19.130000 0.505060
19.140000 0.540929
19.150000 0.966775
19.160000 1.560491
19.170000 2.137811
19.180000 1.966297
19.190000 1.188256
19.200000 1.851053
19.210000 2.571691
19.220000 2.210211
19.230000 3.023050
19.240000 2.637827
19.250000 2.794920
19.260000 1.813173
19.270000 1.477070
19.280000 1.382927
19.290000 0.964248
19.300000 0.522659
19.310000 0.644113
19.320000 1.056055
19.330000 1.239915
19.340000 1.096340
19.350000 1.006246
19.360000 0.844390
19.370000 0.743128
19.380000 0.692072
19.390000 1.026456
19.400000 1.352929
19.410000 0.200833
19.420000 1.379913
19.430000 1.298923
19.440000 1.014290
19.450000 0.290929
19.460000 0.662509
19.470000 1.050691
19.480000 1.145613
19.490000 2.480952
19.500000 0.745511
19.510000 1.426982
19.520000 0.597615
19.530000 0.795213
19.540000 1.049973
19.550000 0.414469
19.560000 0.520530
19.570000 0.570357
19.580000 0.719518
19.590000 0.262671
19.600000 0.379430
19.610000 0.300006
19.620000 0.150270
19.630000 0.748471
19.640000 0.769476
19.650000 0.709464
19.660000 0.520315
19.670000 0.116242
19.680000 0.393799
19.690000 0.566940
19.700000 0.427824
19.710000 0.385996
19.720000 0.349177
19.730000 0.389306
19.740000 0.636005
19.750000 0.884024
19.760000 0.861864
19.770000 0.737782
19.780000 0.528362
19.790000 0.376283
19.800000 0.330706
19.810000 0.488680
19.820000 0.808953
19.830000 1.133959
19.840000 0.900926
19.850000 0.757744
19.860000 0.247875
19.870000 0.373303
19.880000 1.047623
19.890000 1.564299
19.900000 1.533649
19.910000 1.183126
19.920000 0.492594
19.930000 0.641657
19.940000 1.013008
19.950000 1.682004
19.960000 0.828255
19.970000 0.391639
19.980000 0.658398
19.990000 0.891567
