0.000000 0.166044
0.010000 0.120971
0.020000 0.063630
0.030000 0.061515
0.040000 0.076106
0.050000 0.108356
0.060000 0.138753
0.070000 0.172609
0.080000 0.187523
0.090000 0.181517
0.100000 0.179682
0.110000 0.168332
0.120000 0.141905
0.130000 0.114052
0.140000 0.091743
0.150000 0.082226
0.160000 0.078084
0.170000 0.061957
0.180000 0.066459
0.190000 0.074687
0.200000 0.076136
0.210000 0.102425
0.220000 0.128945
0.230000 0.141566
0.240000 0.168113
0.250000 0.177376
0.260000 0.179682
0.270000 0.179486
0.280000 0.181555
0.290000 0.183405
0.300000 0.182492
0.310000 0.181993
0.320000 0.182208
0.330000 0.189778
0.340000 0.200579
0.350000 0.221992
0.360000 0.252214
0.370000 0.254764
0.380000 0.215322
0.390000 0.180228
0.400000 0.159128
0.410000 0.148591
0.420000 0.135893
0.430000 0.115212
0.440000 0.112847
0.450000 0.139837
0.460000 0.162718
0.470000 0.186226
0.480000 0.187613
0.490000 0.188811
0.500000 0.191481
0.510000 0.213161
0.520000 0.246742
0.530000 0.280413
0.540000 0.300157
0.550000 0.279348
0.560000 0.235543
0.570000 0.211378
0.580000 0.200926
0.590000 0.200187
0.600000 0.180465
0.610000 0.132493
0.620000 0.077194
0.630000 0.061125
0.640000 0.113517
0.650000 0.171411
0.660000 0.210698
0.670000 0.232423
0.680000 0.250564
0.690000 0.227102
0.700000 0.212291
0.710000 0.180773
0.720000 0.150978
0.730000 0.110218
0.740000 0.053639
0.750000 0.085912
0.760000 0.113249
0.770000 0.132658
0.780000 0.142243
0.790000 0.140676
0.800000 0.124334
0.810000 0.118965
0.820000 0.132442
0.830000 0.130281
0.840000 0.119821
0.850000 0.120851
0.860000 0.126528
0.870000 0.108802
0.880000 0.101921
0.890000 0.121643
0.900000 0.118999
0.910000 0.113040
0.920000 0.126548
0.930000 0.146573
0.940000 0.162623
0.950000 0.175337
0.960000 0.160355
0.970000 0.153341
0.980000 0.118797
0.990000 0.098697
1.000000 0.098590
1.010000 0.114189
1.020000 0.140730
1.030000 0.174638
1.040000 0.196967
1.050000 0.181318
1.060000 0.127997
1.070000 0.090654
1.080000 0.100196
1.090000 0.125816
1.100000 0.144575
1.110000 0.131187
1.120000 0.122496
1.130000 0.102669
1.140000 0.068193
1.150000 0.060700
1.160000 0.071768
1.170000 0.088134
1.180000 0.131963
1.190000 0.155818
1.200000 0.158000
1.210000 0.139918
1.220000 0.136102
1.230000 0.155590
1.240000 0.128172
1.250000 0.106594
1.260000 0.133061
1.270000 0.165297
1.280000 0.167146
1.290000 0.183103
1.300000 0.210258
1.310000 0.210354
1.320000 0.209356
1.330000 0.219309
1.340000 0.216630
1.350000 0.205545
1.360000 0.213658
1.370000 0.215785
1.380000 0.206347
1.390000 0.197477
1.400000 0.194998
1.410000 0.183491
1.420000 0.155658
1.430000 0.134180
1.440000 0.117168
1.450000 0.099861
1.460000 0.092766
1.470000 0.087176
1.480000 0.068278
1.490000 0.063097
1.500000 0.057815
1.510000 0.073996
1.520000 0.074497
1.530000 0.072975
1.540000 0.078092
1.550000 0.088626
1.560000 0.099333
1.570000 0.105490
1.580000 0.102712
1.590000 0.083561
1.600000 0.077051
1.610000 0.080018
1.620000 0.088005
1.630000 0.092593
1.640000 0.093746
1.650000 0.085459
1.660000 0.075330
1.670000 0.079116
1.680000 0.085796
1.690000 0.107694
1.700000 0.137146
1.710000 0.174596
1.720000 0.214047
1.730000 0.253679
1.740000 0.267575
1.750000 0.269616
1.760000 0.232365
1.770000 0.186295
1.780000 0.143789
1.790000 0.107374
1.800000 0.081029
1.810000 0.062953
1.820000 0.057529
1.830000 0.069083
1.840000 0.084565
1.850000 0.086997
1.860000 0.095967
1.870000 0.111376
1.880000 0.123388
1.890000 0.138642
1.900000 0.156659
1.910000 0.178899
1.920000 0.190722
1.930000 0.208874
1.940000 0.183057
1.950000 0.155299
1.960000 0.118519
1.970000 0.086369
1.980000 0.060811
1.990000 0.089577
2.000000 0.143819
2.010000 0.195515
2.020000 0.234179
2.030000 0.260182
2.040000 0.256242
2.050000 0.227824
2.060000 0.197001
2.070000 0.187483
2.080000 0.177519
2.090000 0.189024
2.100000 0.209727
2.110000 0.224539
2.120000 0.235170
2.130000 0.233160
2.140000 0.233382
2.150000 0.219084
2.160000 0.196992
2.170000 0.178197
2.180000 0.170063
2.190000 0.169326
2.200000 0.183898
2.210000 0.198647
2.220000 0.190032
2.230000 0.172694
2.240000 0.139594
2.250000 0.120962
2.260000 0.126901
2.270000 0.152689
2.280000 0.185770
2.290000 0.201208
2.300000 0.214377
2.310000 0.186148
2.320000 0.186299
2.330000 0.162321
2.340000 0.142549
2.350000 0.131382
2.360000 0.128259
2.370000 0.117014
2.380000 0.104526
2.390000 0.082757
2.400000 0.103865
2.410000 0.170125
2.420000 0.168116
2.430000 0.154004
2.440000 0.123421
2.450000 0.111098
2.460000 0.110263
2.470000 0.108188
2.480000 0.122527
2.490000 0.148018
2.500000 0.177635
2.510000 0.190467
2.520000 0.208112
2.530000 0.222637
2.540000 0.240085
2.550000 0.262576
2.560000 0.278450
2.570000 0.296823
2.580000 0.311512
2.590000 0.305815
2.600000 0.284460
2.610000 0.235605
2.620000 0.212548
2.630000 0.194428
2.640000 0.171709
2.650000 0.145360
2.660000 0.134473
2.670000 0.132853
2.680000 0.147732
2.690000 0.142398
2.700000 0.113740
2.710000 0.118366
2.720000 0.132877
2.730000 0.141371
2.740000 0.154622
2.750000 0.189721
2.760000 0.185952
2.770000 0.198913
2.780000 0.204635
2.790000 0.196214
2.800000 0.186092
2.810000 0.158985
2.820000 0.137781
2.830000 0.148356
2.840000 0.158497
2.850000 0.161634
2.860000 0.159026
2.870000 0.158412
2.880000 0.168077
2.890000 0.157857
2.900000 0.147438
2.910000 0.146273
2.920000 0.150899
2.930000 0.161415
2.940000 0.156943
2.950000 0.151567
2.960000 0.158977
2.970000 0.164804
2.980000 0.166652
2.990000 0.169040
3.000000 0.153207
3.010000 0.154036
3.020000 0.155702
3.030000 0.156691
3.040000 0.145212
3.050000 0.142764
3.060000 0.145750
3.070000 0.129494
3.080000 0.106960
3.090000 0.088984
3.100000 0.111295
3.110000 0.157368
3.120000 0.190279
3.130000 0.198414
3.140000 0.215494
3.150000 0.202765
3.160000 0.140074
3.170000 0.099043
3.180000 0.103794
3.190000 0.119016
3.200000 0.134008
3.210000 0.161184
3.220000 0.179126
3.230000 0.181320
3.240000 0.148839
3.250000 0.124816
3.260000 0.088929
3.270000 0.056059
3.280000 0.025330
3.290000 0.030299
3.300000 0.061337
3.310000 0.095021
3.320000 0.124987
3.330000 0.124986
3.340000 0.117605
3.350000 0.115169
3.360000 0.114204
3.370000 0.119038
3.380000 0.141497
3.390000 0.170138
3.400000 0.192317
3.410000 0.152870
3.420000 0.111653
3.430000 0.085234
3.440000 0.047376
3.450000 0.078740
3.460000 0.159201
3.470000 0.205863
3.480000 0.212271
3.490000 0.171499
3.500000 0.131043
3.510000 0.093579
3.520000 0.084456
3.530000 0.087488
3.540000 0.101462
3.550000 0.130695
3.560000 0.176507
3.570000 0.211558
3.580000 0.238221
3.590000 0.236695
3.600000 0.198455
3.610000 0.183986
3.620000 0.204391
3.630000 0.213523
3.640000 0.206821
3.650000 0.187238
3.660000 0.180184
3.670000 0.182093
3.680000 0.180599
3.690000 0.184746
3.700000 0.196914
3.710000 0.204783
3.720000 0.247616
3.730000 0.251356
3.740000 0.241524
3.750000 0.230063
3.760000 0.212848
3.770000 0.185654
3.780000 0.138608
3.790000 0.155110
3.800000 0.155068
3.810000 0.167811
3.820000 0.158721
3.830000 0.127143
3.840000 0.125374
3.850000 0.139882
3.860000 0.136736
3.870000 0.122775
3.880000 0.129862
3.890000 0.147249
3.900000 0.189164
3.910000 0.203473
3.920000 0.184951
3.930000 0.169316
3.940000 0.164799
3.950000 0.155201
3.960000 0.145941
3.970000 0.135725
3.980000 0.119379
3.990000 0.074657
4.000000 0.063773
4.010000 0.084472
4.020000 0.078487
4.030000 0.048133
4.040000 0.036114
4.050000 0.067538
4.060000 0.087681
4.070000 0.107952
4.080000 0.112642
4.090000 0.104277
4.100000 0.088988
4.110000 0.054262
4.120000 0.022870
4.130000 0.035508
4.140000 0.050326
4.150000 0.068180
4.160000 0.053420
4.170000 0.026728
4.180000 0.025662
4.190000 0.035703
4.200000 0.109628
4.210000 0.164319
4.220000 0.191717
4.230000 0.213878
4.240000 0.203217
4.250000 0.168308
4.260000 0.133512
4.270000 0.120388
4.280000 0.132322
4.290000 0.148940
4.300000 0.166291
4.310000 0.162907
4.320000 0.164809
4.330000 0.174003
4.340000 0.153651
4.350000 0.133710
4.360000 0.115249
4.370000 0.064627
4.380000 0.063787
4.390000 0.077651
4.400000 0.087215
4.410000 0.081724
4.420000 0.067839
4.430000 0.052887
4.440000 0.048208
4.450000 0.065629
4.460000 0.073795
4.470000 0.083936
4.480000 0.096599
4.490000 0.131940
4.500000 0.156824
4.510000 0.134817
4.520000 0.110976
4.530000 0.072144
4.540000 0.068815
4.550000 0.121618
4.560000 0.134992
4.570000 0.147949
4.580000 0.148453
4.590000 0.105630
4.600000 0.091454
4.610000 0.087699
4.620000 0.078057
4.630000 0.086241
4.640000 0.093773
4.650000 0.100876
4.660000 0.124476
4.670000 0.149241
4.680000 0.173711
4.690000 0.141050
4.700000 0.108673
4.710000 0.105571
4.720000 0.118088
4.730000 0.147037
4.740000 0.180469
4.750000 0.176490
4.760000 0.169448
4.770000 0.174412
4.780000 0.189772
4.790000 0.189387
4.800000 0.156750
4.810000 0.147605
4.820000 0.153264
4.830000 0.163306
4.840000 0.185228
4.850000 0.155830
4.860000 0.122031
4.870000 0.105947
4.880000 0.112066
4.890000 0.141734
4.900000 0.135995
4.910000 0.100380
4.920000 0.086499
4.930000 0.102978
4.940000 0.125077
4.950000 0.143365
4.960000 0.147455
4.970000 0.148974
4.980000 0.151107
4.990000 0.158140
5.000000 0.160732
5.010000 0.164591
5.020000 0.160975
5.030000 0.144670
5.040000 0.104363
5.050000 0.083685
5.060000 0.079477
5.070000 0.084121
5.080000 0.069690
5.090000 0.086489
5.100000 0.096894
5.110000 0.099362
5.120000 0.107647
5.130000 0.032932
5.140000 0.041802
5.150000 0.111689
5.160000 0.144255
5.170000 0.148071
5.180000 0.137986
5.190000 0.126169
5.200000 0.112446
5.210000 0.094665
5.220000 0.125112
5.230000 0.116074
5.240000 0.107772
5.250000 0.100200
5.260000 0.102031
5.270000 0.111841
5.280000 0.128917
5.290000 0.159123
5.300000 0.193585
5.310000 0.224619
5.320000 0.272748
5.330000 0.301679
5.340000 0.289158
5.350000 0.228601
5.360000 0.164377
5.370000 0.128118
5.380000 0.103435
5.390000 0.071488
5.400000 0.050557
5.410000 0.063257
5.420000 0.159519
5.430000 0.260457
5.440000 0.312427
5.450000 0.279274
5.460000 0.226779
5.470000 0.202325
5.480000 0.213679
5.490000 0.206142
5.500000 0.183785
5.510000 0.133404
5.520000 0.052102
5.530000 0.043542
5.540000 0.081662
5.550000 0.083551
5.560000 0.033633
5.570000 0.053857
5.580000 0.094313
5.590000 0.143748
5.600000 0.153566
5.610000 0.123682
5.620000 0.109806
5.630000 0.127272
5.640000 0.157006
5.650000 0.182344
5.660000 0.188902
5.670000 0.197367
5.680000 0.215894
5.690000 0.258421
5.700000 0.288917
5.710000 0.300149
5.720000 0.293477
5.730000 0.296676
5.740000 0.263761
5.750000 0.230637
5.760000 0.193841
5.770000 0.144452
5.780000 0.104579
5.790000 0.060389
5.800000 0.041198
5.810000 0.015967
5.820000 0.020472
5.830000 0.059209
5.840000 0.062574
5.850000 0.078477
5.860000 0.094518
5.870000 0.111251
5.880000 0.146411
5.890000 0.151037
5.900000 0.150272
5.910000 0.156242
5.920000 0.160378
5.930000 0.167534
5.940000 0.175742
5.950000 0.177612
5.960000 0.183117
5.970000 0.167902
5.980000 0.133308
5.990000 0.114147
6.000000 0.078646
6.010000 0.047949
6.020000 0.020179
6.030000 0.033249
6.040000 0.072242
6.050000 0.094992
6.060000 0.111696
6.070000 0.116941
6.080000 0.106352
6.090000 0.088711
6.100000 0.072587
6.110000 0.078167
6.120000 0.089375
6.130000 0.073681
6.140000 0.070293
6.150000 0.078733
6.160000 0.086831
6.170000 0.093287
6.180000 0.091549
6.190000 0.109456
6.200000 0.133727
6.210000 0.158937
6.220000 0.170323
6.230000 0.163455
6.240000 0.133569
6.250000 0.107709
6.260000 0.085309
6.270000 0.054451
6.280000 0.054179
6.290000 0.044659
6.300000 0.042876
6.310000 0.037815
6.320000 0.060138
6.330000 0.093877
6.340000 0.104163
6.350000 0.117951
6.360000 0.119603
6.370000 0.117041
6.380000 0.104557
6.390000 0.099269
6.400000 0.095319
6.410000 0.084380
6.420000 0.055344
6.430000 0.074475
6.440000 0.087442
6.450000 0.075572
6.460000 0.075850
6.470000 0.092724
6.480000 0.102098
6.490000 0.106977
6.500000 0.111164
6.510000 0.096768
6.520000 0.085546
6.530000 0.089137
6.540000 0.089833
6.550000 0.083633
6.560000 0.097304
6.570000 0.111026
6.580000 0.106389
6.590000 0.097433
6.600000 0.075974
6.610000 0.070197
6.620000 0.069565
6.630000 0.067345
6.640000 0.079058
6.650000 0.090026
6.660000 0.082361
6.670000 0.075905
6.680000 0.081520
6.690000 0.085078
6.700000 0.079257
6.710000 0.070937
6.720000 0.053980
6.730000 0.052472
6.740000 0.059639
6.750000 0.071552
6.760000 0.085079
6.770000 0.081805
6.780000 0.077605
6.790000 0.024161
6.800000 0.069157
6.810000 0.116763
6.820000 0.111587
6.830000 0.094294
6.840000 0.078363
6.850000 0.094890
6.860000 0.053717
6.870000 0.033086
6.880000 0.032206
6.890000 0.029324
6.900000 0.023720
6.910000 0.020935
6.920000 0.032661
6.930000 0.040496
6.940000 0.037804
6.950000 0.046191
6.960000 0.060441
6.970000 0.076548
6.980000 0.087545
6.990000 0.096234
7.000000 0.064691
7.010000 0.062833
7.020000 0.060559
7.030000 0.061584
7.040000 0.067588
7.050000 0.071654
7.060000 0.075604
7.070000 0.072150
7.080000 0.075903
7.090000 0.076123
7.100000 0.096834
7.110000 0.108711
7.120000 0.094546
7.130000 0.070365
7.140000 0.062013
7.150000 0.070803
7.160000 0.084642
7.170000 0.087741
7.180000 0.082355
7.190000 0.035121
7.200000 0.025501
7.210000 0.044041
7.220000 0.058699
7.230000 0.062612
7.240000 0.054024
7.250000 0.054805
7.260000 0.098557
7.270000 0.123503
7.280000 0.107687
7.290000 0.105629
7.300000 0.074712
7.310000 0.047607
7.320000 0.060098
7.330000 0.078787
7.340000 0.072558
7.350000 0.061278
7.360000 0.052014
7.370000 0.052839
7.380000 0.052980
7.390000 0.038666
7.400000 0.041524
7.410000 0.051442
7.420000 0.054467
7.430000 0.067760
7.440000 0.063657
7.450000 0.048576
7.460000 0.043547
7.470000 0.035955
7.480000 0.033270
7.490000 0.055783
7.500000 0.105431
7.510000 0.124908
7.520000 0.121120
7.530000 0.113932
7.540000 0.105477
7.550000 0.104750
7.560000 0.090127
7.570000 0.079101
7.580000 0.132561
7.590000 0.126375
7.600000 0.116106
7.610000 0.117757
7.620000 0.094557
7.630000 0.065700
7.640000 0.059707
7.650000 0.063387
7.660000 0.051433
7.670000 0.041776
7.680000 0.032974
7.690000 0.023829
7.700000 0.045546
7.710000 0.058095
7.720000 0.038838
7.730000 0.032647
7.740000 0.028051
7.750000 0.027685
7.760000 0.033395
7.770000 0.049586
7.780000 0.068969
7.790000 0.064028
7.800000 0.052576
7.810000 0.038583
7.820000 0.027427
7.830000 0.043765
7.840000 0.058986
7.850000 0.054644
7.860000 0.050434
7.870000 0.050408
7.880000 0.058746
7.890000 0.060988
7.900000 0.065692
7.910000 0.043202
7.920000 0.027336
7.930000 0.038998
7.940000 0.070105
7.950000 0.071974
7.960000 0.054232
7.970000 0.039053
7.980000 0.035175
7.990000 0.038677
8.000000 0.041627
8.010000 0.054957
8.020000 0.080132
8.030000 0.093680
8.040000 0.087308
8.050000 0.086483
8.060000 0.076805
8.070000 0.059169
8.080000 0.040783
8.090000 0.032538
8.100000 0.041751
8.110000 0.052347
8.120000 0.062021
8.130000 0.071717
8.140000 0.073178
8.150000 0.079495
8.160000 0.098296
8.170000 0.088100
8.180000 0.067482
8.190000 0.060764
8.200000 0.053910
8.210000 0.036943
8.220000 0.055908
8.230000 0.077080
8.240000 0.075767
8.250000 0.069994
8.260000 0.070908
8.270000 0.066830
8.280000 0.066994
8.290000 0.059835
8.300000 0.056255
8.310000 0.058076
8.320000 0.054266
8.330000 0.060545
8.340000 0.063726
8.350000 0.041037
8.360000 0.040200
8.370000 0.084271
8.380000 0.110863
8.390000 0.110047
8.400000 0.091356
8.410000 0.071583
8.420000 0.048177
8.430000 0.038203
8.440000 0.036329
8.450000 0.039352
8.460000 0.047360
8.470000 0.064518
8.480000 0.069070
8.490000 0.059529
8.500000 0.065160
8.510000 0.083332
8.520000 0.096587
8.530000 0.101105
8.540000 0.080387
8.550000 0.078955
8.560000 0.077692
8.570000 0.086829
8.580000 0.072769
8.590000 0.038123
8.600000 0.062328
8.610000 0.103083
8.620000 0.104606
8.630000 0.113507
8.640000 0.094457
8.650000 0.066134
8.660000 0.038948
8.670000 0.031525
8.680000 0.048396
8.690000 0.072982
8.700000 0.086352
8.710000 0.071829
8.720000 0.060503
8.730000 0.074124
8.740000 0.087351
8.750000 0.128365
8.760000 0.156371
8.770000 0.163337
8.780000 0.166570
8.790000 0.128976
8.800000 0.091699
8.810000 0.067856
8.820000 0.047780
8.830000 0.035988
8.840000 0.027994
8.850000 0.033273
8.860000 0.035303
8.870000 0.025858
8.880000 0.042945
8.890000 0.089224
8.900000 0.110058
8.910000 0.135622
8.920000 0.129994
8.930000 0.119327
8.940000 0.087867
8.950000 0.053416
8.960000 0.034167
8.970000 0.028625
8.980000 0.042409
8.990000 0.067916
9.000000 0.084505
9.010000 0.064643
9.020000 0.047384
9.030000 0.037660
9.040000 0.034449
9.050000 0.046398
9.060000 0.055086
9.070000 0.061690
9.080000 0.063292
9.090000 0.069406
9.100000 0.068942
9.110000 0.070140
9.120000 0.080747
9.130000 0.080752
9.140000 0.076028
9.150000 0.094381
9.160000 0.106454
9.170000 0.072376
9.180000 0.028669
9.190000 0.034257
9.200000 0.087556
9.210000 0.101589
9.220000 0.083838
9.230000 0.060067
9.240000 0.029290
9.250000 0.018121
9.260000 0.027592
9.270000 0.034159
9.280000 0.029895
9.290000 0.031344
9.300000 0.037239
9.310000 0.039449
9.320000 0.042352
9.330000 0.023053
9.340000 0.024156
9.350000 0.053195
9.360000 0.067998
9.370000 0.062919
9.380000 0.060503
9.390000 0.063266
9.400000 0.046001
9.410000 0.034067
9.420000 0.030232
9.430000 0.034917
9.440000 0.048418
9.450000 0.063195
9.460000 0.059094
9.470000 0.067374
9.480000 0.059631
9.490000 0.029546
9.500000 0.020625
9.510000 0.026037
9.520000 0.033690
9.530000 0.049205
9.540000 0.080479
9.550000 0.088421
9.560000 0.096123
9.570000 0.121432
9.580000 0.128117
9.590000 0.090750
9.600000 0.072085
9.610000 0.069246
9.620000 0.063105
9.630000 0.059697
9.640000 0.066580
9.650000 0.093482
9.660000 0.116449
9.670000 0.149490
9.680000 0.134040
9.690000 0.100351
9.700000 0.061294
9.710000 0.050045
9.720000 0.046972
9.730000 0.056899
9.740000 0.074233
9.750000 0.097218
9.760000 0.127700
9.770000 0.152252
9.780000 0.175497
9.790000 0.148601
9.800000 0.105561
9.810000 0.058757
9.820000 0.056989
9.830000 0.047540
9.840000 0.038659
9.850000 0.055862
9.860000 0.058614
9.870000 0.086890
9.880000 0.143617
9.890000 0.147050
9.900000 0.118312
9.910000 0.105527
9.920000 0.103315
9.930000 0.114070
9.940000 0.113515
9.950000 0.076026
9.960000 0.054899
9.970000 0.073313
9.980000 0.072935
9.990000 0.046791
10.000000 0.023093
10.010000 0.033438
10.020000 0.030203
10.030000 0.037408
10.040000 0.053967
10.050000 0.046210
10.060000 0.044062
10.070000 0.084603
10.080000 0.072607
10.090000 0.062960
10.100000 0.057441
10.110000 0.058676
10.120000 0.079923
10.130000 0.089652
10.140000 0.090338
10.150000 0.074122
10.160000 0.068983
10.170000 0.079479
10.180000 0.120284
10.190000 0.120039
10.200000 0.119518
10.210000 0.090780
10.220000 0.075269
10.230000 0.058878
10.240000 0.070811
10.250000 0.069182
10.260000 0.037309
10.270000 0.035922
10.280000 0.012235
10.290000 0.013471
10.300000 0.037067
10.310000 0.039082
10.320000 0.058042
10.330000 0.055477
10.340000 0.073924
10.350000 0.071319
10.360000 0.050706
10.370000 0.049632
10.380000 0.083900
10.390000 0.067436
10.400000 0.029694
10.410000 0.059796
10.420000 0.091802
10.430000 0.128954
10.440000 0.118205
10.450000 0.098471
10.460000 0.073884
10.470000 0.091003
10.480000 0.081651
10.490000 0.065987
10.500000 0.089760
10.510000 0.101911
10.520000 0.087587
10.530000 0.081141
10.540000 0.090824
10.550000 0.106440
10.560000 0.085269
10.570000 0.058234
10.580000 0.052500
10.590000 0.032978
10.600000 0.042919
10.610000 0.041252
10.620000 0.038956
10.630000 0.045952
10.640000 0.020014
10.650000 0.046956
10.660000 0.045155
10.670000 0.030450
10.680000 0.052728
10.690000 0.062362
10.700000 0.063569
10.710000 0.064938
10.720000 0.070211
10.730000 0.106631
10.740000 0.154939
10.750000 0.119686
10.760000 0.078594
10.770000 0.039263
10.780000 0.022603
10.790000 0.034436
10.800000 0.027969
10.810000 0.073037
10.820000 0.137947
10.830000 0.148107
10.840000 0.121542
10.850000 0.096574
10.860000 0.105489
10.870000 0.079503
10.880000 0.071391
10.890000 0.043571
10.900000 0.023636
10.910000 0.030730
10.920000 0.045889
10.930000 0.063792
10.940000 0.059693
10.950000 0.056307
10.960000 0.056557
10.970000 0.088673
10.980000 0.067230
10.990000 0.043686
11.000000 0.024534
11.010000 0.039716
11.020000 0.068334
11.030000 0.081249
11.040000 0.082621
11.050000 0.080252
11.060000 0.061271
11.070000 0.044383
11.080000 0.068368
11.090000 0.060133
11.100000 0.059179
11.110000 0.073041
11.120000 0.072674
11.130000 0.034591
11.140000 0.008091
11.150000 0.026268
11.160000 0.034763
11.170000 0.039866
11.180000 0.031976
11.190000 0.035029
11.200000 0.056974
11.210000 0.055880
11.220000 0.056005
11.230000 0.047651
11.240000 0.039633
11.250000 0.047719
11.260000 0.033913
11.270000 0.034766
11.280000 0.024953
11.290000 0.010939
11.300000 0.037789
11.310000 0.069982
11.320000 0.076027
11.330000 0.054625
11.340000 0.042368
11.350000 0.037135
11.360000 0.039807
11.370000 0.101604
11.380000 0.115896
11.390000 0.081623
11.400000 0.083374
11.410000 0.092584
11.420000 0.096282
11.430000 0.077723
11.440000 0.065797
11.450000 0.025065
11.460000 0.015567
11.470000 0.032382
11.480000 0.076126
11.490000 0.107183
11.500000 0.090994
11.510000 0.065692
11.520000 0.059205
11.530000 0.068574
11.540000 0.078300
11.550000 0.091353
11.560000 0.109291
11.570000 0.124379
11.580000 0.119105
11.590000 0.108200
11.600000 0.122947
11.610000 0.137881
11.620000 0.125025
11.630000 0.085902
11.640000 0.080312
11.650000 0.056310
11.660000 0.050814
11.670000 0.039089
11.680000 0.058463
11.690000 0.050076
11.700000 0.090928
11.710000 0.117644
11.720000 0.102848
11.730000 0.035407
11.740000 0.022584
11.750000 0.032443
11.760000 0.026123
11.770000 0.032970
11.780000 0.039114
11.790000 0.050435
11.800000 0.065520
11.810000 0.061581
11.820000 0.059666
11.830000 0.097029
11.840000 0.119386
11.850000 0.122392
11.860000 0.099283
11.870000 0.070070
11.880000 0.072181
11.890000 0.061762
11.900000 0.060827
11.910000 0.069968
11.920000 0.070561
11.930000 0.086385
11.940000 0.107734
11.950000 0.120178
11.960000 0.106772
11.970000 0.088235
11.980000 0.095047
11.990000 0.092633
12.000000 0.086398
12.010000 0.085631
12.020000 0.080914
12.030000 0.080611
12.040000 0.078996
12.050000 0.076329
12.060000 0.051100
12.070000 0.054411
12.080000 0.060540
12.090000 0.039440
12.100000 0.046341
12.110000 0.050885
12.120000 0.060959
12.130000 0.085566
12.140000 0.093893
12.150000 0.089649
12.160000 0.088380
12.170000 0.087524
12.180000 0.088958
12.190000 0.090163
12.200000 0.083919
12.210000 0.086081
12.220000 0.066212
12.230000 0.047693
12.240000 0.038704
12.250000 0.047663
12.260000 0.067914
12.270000 0.052344
12.280000 0.025340
12.290000 0.040115
12.300000 0.031329
12.310000 0.035025
12.320000 0.034989
12.330000 0.038805
12.340000 0.045742
12.350000 0.042133
12.360000 0.058595
12.370000 0.038930
12.380000 0.033858
12.390000 0.049412
12.400000 0.055579
12.410000 0.057390
12.420000 0.061628
12.430000 0.045992
12.440000 0.033605
12.450000 0.040950
12.460000 0.069039
12.470000 0.094303
12.480000 0.070597
12.490000 0.071927
12.500000 0.070494
12.510000 0.067580
12.520000 0.073365
12.530000 0.067189
12.540000 0.057793
12.550000 0.049133
12.560000 0.041185
12.570000 0.027508
12.580000 0.022606
12.590000 0.022544
12.600000 0.034306
12.610000 0.041666
12.620000 0.047069
12.630000 0.060886
12.640000 0.065655
12.650000 0.043501
12.660000 0.032947
12.670000 0.038140
12.680000 0.046296
12.690000 0.036276
12.700000 0.044140
12.710000 0.043517
12.720000 0.056027
12.730000 0.043809
12.740000 0.035070
12.750000 0.032894
12.760000 0.028730
12.770000 0.013992
12.780000 0.014872
12.790000 0.034878
12.800000 0.047536
12.810000 0.052551
12.820000 0.057571
12.830000 0.063234
12.840000 0.052907
12.850000 0.043274
12.860000 0.030995
12.870000 0.024799
12.880000 0.024345
12.890000 0.009731
12.900000 0.008796
12.910000 0.029605
12.920000 0.043117
12.930000 0.046585
12.940000 0.030162
12.950000 0.015516
12.960000 0.036372
12.970000 0.062580
12.980000 0.037239
12.990000 0.026035
13.000000 0.033391
13.010000 0.048775
13.020000 0.064249
13.030000 0.033801
13.040000 0.034802
13.050000 0.047400
13.060000 0.059367
13.070000 0.063617
13.080000 0.052153
13.090000 0.032954
13.100000 0.013912
13.110000 0.021886
13.120000 0.032437
13.130000 0.049923
13.140000 0.038304
13.150000 0.030928
13.160000 0.035432
13.170000 0.029411
13.180000 0.033226
13.190000 0.049733
13.200000 0.027110
13.210000 0.021177
13.220000 0.022341
13.230000 0.033757
13.240000 0.030455
13.250000 0.009956
13.260000 0.024020
13.270000 0.020642
13.280000 0.032537
13.290000 0.023839
13.300000 0.024492
13.310000 0.037142
13.320000 0.055323
13.330000 0.058497
13.340000 0.045867
13.350000 0.039446
13.360000 0.042052
13.370000 0.037067
13.380000 0.061868
13.390000 0.073807
13.400000 0.063774
13.410000 0.065696
13.420000 0.069821
13.430000 0.064807
13.440000 0.031452
13.450000 0.042694
13.460000 0.076005
13.470000 0.092761
13.480000 0.090678
13.490000 0.053642
13.500000 0.027762
13.510000 0.047515
13.520000 0.047407
13.530000 0.036647
13.540000 0.034337
13.550000 0.071440
13.560000 0.094091
13.570000 0.072616
13.580000 0.033569
13.590000 0.016122
13.600000 0.028820
13.610000 0.030678
13.620000 0.047601
13.630000 0.060638
13.640000 0.069719
13.650000 0.080282
13.660000 0.072181
13.670000 0.053021
13.680000 0.022563
13.690000 0.012003
13.700000 0.022832
13.710000 0.035477
13.720000 0.044399
13.730000 0.039609
13.740000 0.031429
13.750000 0.033717
13.760000 0.043329
13.770000 0.054654
13.780000 0.068354
13.790000 0.074898
13.800000 0.070317
13.810000 0.053804
13.820000 0.030522
13.830000 0.054995
13.840000 0.053885
13.850000 0.038628
13.860000 0.004178
13.870000 0.023026
13.880000 0.047545
13.890000 0.057204
13.900000 0.059259
13.910000 0.062527
13.920000 0.062682
13.930000 0.067420
13.940000 0.076372
13.950000 0.072208
13.960000 0.056070
13.970000 0.044885
13.980000 0.033906
13.990000 0.035083
14.000000 0.033639
14.010000 0.033481
14.020000 0.045478
14.030000 0.034979
14.040000 0.030351
14.050000 0.031767
14.060000 0.030152
14.070000 0.017723
14.080000 0.016616
14.090000 0.016393
14.100000 0.017022
14.110000 0.022305
14.120000 0.032574
14.130000 0.041913
14.140000 0.029453
14.150000 0.030237
14.160000 0.032153
14.170000 0.027992
14.180000 0.031259
14.190000 0.034695
14.200000 0.010611
14.210000 0.016157
14.220000 0.020096
14.230000 0.008857
14.240000 0.014640
14.250000 0.013498
14.260000 0.016937
14.270000 0.022141
14.280000 0.027452
14.290000 0.029762
14.300000 0.032355
14.310000 0.028626
14.320000 0.023611
14.330000 0.030517
14.340000 0.027420
14.350000 0.025541
14.360000 0.030929
14.370000 0.030235
14.380000 0.033851
14.390000 0.026182
14.400000 0.020051
14.410000 0.016965
14.420000 0.041225
14.430000 0.062768
14.440000 0.052510
14.450000 0.073442
14.460000 0.056379
14.470000 0.034110
14.480000 0.025105
14.490000 0.019482
14.500000 0.013674
14.510000 0.014977
14.520000 0.023184
14.530000 0.025188
14.540000 0.032429
14.550000 0.020900
14.560000 0.030690
14.570000 0.040066
14.580000 0.042789
14.590000 0.020420
14.600000 0.023099
14.610000 0.049068
14.620000 0.053230
14.630000 0.038122
14.640000 0.036481
14.650000 0.042718
14.660000 0.046394
14.670000 0.034447
14.680000 0.037026
14.690000 0.044917
14.700000 0.041800
14.710000 0.022731
14.720000 0.015414
14.730000 0.023803
14.740000 0.037666
14.750000 0.028521
14.760000 0.030394
14.770000 0.033100
14.780000 0.026200
14.790000 0.024251
14.800000 0.032796
14.810000 0.027245
14.820000 0.022646
14.830000 0.015761
14.840000 0.039231
14.850000 0.012370
14.860000 0.013386
14.870000 0.001745
14.880000 0.018049
14.890000 0.029826
14.900000 0.037239
14.910000 0.056087
14.920000 0.051927
14.930000 0.052964
14.940000 0.067504
14.950000 0.078883
14.960000 0.084050
14.970000 0.088043
14.980000 0.105397
14.990000 0.131792
15.000000 0.127437
15.010000 0.131131
15.020000 0.119967
15.030000 0.070683
15.040000 0.082954
15.050000 0.081916
15.060000 0.084110
15.070000 0.087354
15.080000 0.083125
15.090000 0.080282
15.100000 0.047758
15.110000 0.062491
15.120000 0.020336
15.130000 0.006885
15.140000 0.032929
15.150000 0.055465
15.160000 0.050378
15.170000 0.053744
15.180000 0.048463
15.190000 0.041246
15.200000 0.040533
15.210000 0.047238
15.220000 0.028620
15.230000 0.047254
15.240000 0.082646
15.250000 0.058348
15.260000 0.052927
15.270000 0.027812
15.280000 0.038795
15.290000 0.061737
15.300000 0.057488
15.310000 0.036555
15.320000 0.062986
15.330000 0.069742
15.340000 0.095849
15.350000 0.143882
15.360000 0.128399
15.370000 0.089412
15.380000 0.061095
15.390000 0.031884
15.400000 0.053207
15.410000 0.031212
15.420000 0.015307
15.430000 0.040809
15.440000 0.063153
15.450000 0.132394
15.460000 0.109475
15.470000 0.058695
15.480000 0.072722
15.490000 0.050470
15.500000 0.046865
15.510000 0.026058
15.520000 0.062686
15.530000 0.089968
15.540000 0.089229
15.550000 0.111003
15.560000 0.085461
15.570000 0.071819
15.580000 0.028889
15.590000 0.028137
15.600000 0.129806
15.610000 0.007968
15.620000 0.065676
15.630000 0.040913
15.640000 0.006418
15.650000 0.054656
15.660000 0.084487
15.670000 0.023088
15.680000 0.040370
15.690000 0.068056
15.700000 0.099588
15.710000 0.030016
15.720000 0.074976
15.730000 0.060163
15.740000 0.083113
15.750000 0.035092
15.760000 0.051062
15.770000 0.069442
15.780000 0.028509
15.790000 0.040595
15.800000 0.029713
15.810000 0.041769
15.820000 0.045792
15.830000 0.098033
15.840000 0.018692
15.850000 0.036996
15.860000 0.095383
15.870000 0.027397
15.880000 0.029601
15.890000 0.039280
15.900000 0.068945
15.910000 0.105178
15.920000 0.111835
15.930000 0.117750
15.940000 0.136591
15.950000 0.133770
15.960000 0.117211
15.970000 0.098136
15.980000 0.074637
15.990000 0.068011
16.000000 0.084568
16.010000 0.038752
16.020000 0.077345
16.030000 0.124813
16.040000 0.197019
16.050000 0.170499
16.060000 0.119554
16.070000 0.117752
16.080000 0.030732
16.090000 0.258403
16.100000 0.159086
16.110000 0.135130
16.120000 0.091042
16.130000 0.102127
16.140000 0.242753
16.150000 0.071705
16.160000 0.036527
16.170000 0.052079
16.180000 0.102480
16.190000 0.072072
16.200000 0.118300
16.210000 0.070549
16.220000 0.069251
16.230000 0.072143
16.240000 0.033960
16.250000 0.097756
16.260000 0.035301
16.270000 0.073294
16.280000 0.094227
16.290000 0.065807
16.300000 0.087092
16.310000 0.111828
16.320000 0.074594
16.330000 0.065719
16.340000 0.059480
16.350000 0.101328
16.360000 0.094779
16.370000 0.135234
16.380000 0.115087
16.390000 0.077322
16.400000 0.108676
16.410000 0.113681
16.420000 0.029604
16.430000 0.024208
16.440000 0.061570
16.450000 0.128983
16.460000 0.176353
16.470000 0.136106
16.480000 0.037410
16.490000 0.086359
16.500000 0.106243
16.510000 0.069041
16.520000 0.110141
16.530000 0.094021
16.540000 0.067620
16.550000 0.075351
16.560000 0.119487
16.570000 0.172266
16.580000 0.216530
16.590000 0.164889
16.600000 0.145462
16.610000 0.130682
16.620000 0.107578
16.630000 0.152817
16.640000 0.168693
16.650000 0.152104
16.660000 0.153279
16.670000 0.175556
16.680000 0.130952
16.690000 0.229483
16.700000 0.246779
16.710000 0.246165
16.720000 0.190867
16.730000 0.190622
16.740000 0.209728
16.750000 0.259265
16.760000 0.285767
16.770000 0.359200
16.780000 0.451099
16.790000 0.325061
16.800000 0.219555
16.810000 0.291810
16.820000 0.358740
16.830000 0.407554
16.840000 0.406250
16.850000 0.371476
16.860000 0.316843
16.870000 0.283726
16.880000 0.236270
16.890000 0.147759
16.900000 0.129786
16.910000 0.108676
16.920000 0.136811
16.930000 0.205996
16.940000 0.270121
16.950000 0.318420
16.960000 0.408276
16.970000 0.433328
16.980000 0.456142
16.990000 0.457241
17.000000 0.437954
17.010000 0.435596
17.020000 0.409544
17.030000 0.362576
17.040000 0.345188
17.050000 0.342925
17.060000 0.312769
17.070000 0.311745
17.080000 0.365822
17.090000 0.404968
17.100000 0.391584
17.110000 0.329579
17.120000 0.274403
17.130000 0.207745
17.140000 0.202121
17.150000 0.219108
17.160000 0.239242
17.170000 0.236864
17.180000 0.238712
17.190000 0.272566
17.200000 0.267536
17.210000 0.290414
17.220000 0.330885
17.230000 0.377292
17.240000 0.416149
17.250000 0.432418
17.260000 0.397487
17.270000 0.345348
17.280000 0.299226
17.290000 0.259045
17.300000 0.207118
17.310000 0.148769
17.320000 0.089619
17.330000 0.180629
17.340000 0.249366
17.350000 0.285934
17.360000 0.248813
17.370000 0.234039
17.380000 0.200562
17.390000 0.173352
17.400000 0.146029
17.410000 0.110658
17.420000 0.103156
17.430000 0.118340
17.440000 0.153031
17.450000 0.192052
17.460000 0.178889
17.470000 0.158208
17.480000 0.126772
17.490000 0.063561
17.500000 0.038502
17.510000 0.041224
17.520000 0.043294
17.530000 0.062790
17.540000 0.112167
17.550000 0.165061
17.560000 0.178732
17.570000 0.160402
17.580000 0.110760
17.590000 0.090229
17.600000 0.090449
17.610000 0.113419
17.620000 0.105046
17.630000 0.108309
17.640000 0.109603
17.650000 0.091892
17.660000 0.077596
17.670000 0.068241
17.680000 0.074527
17.690000 0.081007
17.700000 0.083885
17.710000 0.099142
17.720000 0.089080
17.730000 0.062302
17.740000 0.082525
17.750000 0.100667
17.760000 0.116797
17.770000 0.142347
17.780000 0.156761
17.790000 0.163675
17.800000 0.168682
17.810000 0.176291
17.820000 0.181025
17.830000 0.176503
17.840000 0.173953
17.850000 0.174171
17.860000 0.175388
17.870000 0.183307
17.880000 0.203100
17.890000 0.235043
17.900000 0.238384
17.910000 0.209658
17.920000 0.176547
17.930000 0.154335
17.940000 0.143317
17.950000 0.134995
17.960000 0.113931
17.970000 0.113284
17.980000 0.137138
17.990000 0.169858
18.000000 0.193883
18.010000 0.199638
18.020000 0.194051
18.030000 0.197574
18.040000 0.216954
18.050000 0.241807
18.060000 0.264508
18.070000 0.281768
18.080000 0.273612
18.090000 0.229583
18.100000 0.211911
18.110000 0.201887
18.120000 0.206140
18.130000 0.193435
18.140000 0.145199
18.150000 0.087592
18.160000 0.065235
18.170000 0.104685
18.180000 0.154889
18.190000 0.201714
18.200000 0.226203
18.210000 0.244166
18.220000 0.217543
18.230000 0.206472
18.240000 0.171875
18.250000 0.155218
18.260000 0.103390
18.270000 0.044934
18.280000 0.074850
18.290000 0.100729
18.300000 0.115915
18.310000 0.131763
18.320000 0.128322
18.330000 0.113746
18.340000 0.115179
18.350000 0.122879
18.360000 0.125888
18.370000 0.115499
18.380000 0.115640
18.390000 0.120027
18.400000 0.113835
18.410000 0.106573
18.420000 0.125684
18.430000 0.120049
18.440000 0.115131
18.450000 0.137303
18.460000 0.155884
18.470000 0.172623
18.480000 0.174793
18.490000 0.160324
18.500000 0.155490
18.510000 0.110056
18.520000 0.092158
18.530000 0.095304
18.540000 0.110020
18.550000 0.137199
18.560000 0.167151
18.570000 0.181907
18.580000 0.165639
18.590000 0.112841
18.600000 0.087132
18.610000 0.108151
18.620000 0.138260
18.630000 0.165222
18.640000 0.152185
18.650000 0.144301
18.660000 0.113721
18.670000 0.073934
18.680000 0.061507
18.690000 0.068116
18.700000 0.083740
18.710000 0.127078
18.720000 0.144985
18.730000 0.142037
18.740000 0.122971
18.750000 0.120259
18.760000 0.145961
18.770000 0.116830
18.780000 0.096316
18.790000 0.131275
18.800000 0.169005
18.810000 0.174120
18.820000 0.189402
18.830000 0.215361
18.840000 0.210249
18.850000 0.210378
18.860000 0.217838
18.870000 0.208772
18.880000 0.200836
18.890000 0.212616
18.900000 0.214573
18.910000 0.202112
18.920000 0.191188
18.930000 0.187593
18.940000 0.174895
18.950000 0.147764
18.960000 0.126968
18.970000 0.115312
18.980000 0.103441
18.990000 0.099869
19.000000 0.079497
19.010000 0.067840
19.020000 0.067329
19.030000 0.066638
19.040000 0.074194
19.050000 0.069228
19.060000 0.067887
19.070000 0.077227
19.080000 0.086880
19.090000 0.096646
19.100000 0.102933
19.110000 0.096009
19.120000 0.077976
19.130000 0.074156
19.140000 0.075817
19.150000 0.082758
19.160000 0.095050
19.170000 0.095519
19.180000 0.093481
19.190000 0.083527
19.200000 0.083685
19.210000 0.087652
19.220000 0.107415
19.230000 0.138857
19.240000 0.175245
19.250000 0.208777
19.260000 0.247022
19.270000 0.266668
19.280000 0.270406
19.290000 0.235334
19.300000 0.187812
19.310000 0.146969
19.320000 0.112399
19.330000 0.092136
19.340000 0.072365
19.350000 0.060889
19.360000 0.065019
19.370000 0.076179
19.380000 0.076698
19.390000 0.087745
19.400000 0.104319
19.410000 0.119798
19.420000 0.133933
19.430000 0.153039
19.440000 0.173443
19.450000 0.184909
19.460000 0.201215
19.470000 0.176601
19.480000 0.148929
19.490000 0.109884
19.500000 0.086134
19.510000 0.058554
19.520000 0.094740
19.530000 0.151938
19.540000 0.201087
19.550000 0.231969
19.560000 0.259818
19.570000 0.253218
19.580000 0.229816
19.590000 0.200966
19.600000 0.188321
19.610000 0.174435
19.620000 0.184409
19.630000 0.204297
19.640000 0.219083
19.650000 0.225931
19.660000 0.224623
19.670000 0.221300
19.680000 0.208849
19.690000 0.187090
19.700000 0.163695
19.710000 0.163850
19.720000 0.165961
19.730000 0.177943
19.740000 0.194093
19.750000 0.194046
19.760000 0.177280
19.770000 0.143679
19.780000 0.121052
19.790000 0.122783
19.800000 0.149559
19.810000 0.177609
19.820000 0.184441
19.830000 0.198668
19.840000 0.173138
19.850000 0.169467
19.860000 0.147307
19.870000 0.127343
19.880000 0.115579
19.890000 0.119080
19.900000 0.107772
19.910000 0.097969
19.920000 0.075798
19.930000 0.102538
19.940000 0.168707
19.950000 0.159436
19.960000 0.146562
19.970000 0.116252
19.980000 0.103948
19.990000 0.107241
