0.000000 7.783752
0.010000 7.720211
0.020000 7.679965
0.030000 7.718634
0.040000 7.863288
0.050000 8.101949
0.060000 8.372444
0.070000 8.682688
0.080000 9.000655
0.090000 9.342645
0.100000 9.579546
0.110000 9.709122
0.120000 9.752248
0.130000 9.811975
0.140000 9.888330
0.150000 9.970858
0.160000 10.060545
0.170000 10.129443
0.180000 10.175312
0.190000 10.138932
0.200000 10.075443
0.210000 10.003288
0.220000 10.003385
0.230000 10.088182
0.240000 10.218387
0.250000 10.431590
0.260000 10.606087
0.270000 10.797052
0.280000 10.902889
0.290000 11.031036
0.300000 11.190784
0.310000 11.282507
0.320000 11.289286
0.330000 11.363401
0.340000 11.434321
0.350000 11.462398
0.360000 11.481805
0.370000 11.419101
0.380000 11.275430
0.390000 11.132381
0.400000 11.097988
0.410000 11.084555
0.420000 11.066699
0.430000 11.030770
0.440000 11.059900
0.450000 11.044930
0.460000 10.990887
0.470000 10.867655
0.480000 10.764194
0.490000 10.785261
0.500000 10.795646
0.510000 10.807073
0.520000 10.762209
0.530000 10.662924
0.540000 10.628381
0.550000 10.618470
0.560000 10.632986
0.570000 10.555979
0.580000 10.565147
0.590000 10.525533
0.600000 10.474237
0.610000 10.393403
0.620000 10.285213
0.630000 10.198151
0.640000 10.130005
0.650000 10.097046
0.660000 10.072706
0.670000 10.120624
0.680000 10.245481
0.690000 10.466345
0.700000 10.692222
0.710000 10.924519
0.720000 11.153284
0.730000 11.359391
0.740000 11.568828
0.750000 11.801497
0.760000 12.050286
0.770000 12.281771
0.780000 12.484258
0.790000 12.678289
0.800000 12.876855
0.810000 12.929632
0.820000 12.926012
0.830000 12.923089
0.840000 12.983439
0.850000 13.051584
0.860000 13.126617
0.870000 13.107502
0.880000 13.083921
0.890000 13.070883
0.900000 13.079609
0.910000 13.070856
0.920000 13.066968
0.930000 13.048855
0.940000 13.055782
0.950000 13.056935
0.960000 13.060379
0.970000 13.034762
0.980000 13.016590
0.990000 13.000044
1.000000 12.986315
1.010000 13.000327
1.020000 13.017967
1.030000 13.051823
1.040000 13.135886
1.050000 13.254287
1.060000 13.364508
1.070000 13.461973
1.080000 13.550001
1.090000 13.655283
1.100000 13.774384
1.110000 13.916961
1.120000 14.056664
1.130000 14.168959
1.140000 14.267164
1.150000 14.371002
1.160000 14.473504
1.170000 14.569706
1.180000 14.655265
1.190000 14.751850
1.200000 14.848259
1.210000 14.953661
1.220000 15.083554
1.230000 15.225749
1.240000 15.373900
1.250000 15.509808
1.260000 15.606316
1.270000 15.650829
1.280000 15.636776
1.290000 15.611717
1.300000 15.584469
1.310000 15.545983
1.320000 15.497979
1.330000 15.453301
1.340000 15.405671
1.350000 15.358506
1.360000 15.309138
1.370000 15.241562
1.380000 15.161410
1.390000 15.113852
1.400000 15.077095
1.410000 15.046321
1.420000 15.016149
1.430000 14.977050
1.440000 14.928624
1.450000 14.881507
1.460000 14.829187
1.470000 14.767653
1.480000 14.709866
1.490000 14.673422
1.500000 14.694704
1.510000 14.713606
1.520000 14.741797
1.530000 14.775428
1.540000 14.816637
1.550000 14.869295
1.560000 14.922062
1.570000 14.963198
1.580000 15.008527
1.590000 15.067223
1.600000 15.143770
1.610000 15.196076
1.620000 15.228396
1.630000 15.230340
1.640000 15.230982
1.650000 15.231761
1.660000 15.227000
1.670000 15.196419
1.680000 15.164793
1.690000 15.115528
1.700000 15.055381
1.710000 14.984756
1.720000 14.915522
1.730000 14.840466
1.740000 14.784920
1.750000 14.705512
1.760000 14.621149
1.770000 14.530695
1.780000 14.453587
1.790000 14.420488
1.800000 14.392738
1.810000 14.354070
1.820000 14.278852
1.830000 14.195031
1.840000 14.161049
1.850000 14.148450
1.860000 14.151278
1.870000 14.158673
1.880000 14.172890
1.890000 14.199744
1.900000 14.224495
1.910000 14.258303
1.920000 14.302034
1.930000 14.408535
1.940000 14.550426
1.950000 14.707516
1.960000 14.875213
1.970000 15.043755
1.980000 15.205254
1.990000 15.361045
2.000000 15.520646
2.010000 15.637114
2.020000 15.740972
2.030000 15.832623
2.040000 15.944277
2.050000 16.090961
2.060000 16.194933
2.070000 16.304407
2.080000 16.416550
2.090000 16.533451
2.100000 16.676941
2.110000 16.808689
2.120000 16.955420
2.130000 17.090057
2.140000 17.202208
2.150000 17.315878
2.160000 17.435585
2.170000 17.547691
2.180000 17.653851
2.190000 17.763960
2.200000 17.877602
2.210000 18.006004
2.220000 18.124208
2.230000 18.264772
2.240000 18.422613
2.250000 18.591105
2.260000 18.750067
2.270000 18.905115
2.280000 19.048388
2.290000 19.203381
2.300000 19.409437
2.310000 19.653830
2.320000 19.906359
2.330000 20.159943
2.340000 20.440807
2.350000 20.712147
2.360000 20.962889
2.370000 21.219906
2.380000 21.457071
2.390000 21.683744
2.400000 21.905895
2.410000 22.131847
2.420000 22.354593
2.430000 22.612720
2.440000 22.908545
2.450000 23.191006
2.460000 23.454582
2.470000 23.724348
2.480000 23.990406
2.490000 24.255278
2.500000 24.532930
2.510000 24.813522
2.520000 25.094685
2.530000 25.377201
2.540000 25.653538
2.550000 25.905254
2.560000 26.149601
2.570000 26.391129
2.580000 26.628387
2.590000 26.867363
2.600000 27.134228
2.610000 27.399557
2.620000 27.657730
2.630000 27.897993
2.640000 28.155460
2.650000 28.420845
2.660000 28.687864
2.670000 28.952194
2.680000 29.210741
2.690000 29.472700
2.700000 29.734554
2.710000 29.991331
2.720000 30.242447
2.730000 30.468760
2.740000 30.706841
2.750000 30.923658
2.760000 31.139156
2.770000 31.363192
2.780000 31.588709
2.790000 31.814898
2.800000 32.050949
2.810000 32.303257
2.820000 32.554989
2.830000 32.787590
2.840000 33.010506
2.850000 33.235123
2.860000 33.458321
2.870000 33.669476
2.880000 33.878185
2.890000 34.072731
2.900000 34.234131
2.910000 34.386505
2.920000 34.541721
2.930000 34.695553
2.940000 34.851074
2.950000 35.003078
2.960000 35.166264
2.970000 35.329376
2.980000 35.516933
2.990000 35.707340
3.000000 35.911182
3.010000 36.133327
3.020000 36.365700
3.030000 36.605530
3.040000 36.860016
3.050000 37.132042
3.060000 37.393875
3.070000 37.652805
3.080000 37.904343
3.090000 38.172272
3.100000 38.424667
3.110000 38.661957
3.120000 38.906364
3.130000 39.154823
3.140000 39.413994
3.150000 39.653076
3.160000 39.866737
3.170000 40.050564
3.180000 40.253792
3.190000 40.480145
3.200000 40.688522
3.210000 40.897797
3.220000 41.114502
3.230000 41.344620
3.240000 41.595409
3.250000 41.836201
3.260000 42.046661
3.270000 42.301323
3.280000 42.579182
3.290000 42.873299
3.300000 43.171242
3.310000 43.434612
3.320000 43.717178
3.330000 44.042976
3.340000 44.381100
3.350000 44.716412
3.360000 45.032032
3.370000 45.329636
3.380000 45.560947
3.390000 45.766129
3.400000 45.965595
3.410000 46.188881
3.420000 46.376976
3.430000 46.586555
3.440000 46.822998
3.450000 47.068790
3.460000 47.379902
3.470000 47.725880
3.480000 48.085361
3.490000 48.472363
3.500000 48.895542
3.510000 49.293118
3.520000 49.709980
3.530000 50.138386
3.540000 50.613522
3.550000 51.073898
3.560000 51.530468
3.570000 52.025425
3.580000 52.480812
3.590000 52.928638
3.600000 53.400429
3.610000 53.863091
3.620000 54.334660
3.630000 54.802494
3.640000 55.277115
3.650000 55.664738
3.660000 56.008877
3.670000 56.419327
3.680000 56.885059
3.690000 57.381992
3.700000 57.952713
3.710000 58.543404
3.720000 59.104847
3.730000 59.631657
3.740000 60.116840
3.750000 60.576218
3.760000 60.987751
3.770000 61.393459
3.780000 61.801739
3.790000 62.243866
3.800000 62.768036
3.810000 63.360149
3.820000 63.972008
3.830000 64.625671
3.840000 65.218315
3.850000 65.842224
3.860000 66.462433
3.870000 67.077980
3.880000 67.702812
3.890000 68.349419
3.900000 69.001831
3.910000 69.706741
3.920000 70.430634
3.930000 71.149773
3.940000 71.880394
3.950000 72.594658
3.960000 73.303055
3.970000 74.000443
3.980000 74.702599
3.990000 75.407692
4.000000 76.123535
4.010000 76.842567
4.020000 77.550545
4.030000 78.248634
4.040000 78.958763
4.050000 79.660896
4.060000 80.358482
4.070000 81.048439
4.080000 81.650566
4.090000 82.254257
4.100000 82.855675
4.110000 83.453026
4.120000 84.058777
4.130000 84.695168
4.140000 85.294601
4.150000 85.881714
4.160000 86.454659
4.170000 86.967484
4.180000 87.419067
4.190000 87.878632
4.200000 88.328651
4.210000 88.761208
4.220000 89.181992
4.230000 89.593025
4.240000 89.979919
4.250000 90.341545
4.260000 90.693230
4.270000 91.019699
4.280000 91.262146
4.290000 91.466537
4.300000 91.665184
4.310000 91.851334
4.320000 92.025597
4.330000 92.190765
4.340000 92.345261
4.350000 92.478523
4.360000 92.609047
4.370000 92.725296
4.380000 92.847961
4.390000 92.976776
4.400000 93.110184
4.410000 93.200493
4.420000 93.290588
4.430000 93.381081
4.440000 93.489937
4.450000 93.593513
4.460000 93.690125
4.470000 93.704758
4.480000 93.713966
4.490000 93.735550
4.500000 93.711571
4.510000 93.703278
4.520000 93.693695
4.530000 93.658188
4.540000 93.547997
4.550000 93.430435
4.560000 93.293320
4.570000 93.132286
4.580000 92.954651
4.590000 92.706459
4.600000 92.445908
4.610000 92.182732
4.620000 91.879112
4.630000 91.491600
4.640000 91.094193
4.650000 90.700783
4.660000 90.333969
4.670000 89.994759
4.680000 89.651718
4.690000 89.333908
4.700000 89.019928
4.710000 88.679482
4.720000 88.343376
4.730000 88.050575
4.740000 87.806297
4.750000 87.578407
4.760000 87.332222
4.770000 87.073479
4.780000 86.841164
4.790000 86.638985
4.800000 86.426285
4.810000 86.231468
4.820000 86.049469
4.830000 85.892197
4.840000 85.701492
4.850000 85.468025
4.860000 85.152016
4.870000 84.820999
4.880000 84.441360
4.890000 84.049416
4.900000 83.643074
4.910000 83.211174
4.920000 82.762016
4.930000 82.319344
4.940000 81.893532
4.950000 81.535301
4.960000 81.170120
4.970000 80.775085
4.980000 80.407448
4.990000 80.030823
5.000000 79.694603
5.010000 79.362007
5.020000 79.029861
5.030000 78.673920
5.040000 78.255028
5.050000 77.782303
5.060000 77.311554
5.070000 76.783577
5.080000 76.244942
5.090000 75.737915
5.100000 75.244179
5.110000 74.734093
5.120000 74.205200
5.130000 73.677765
5.140000 73.097343
5.150000 72.428238
5.160000 71.645325
5.170000 70.870445
5.180000 70.127144
5.190000 69.356850
5.200000 68.595177
5.210000 67.983704
5.220000 67.405006
5.230000 66.843193
5.240000 66.276016
5.250000 65.680275
5.260000 65.018333
5.270000 64.345070
5.280000 63.602989
5.290000 62.740101
5.300000 61.862503
5.310000 60.912750
5.320000 59.955685
5.330000 59.077381
5.340000 58.205025
5.350000 57.312538
5.360000 56.467270
5.370000 55.595619
5.380000 54.695469
5.390000 53.781773
5.400000 52.899654
5.410000 52.107574
5.420000 51.282127
5.430000 50.498146
5.440000 49.772655
5.450000 49.068314
5.460000 48.398643
5.470000 47.678421
5.480000 46.929596
5.490000 46.172588
5.500000 45.402424
5.510000 44.660084
5.520000 43.951000
5.530000 43.266613
5.540000 42.597935
5.550000 41.955090
5.560000 41.319237
5.570000 40.712479
5.580000 40.161999
5.590000 39.654778
5.600000 39.158916
5.610000 38.718441
5.620000 38.246090
5.630000 37.734787
5.640000 37.239655
5.650000 36.749157
5.660000 36.273888
5.670000 35.792118
5.680000 35.288723
5.690000 34.776966
5.700000 34.272270
5.710000 33.807217
5.720000 33.379433
5.730000 32.998138
5.740000 32.613064
5.750000 32.245762
5.760000 31.854858
5.770000 31.396421
5.780000 30.897871
5.790000 30.357683
5.800000 29.868782
5.810000 29.326164
5.820000 28.790960
5.830000 28.215593
5.840000 27.637794
5.850000 27.063591
5.860000 26.478085
5.870000 25.864925
5.880000 25.242365
5.890000 24.581301
5.900000 23.928671
5.910000 23.222908
5.920000 22.436867
5.930000 21.709158
5.940000 21.014620
5.950000 20.359825
5.960000 19.793228
5.970000 19.260849
5.980000 18.768858
5.990000 18.302362
6.000000 17.895781
6.010000 17.558260
6.020000 17.226086
6.030000 16.890345
6.040000 16.610085
6.050000 16.345926
6.060000 16.124748
6.070000 15.885011
6.080000 15.648985
6.090000 15.433927
6.100000 15.225908
6.110000 15.027170
6.120000 14.840683
6.130000 14.648679
6.140000 14.495319
6.150000 14.361458
6.160000 14.229807
6.170000 14.093632
6.180000 13.964587
6.190000 13.841160
6.200000 13.725570
6.210000 13.616429
6.220000 13.489395
6.230000 13.351840
6.240000 13.220821
6.250000 13.081209
6.260000 12.953440
6.270000 12.827699
6.280000 12.709511
6.290000 12.574124
6.300000 12.446490
6.310000 12.343632
6.320000 12.278479
6.330000 12.209203
6.340000 12.146631
6.350000 12.076479
6.360000 12.016069
6.370000 11.976178
6.380000 11.956149
6.390000 11.996687
6.400000 12.074332
6.410000 12.186655
6.420000 12.344812
6.430000 12.503156
6.440000 12.682134
6.450000 12.880262
6.460000 13.053987
6.470000 13.215023
6.480000 13.329391
6.490000 13.450472
6.500000 13.641935
6.510000 13.791474
6.520000 13.858559
6.530000 13.884033
6.540000 13.865953
6.550000 13.879932
6.560000 13.883431
6.570000 13.893535
6.580000 13.772005
6.590000 13.627413
6.600000 13.577102
6.610000 13.558015
6.620000 13.499476
6.630000 13.420984
6.640000 13.338152
6.650000 13.298374
6.660000 13.285147
6.670000 13.198153
6.680000 13.111061
6.690000 13.003707
6.700000 12.870759
6.710000 12.721954
6.720000 12.575949
6.730000 12.425132
6.740000 12.341776
6.750000 12.183637
6.760000 12.000835
6.770000 11.853677
6.780000 11.776355
6.790000 11.798865
6.800000 11.787981
6.810000 11.741033
6.820000 11.725511
6.830000 11.731996
6.840000 11.734296
6.850000 11.720901
6.860000 11.836264
6.870000 11.958714
6.880000 12.025185
6.890000 12.064332
6.900000 12.101022
6.910000 12.066185
6.920000 12.027521
6.930000 11.967817
6.940000 11.916224
6.950000 11.881840
6.960000 11.834286
6.970000 11.824177
6.980000 11.868494
6.990000 11.907225
7.000000 11.898904
7.010000 11.790772
7.020000 11.662701
7.030000 11.586884
7.040000 11.536091
7.050000 11.441773
7.060000 11.345550
7.070000 11.285551
7.080000 11.218683
7.090000 11.182836
7.100000 11.135448
7.110000 11.102951
7.120000 11.063586
7.130000 11.028811
7.140000 10.997876
7.150000 10.982550
7.160000 10.957239
7.170000 10.973359
7.180000 10.994566
7.190000 11.006462
7.200000 11.008263
7.210000 11.006459
7.220000 11.005899
7.230000 10.995941
7.240000 10.974334
7.250000 10.953565
7.260000 10.928075
7.270000 10.903694
7.280000 10.882563
7.290000 10.864978
7.300000 10.879915
7.310000 10.899058
7.320000 10.922580
7.330000 10.970141
7.340000 11.029840
7.350000 11.104535
7.360000 11.180564
7.370000 11.253194
7.380000 11.307569
7.390000 11.361788
7.400000 11.415746
7.410000 11.461995
7.420000 11.496372
7.430000 11.555044
7.440000 11.639396
7.450000 11.735039
7.460000 11.823759
7.470000 11.911066
7.480000 11.995245
7.490000 12.076278
7.500000 12.155560
7.510000 12.234654
7.520000 12.312908
7.530000 12.396208
7.540000 12.475032
7.550000 12.545858
7.560000 12.617728
7.570000 12.689869
7.580000 12.744691
7.590000 12.783006
7.600000 12.821421
7.610000 12.863271
7.620000 12.902644
7.630000 12.939000
7.640000 12.972145
7.650000 13.004997
7.660000 13.041581
7.670000 13.080704
7.680000 13.117777
7.690000 13.165633
7.700000 13.208127
7.710000 13.251561
7.720000 13.305858
7.730000 13.363999
7.740000 13.415751
7.750000 13.490978
7.760000 13.569016
7.770000 13.652851
7.780000 13.734476
7.790000 13.819133
7.800000 13.908738
7.810000 13.992461
7.820000 14.083094
7.830000 14.170172
7.840000 14.246220
7.850000 14.311751
7.860000 14.338655
7.870000 14.381266
7.880000 14.433982
7.890000 14.485629
7.900000 14.514277
7.910000 14.538776
7.920000 14.544291
7.930000 14.548059
7.940000 14.545599
7.950000 14.536945
7.960000 14.555487
7.970000 14.570419
7.980000 14.582602
7.990000 14.549325
8.000000 14.451445
8.010000 14.337164
8.020000 14.239858
8.030000 14.131066
8.040000 14.062171
8.050000 14.011927
8.060000 13.929152
8.070000 13.839457
8.080000 13.723171
8.090000 13.638462
8.100000 13.554520
8.110000 13.496550
8.120000 13.475339
8.130000 13.456795
8.140000 13.463707
8.150000 13.458046
8.160000 13.476806
8.170000 13.528803
8.180000 13.586605
8.190000 13.647877
8.200000 13.717100
8.210000 13.784485
8.220000 13.874801
8.230000 14.020670
8.240000 14.179746
8.250000 14.377769
8.260000 14.575759
8.270000 14.779117
8.280000 14.980808
8.290000 15.139455
8.300000 15.364229
8.310000 15.611400
8.320000 15.885615
8.330000 16.129219
8.340000 16.368235
8.350000 16.595469
8.360000 16.780720
8.370000 16.938070
8.380000 17.100431
8.390000 17.225090
8.400000 17.400360
8.410000 17.695950
8.420000 18.052006
8.430000 18.381580
8.440000 18.699507
8.450000 19.092215
8.460000 19.456366
8.470000 19.678268
8.480000 19.825905
8.490000 19.959660
8.500000 20.134142
8.510000 20.356293
8.520000 20.586889
8.530000 20.702381
8.540000 20.814682
8.550000 20.943752
8.560000 21.073206
8.570000 21.258337
8.580000 21.442142
8.590000 21.602329
8.600000 21.804867
8.610000 22.039476
8.620000 22.259312
8.630000 22.492363
8.640000 22.718098
8.650000 22.909142
8.660000 23.090052
8.670000 23.242607
8.680000 23.399979
8.690000 23.555397
8.700000 23.739559
8.710000 23.929150
8.720000 24.134220
8.730000 24.353380
8.740000 24.560591
8.750000 24.713524
8.760000 24.893341
8.770000 25.099792
8.780000 25.343006
8.790000 25.599892
8.800000 25.856186
8.810000 26.145912
8.820000 26.431751
8.830000 26.719320
8.840000 27.023495
8.850000 27.298864
8.860000 27.582762
8.870000 27.873444
8.880000 28.159851
8.890000 28.430023
8.900000 28.657049
8.910000 28.871918
8.920000 29.085680
8.930000 29.300684
8.940000 29.524750
8.950000 29.752069
8.960000 29.956537
8.970000 30.154467
8.980000 30.349001
8.990000 30.539381
9.000000 30.760796
9.010000 30.995756
9.020000 31.218920
9.030000 31.433159
9.040000 31.637850
9.050000 31.857168
9.060000 32.076160
9.070000 32.296761
9.080000 32.511650
9.090000 32.721172
9.100000 32.945198
9.110000 33.169350
9.120000 33.368351
9.130000 33.559216
9.140000 33.755199
9.150000 33.944138
9.160000 34.139442
9.170000 34.343956
9.180000 34.567146
9.190000 34.794975
9.200000 35.015602
9.210000 35.230362
9.220000 35.463123
9.230000 35.701214
9.240000 35.921318
9.250000 36.144623
9.260000 36.367474
9.270000 36.598877
9.280000 36.842762
9.290000 37.072666
9.300000 37.295238
9.310000 37.510876
9.320000 37.718651
9.330000 37.937813
9.340000 38.147511
9.350000 38.366234
9.360000 38.587341
9.370000 38.818413
9.380000 39.069267
9.390000 39.332012
9.400000 39.579052
9.410000 39.841045
9.420000 40.131828
9.430000 40.433895
9.440000 40.738270
9.450000 41.076649
9.460000 41.400547
9.470000 41.740658
9.480000 42.072029
9.490000 42.438538
9.500000 42.778931
9.510000 43.141289
9.520000 43.522243
9.530000 43.899696
9.540000 44.286842
9.550000 44.664787
9.560000 45.076912
9.570000 45.449646
9.580000 45.729866
9.590000 46.022926
9.600000 46.278324
9.610000 46.530731
9.620000 46.792244
9.630000 47.041477
9.640000 47.284378
9.650000 47.555573
9.660000 47.847111
9.670000 48.138393
9.680000 48.471031
9.690000 48.819405
9.700000 49.180668
9.710000 49.585922
9.720000 49.955101
9.730000 50.306450
9.740000 50.679726
9.750000 51.046787
9.760000 51.414101
9.770000 51.821381
9.780000 52.269619
9.790000 52.743633
9.800000 53.160934
9.810000 53.544342
9.820000 53.872955
9.830000 54.199791
9.840000 54.520947
9.850000 54.826893
9.860000 55.082809
9.870000 55.337227
9.880000 55.595970
9.890000 55.834633
9.900000 56.026649
9.910000 56.199986
9.920000 56.384884
9.930000 56.591969
9.940000 56.885658
9.950000 57.249981
9.960000 57.623493
9.970000 58.027702
9.980000 58.374958
9.990000 58.707489
10.000000 58.989811
10.010000 59.202557
10.020000 59.372753
10.030000 59.514980
10.040000 59.645565
10.050000 59.871719
10.060000 60.119110
10.070000 60.416931
10.080000 60.766720
10.090000 61.091446
10.100000 61.406666
10.110000 61.734962
10.120000 62.064274
10.130000 62.318031
10.140000 62.568623
10.150000 62.807316
10.160000 63.021954
10.170000 63.208050
10.180000 63.369335
10.190000 63.486069
10.200000 63.555653
10.210000 63.626774
10.220000 63.673080
10.230000 63.724983
10.240000 63.746922
10.250000 63.749195
10.260000 63.714779
10.270000 63.623245
10.280000 63.491219
10.290000 63.335209
10.300000 63.127052
10.310000 62.858833
10.320000 62.529488
10.330000 62.111038
10.340000 61.625439
10.350000 61.089252
10.360000 60.477180
10.370000 59.821598
10.380000 59.100594
10.390000 58.299076
10.400000 57.390396
10.410000 56.405617
10.420000 55.343704
10.430000 54.189728
10.440000 52.936905
10.450000 51.581604
10.460000 50.143379
10.470000 48.551785
10.480000 46.907810
10.490000 45.200104
10.500000 43.407597
10.510000 41.569729
10.520000 39.680542
10.530000 37.786655
10.540000 35.882763
10.550000 33.906502
10.560000 31.854156
10.570000 29.769644
10.580000 27.700043
10.590000 25.663576
10.600000 23.621670
10.610000 21.606268
10.620000 19.629065
10.630000 17.715000
10.640000 15.855954
10.650000 14.114599
10.660000 12.560697
10.670000 11.268787
10.680000 10.271582
10.690000 9.615662
10.700000 9.339573
10.710000 9.468523
10.720000 9.984068
10.730000 10.776531
10.740000 11.726768
10.750000 12.828393
10.760000 14.027659
10.770000 15.310623
10.780000 16.704920
10.790000 18.149147
10.800000 19.539919
10.810000 20.868824
10.820000 22.181515
10.830000 23.481867
10.840000 24.702940
10.850000 25.871548
10.860000 26.985538
10.870000 28.050137
10.880000 29.011368
10.890000 29.901299
10.900000 30.862532
10.910000 31.764036
10.920000 32.680832
10.930000 33.620228
10.940000 34.633015
10.950000 35.700886
10.960000 36.886398
10.970000 38.067917
10.980000 39.259708
10.990000 40.437584
11.000000 41.888897
11.010000 43.402168
11.020000 44.615192
11.030000 45.804325
11.040000 46.654156
11.050000 47.206150
11.060000 47.713013
11.070000 47.908974
11.080000 47.719955
11.090000 47.179821
11.100000 46.416019
11.110000 45.370247
11.120000 44.133598
11.130000 42.715500
11.140000 41.193069
11.150000 39.930897
11.160000 38.815193
11.170000 37.780815
11.180000 37.099670
11.190000 36.813713
11.200000 36.863533
11.210000 37.209831
11.220000 37.767036
11.230000 38.620312
11.240000 39.866749
11.250000 40.986008
11.260000 42.059849
11.270000 42.948040
11.280000 43.604740
11.290000 43.882008
11.300000 43.885361
11.310000 43.700760
11.320000 43.507011
11.330000 43.247017
11.340000 42.912258
11.350000 42.459339
11.360000 41.940121
11.370000 41.303852
11.380000 40.753418
11.390000 40.323227
11.400000 39.862938
11.410000 39.379833
11.420000 38.972988
11.430000 38.570282
11.440000 38.189053
11.450000 37.718739
11.460000 37.102081
11.470000 36.392056
11.480000 35.599277
11.490000 34.622269
11.500000 33.604809
11.510000 32.641083
11.520000 31.591061
11.530000 30.678707
11.540000 29.855782
11.550000 29.380375
11.560000 29.129601
11.570000 28.934992
11.580000 28.713741
11.590000 28.506023
11.600000 28.404999
11.610000 28.295309
11.620000 28.174473
11.630000 27.972353
11.640000 27.812199
11.650000 27.631268
11.660000 27.368420
11.670000 27.021143
11.680000 26.626656
11.690000 26.285955
11.700000 26.016994
11.710000 25.715256
11.720000 25.441916
11.730000 25.199253
11.740000 24.916821
11.750000 24.530890
11.760000 24.082092
11.770000 23.539259
11.780000 22.979155
11.790000 22.469450
11.800000 21.924671
11.810000 21.331470
11.820000 20.737692
11.830000 20.176844
11.840000 19.577749
11.850000 18.945086
11.860000 18.372068
11.870000 17.797249
11.880000 17.171841
11.890000 16.545025
11.900000 16.008265
11.910000 15.572165
11.920000 15.123951
11.930000 14.718694
11.940000 14.350579
11.950000 14.091936
11.960000 13.848868
11.970000 13.626581
11.980000 13.409366
11.990000 13.199486
12.000000 12.990382
12.010000 12.779270
12.020000 12.565935
12.030000 12.312996
12.040000 12.020625
12.050000 11.734035
12.060000 11.453497
12.070000 11.194773
12.080000 10.970250
12.090000 10.780435
12.100000 10.624534
12.110000 10.507890
12.120000 10.437218
12.130000 10.406578
12.140000 10.369711
12.150000 10.370523
12.160000 10.369511
12.170000 10.394965
12.180000 10.492265
12.190000 10.614573
12.200000 10.753549
12.210000 10.938833
12.220000 11.107348
12.230000 11.262228
12.240000 11.431566
12.250000 11.597465
12.260000 11.781051
12.270000 11.890315
12.280000 12.056497
12.290000 12.214019
12.300000 12.350677
12.310000 12.472553
12.320000 12.560985
12.330000 12.505013
12.340000 12.448317
12.350000 12.495584
12.360000 12.478893
12.370000 12.411942
12.380000 12.356025
12.390000 12.352984
12.400000 12.375159
12.410000 12.397315
12.420000 12.394372
12.430000 12.421731
12.440000 12.466715
12.450000 12.418758
12.460000 12.361079
12.470000 12.262992
12.480000 12.181720
12.490000 12.058810
12.500000 11.892501
12.510000 11.665892
12.520000 11.453487
12.530000 11.278699
12.540000 11.167647
12.550000 11.110548
12.560000 11.042966
12.570000 11.065311
12.580000 11.128801
12.590000 11.128793
12.600000 11.109621
12.610000 11.140257
12.620000 11.179789
12.630000 11.242637
12.640000 11.253870
12.650000 11.295037
12.660000 11.393905
12.670000 11.459731
12.680000 11.475754
12.690000 11.440916
12.700000 11.370881
12.710000 11.310163
12.720000 11.278311
12.730000 11.242963
12.740000 11.229585
12.750000 11.218150
12.760000 11.211411
12.770000 11.220364
12.780000 11.194431
12.790000 11.160132
12.800000 11.064750
12.810000 11.024251
12.820000 10.985102
12.830000 10.941062
12.840000 10.950356
12.850000 11.017261
12.860000 11.045142
12.870000 11.017669
12.880000 11.002781
12.890000 10.996716
12.900000 11.019452
12.910000 11.031639
12.920000 11.058548
12.930000 11.096992
12.940000 11.152517
12.950000 11.168192
12.960000 11.145007
12.970000 11.104070
12.980000 11.068064
12.990000 11.057063
13.000000 11.058335
13.010000 11.072536
13.020000 11.086629
13.030000 11.092425
13.040000 11.084261
13.050000 11.074274
13.060000 11.060210
13.070000 11.058368
13.080000 11.073474
13.090000 11.113196
13.100000 11.160399
13.110000 11.245991
13.120000 11.319295
13.130000 11.390693
13.140000 11.458198
13.150000 11.519337
13.160000 11.575491
13.170000 11.632700
13.180000 11.691297
13.190000 11.750970
13.200000 11.813307
13.210000 11.912551
13.220000 12.011792
13.230000 12.118715
13.240000 12.226999
13.250000 12.319233
13.260000 12.405673
13.270000 12.483790
13.280000 12.559800
13.290000 12.647304
13.300000 12.739129
13.310000 12.823815
13.320000 12.898859
13.330000 12.974622
13.340000 13.031377
13.350000 13.065240
13.360000 13.101954
13.370000 13.140771
13.380000 13.180292
13.390000 13.220170
13.400000 13.260826
13.410000 13.305172
13.420000 13.351166
13.430000 13.384739
13.440000 13.398414
13.450000 13.416533
13.460000 13.441819
13.470000 13.456241
13.480000 13.466652
13.490000 13.484576
13.500000 13.505733
13.510000 13.528111
13.520000 13.555508
13.530000 13.602528
13.540000 13.663669
13.550000 13.726026
13.560000 13.789082
13.570000 13.853958
13.580000 13.921186
13.590000 13.991150
13.600000 14.062060
13.610000 14.131112
13.620000 14.207790
13.630000 14.304919
13.640000 14.379194
13.650000 14.441514
13.660000 14.493598
13.670000 14.520788
13.680000 14.548447
13.690000 14.573383
13.700000 14.574162
13.710000 14.575678
13.720000 14.584721
13.730000 14.598682
13.740000 14.608030
13.750000 14.588955
13.760000 14.525752
13.770000 14.460996
13.780000 14.392008
13.790000 14.301880
13.800000 14.200219
13.810000 14.089258
13.820000 14.017107
13.830000 13.933902
13.840000 13.819778
13.850000 13.700885
13.860000 13.588266
13.870000 13.484711
13.880000 13.442805
13.890000 13.427641
13.900000 13.407661
13.910000 13.355881
13.920000 13.328724
13.930000 13.313091
13.940000 13.332791
13.950000 13.371597
13.960000 13.428537
13.970000 13.477407
13.980000 13.536135
13.990000 13.617903
14.000000 13.735069
14.010000 13.873447
14.020000 14.020022
14.030000 14.175227
14.040000 14.358598
14.050000 14.533634
14.060000 14.729224
14.070000 14.927233
14.080000 15.141186
14.090000 15.382738
14.100000 15.619198
14.110000 15.856904
14.120000 16.080784
14.130000 16.263475
14.140000 16.441038
14.150000 16.599287
14.160000 16.758129
14.170000 16.909037
14.180000 17.113144
14.190000 17.344200
14.200000 17.579906
14.210000 17.818295
14.220000 18.069466
14.230000 18.327566
14.240000 18.548191
14.250000 18.718124
14.260000 18.895376
14.270000 19.050632
14.280000 19.230616
14.290000 19.432072
14.300000 19.663027
14.310000 19.857376
14.320000 20.035305
14.330000 20.174013
14.340000 20.296837
14.350000 20.477003
14.360000 20.703659
14.370000 20.968113
14.380000 21.217661
14.390000 21.465944
14.400000 21.710430
14.410000 21.955328
14.420000 22.206596
14.430000 22.445280
14.440000 22.641621
14.450000 22.827377
14.460000 23.020744
14.470000 23.209276
14.480000 23.422819
14.490000 23.619873
14.500000 23.813747
14.510000 23.982134
14.520000 24.160885
14.530000 24.347464
14.540000 24.579828
14.550000 24.822714
14.560000 25.098156
14.570000 25.359524
14.580000 25.640327
14.590000 25.931162
14.600000 26.244104
14.610000 26.541918
14.620000 26.824823
14.630000 27.100178
14.640000 27.378046
14.650000 27.635399
14.660000 27.884447
14.670000 28.135132
14.680000 28.372353
14.690000 28.605593
14.700000 28.847881
14.710000 29.084127
14.720000 29.322374
14.730000 29.578939
14.740000 29.820732
14.750000 30.038488
14.760000 30.253706
14.770000 30.470055
14.780000 30.706984
14.790000 30.939880
14.800000 31.156721
14.810000 31.380840
14.820000 31.606424
14.830000 31.829855
14.840000 32.050175
14.850000 32.264046
14.860000 32.474823
14.870000 32.684509
14.880000 32.907467
14.890000 33.103115
14.900000 33.294189
14.910000 33.483486
14.920000 33.685352
14.930000 33.923149
14.940000 34.150463
14.950000 34.380856
14.960000 34.613628
14.970000 34.832855
14.980000 35.051048
14.990000 35.247211
15.000000 35.454445
15.010000 35.667439
15.020000 35.876225
15.030000 36.086170
15.040000 36.270538
15.050000 36.493038
15.060000 36.711170
15.070000 36.926514
15.080000 37.150894
15.090000 37.391693
15.100000 37.625217
15.110000 37.850609
15.120000 38.071148
15.130000 38.308380
15.140000 38.564095
15.150000 38.826683
15.160000 39.099876
15.170000 39.368530
15.180000 39.639027
15.190000 39.889820
15.200000 40.120480
15.210000 40.387306
15.220000 40.675972
15.230000 40.990639
15.240000 41.349445
15.250000 41.697651
15.260000 42.028622
15.270000 42.355457
15.280000 42.680691
15.290000 43.021812
15.300000 43.372078
15.310000 43.718658
15.320000 44.065113
15.330000 44.404160
15.340000 44.772034
15.350000 45.119717
15.360000 45.420303
15.370000 45.686619
15.380000 45.962086
15.390000 46.221584
15.400000 46.491726
15.410000 46.773960
15.420000 47.044903
15.430000 47.321362
15.440000 47.586597
15.450000 47.878044
15.460000 48.198082
15.470000 48.553677
15.480000 48.916924
15.490000 49.275616
15.500000 49.642475
15.510000 50.010864
15.520000 50.379871
15.530000 50.744392
15.540000 51.175678
15.550000 51.596588
15.560000 52.067329
15.570000 52.480473
15.580000 52.857391
15.590000 53.238201
15.600000 53.611935
15.610000 53.987854
15.620000 54.359978
15.630000 54.663383
15.640000 54.997860
15.650000 55.342667
15.660000 55.696278
15.670000 56.026577
15.680000 56.288219
15.690000 56.540375
15.700000 56.853802
15.710000 57.232086
15.720000 57.700603
15.730000 58.189011
15.740000 58.665203
15.750000 59.124607
15.760000 59.570156
15.770000 59.948540
15.780000 60.254257
15.790000 60.525726
15.800000 60.797466
15.810000 61.084007
15.820000 61.394989
15.830000 61.830215
15.840000 62.286411
15.850000 62.771343
15.860000 63.269485
15.870000 63.782398
15.880000 64.286148
15.890000 64.776215
15.900000 65.248146
15.910000 65.728691
15.920000 66.194717
15.930000 66.698196
15.940000 67.207298
15.950000 67.688156
15.960000 68.151558
15.970000 68.602440
15.980000 69.052505
15.990000 69.527443
16.000000 69.998741
16.010000 70.477005
16.020000 70.958420
16.030000 71.428429
16.040000 71.902916
16.050000 72.369530
16.060000 72.800537
16.070000 73.190216
16.080000 73.570267
16.090000 73.947754
16.100000 74.308876
16.110000 74.657967
16.120000 75.004250
16.130000 75.281349
16.140000 75.543602
16.150000 75.747574
16.160000 75.975975
16.170000 76.208946
16.180000 76.423737
16.190000 76.599289
16.200000 76.719627
16.210000 76.787315
16.220000 76.832672
16.230000 76.836174
16.240000 76.729248
16.250000 76.601349
16.260000 76.443390
16.270000 76.227066
16.280000 75.954147
16.290000 75.647263
16.300000 75.321266
16.310000 74.969452
16.320000 74.568504
16.330000 74.066528
16.340000 73.541496
16.350000 72.995811
16.360000 72.428665
16.370000 71.846893
16.380000 71.239403
16.390000 70.656464
16.400000 70.052879
16.410000 69.413101
16.420000 68.792801
16.430000 68.156960
16.440000 67.501709
16.450000 66.762405
16.460000 65.989975
16.470000 65.215721
16.480000 64.418999
16.490000 63.603317
16.500000 62.747120
16.510000 61.851353
16.520000 60.934544
16.530000 59.967751
16.540000 58.987629
16.550000 57.974659
16.560000 56.946487
16.570000 55.902885
16.580000 54.876648
16.590000 53.877575
16.600000 52.912266
16.610000 51.943516
16.620000 51.017773
16.630000 50.150215
16.640000 49.253265
16.650000 48.349998
16.660000 47.486469
16.670000 46.649872
16.680000 45.852875
16.690000 44.985603
16.700000 44.160534
16.710000 43.400826
16.720000 42.683086
16.730000 42.015179
16.740000 41.371956
16.750000 40.757065
16.760000 40.083710
16.770000 39.476200
16.780000 38.952171
16.790000 38.497101
16.800000 38.137405
16.810000 37.864651
16.820000 37.661114
16.830000 37.497963
16.840000 37.357857
16.850000 37.309311
16.860000 37.276947
16.870000 37.336941
16.880000 37.346516
16.890000 37.357841
16.900000 37.397499
16.910000 37.337593
16.920000 37.282940
16.930000 37.291809
16.940000 37.445232
16.950000 37.640247
16.960000 37.912521
16.970000 38.206223
16.980000 38.525349
16.990000 38.883934
17.000000 39.230553
17.010000 39.744724
17.020000 40.354275
17.030000 40.978165
17.040000 41.615490
17.050000 42.340042
17.060000 42.937237
17.070000 43.477203
17.080000 44.002880
17.090000 44.538677
17.100000 45.103691
17.110000 45.718422
17.120000 46.365078
17.130000 46.923595
17.140000 47.539627
17.150000 48.220402
17.160000 48.971394
17.170000 49.600418
17.180000 50.210083
17.190000 50.845272
17.200000 51.342148
17.210000 51.797199
17.220000 52.188736
17.230000 52.411102
17.240000 52.636765
17.250000 52.817703
17.260000 52.892273
17.270000 52.987705
17.280000 53.073704
17.290000 53.136288
17.300000 53.170586
17.310000 53.168560
17.320000 53.111858
17.330000 53.005856
17.340000 52.900738
17.350000 52.926933
17.360000 52.980076
17.370000 53.004997
17.380000 53.134220
17.390000 53.231888
17.400000 53.298950
17.410000 53.307022
17.420000 53.226341
17.430000 53.053886
17.440000 52.755047
17.450000 52.484894
17.460000 52.214664
17.470000 51.890438
17.480000 51.477768
17.490000 51.024292
17.500000 50.574642
17.510000 50.242912
17.520000 49.839497
17.530000 49.280319
17.540000 48.668667
17.550000 48.000114
17.560000 47.345684
17.570000 46.757195
17.580000 46.135239
17.590000 45.446438
17.600000 44.713490
17.610000 44.007908
17.620000 43.340393
17.630000 42.715256
17.640000 42.016441
17.650000 41.301567
17.660000 40.597977
17.670000 39.838799
17.680000 39.019127
17.690000 38.146152
17.700000 37.275822
17.710000 36.283619
17.720000 35.318295
17.730000 34.397663
17.740000 33.458103
17.750000 32.515205
17.760000 31.572264
17.770000 30.564219
17.780000 29.502396
17.790000 28.398895
17.800000 27.321301
17.810000 26.292446
17.820000 25.257229
17.830000 24.260143
17.840000 23.284761
17.850000 22.426117
17.860000 21.627977
17.870000 20.899504
17.880000 20.296865
17.890000 19.819160
17.900000 19.336472
17.910000 18.859707
17.920000 18.429028
17.930000 18.091795
17.940000 17.757496
17.950000 17.447145
17.960000 17.186060
17.970000 16.930515
17.980000 16.649536
17.990000 16.368256
18.000000 16.128822
18.010000 15.929090
18.020000 15.720895
18.030000 15.522751
18.040000 15.324661
18.050000 15.133719
18.060000 14.953094
18.070000 14.803895
18.080000 14.639934
18.090000 14.475460
18.100000 14.318151
18.110000 14.161976
18.120000 14.017902
18.130000 13.882836
18.140000 13.753788
18.150000 13.620885
18.160000 13.496220
18.170000 13.375484
18.180000 13.241029
18.190000 13.130493
18.200000 13.036184
18.210000 12.930548
18.220000 12.821123
18.230000 12.745836
18.240000 12.733729
18.250000 12.715448
18.260000 12.713027
18.270000 12.764176
18.280000 12.851789
18.290000 12.957829
18.300000 13.099363
18.310000 13.252789
18.320000 13.454024
18.330000 13.640118
18.340000 13.787979
18.350000 13.955159
18.360000 14.183372
18.370000 14.425344
18.380000 14.574793
18.390000 14.610272
18.400000 14.608590
18.410000 14.596192
18.420000 14.586412
18.430000 14.655456
18.440000 14.643966
18.450000 14.558331
18.460000 14.547891
18.470000 14.427197
18.480000 14.424588
18.490000 14.317142
18.500000 14.254040
18.510000 14.153843
18.520000 14.021275
18.530000 13.859236
18.540000 13.774265
18.550000 13.676405
18.560000 13.550939
18.570000 13.392681
18.580000 13.238482
18.590000 13.096130
18.600000 12.959827
18.610000 12.847085
18.620000 12.780650
18.630000 12.681648
18.640000 12.580694
18.650000 12.525365
18.660000 12.469825
18.670000 12.435877
18.680000 12.356072
18.690000 12.301892
18.700000 12.274662
18.710000 12.270279
18.720000 12.307755
18.730000 12.385819
18.740000 12.448792
18.750000 12.523439
18.760000 12.577566
18.770000 12.626383
18.780000 12.645249
18.790000 12.637073
18.800000 12.583009
18.810000 12.523649
18.820000 12.483129
18.830000 12.475403
18.840000 12.488693
18.850000 12.528178
18.860000 12.495940
18.870000 12.402513
18.880000 12.302063
18.890000 12.224559
18.900000 12.148988
18.910000 12.036911
18.920000 11.940321
18.930000 11.847103
18.940000 11.750196
18.950000 11.627688
18.960000 11.503838
18.970000 11.383935
18.980000 11.317360
18.990000 11.266148
19.000000 11.212232
19.010000 11.149642
19.020000 11.094698
19.030000 11.077789
19.040000 11.098066
19.050000 11.122447
19.060000 11.128957
19.070000 11.126616
19.080000 11.121021
19.090000 11.108085
19.100000 11.083039
19.110000 11.051208
19.120000 11.019908
19.130000 10.986260
19.140000 10.954690
19.150000 10.925315
19.160000 10.906510
19.170000 10.918448
19.180000 10.923109
19.190000 10.960946
19.200000 11.001715
19.210000 11.042562
19.220000 11.083990
19.230000 11.145687
19.240000 11.216306
19.250000 11.290097
19.260000 11.355700
19.270000 11.394746
19.280000 11.424438
19.290000 11.475767
19.300000 11.538025
19.310000 11.622688
19.320000 11.697566
19.330000 11.771847
19.340000 11.845902
19.350000 11.919114
19.360000 11.992197
19.370000 12.062901
19.380000 12.133934
19.390000 12.200987
19.400000 12.278965
19.410000 12.354044
19.420000 12.420752
19.430000 12.487631
19.440000 12.554614
19.450000 12.621204
19.460000 12.668546
19.470000 12.707088
19.480000 12.740961
19.490000 12.771441
19.500000 12.799798
19.510000 12.832231
19.520000 12.875044
19.530000 12.921074
19.540000 12.966654
19.550000 13.004594
19.560000 13.046811
19.570000 13.102391
19.580000 13.153024
19.590000 13.213475
19.600000 13.294233
19.610000 13.399026
19.620000 13.502862
19.630000 13.611828
19.640000 13.713871
19.650000 13.827438
19.660000 13.941185
19.670000 14.033694
19.680000 14.137170
19.690000 14.238689
19.700000 14.332625
19.710000 14.406073
19.720000 14.460651
19.730000 14.486843
19.740000 14.497717
19.750000 14.517702
19.760000 14.554853
19.770000 14.560184
19.780000 14.563148
19.790000 14.572078
19.800000 14.584599
19.810000 14.595413
19.820000 14.594449
19.830000 14.591426
19.840000 14.597492
19.850000 14.616863
19.860000 14.578208
19.870000 14.511991
19.880000 14.381671
19.890000 14.246596
19.900000 14.161572
19.910000 14.123161
19.920000 14.075485
19.930000 14.002514
19.940000 13.939471
19.950000 13.872294
19.960000 13.775542
19.970000 13.710835
19.980000 13.632427
19.990000 13.614840
