0.000000 0.195304
0.010000 0.244725
0.020000 0.278016
0.030000 0.301277
0.040000 0.320873
0.050000 0.339430
0.060000 0.356358
0.070000 0.368113
0.080000 0.371859
0.090000 0.364882
0.100000 0.348824
0.110000 0.326723
0.120000 0.305800
0.130000 0.289471
0.140000 0.274163
0.150000 0.249547
0.160000 0.208806
0.170000 0.161802
0.180000 0.134819
0.190000 0.126773
0.200000 0.106821
0.210000 0.087839
0.220000 0.105766
0.230000 0.129960
0.240000 0.144685
0.250000 0.155465
0.260000 0.158050
0.270000 0.153845
0.280000 0.157327
0.290000 0.166604
0.300000 0.168849
0.310000 0.156783
0.320000 0.129785
0.330000 0.094083
0.340000 0.070096
0.350000 0.086616
0.360000 0.128226
0.370000 0.170600
0.380000 0.205637
0.390000 0.231756
0.400000 0.250330
0.410000 0.261317
0.420000 0.260073
0.430000 0.238161
0.440000 0.190091
0.450000 0.132973
0.460000 0.115133
0.470000 0.148729
0.480000 0.180228
0.490000 0.153175
0.500000 0.130836
0.510000 0.134549
0.520000 0.130811
0.530000 0.107619
0.540000 0.066709
0.550000 0.025818
0.560000 0.046270
0.570000 0.048223
0.580000 0.037688
0.590000 0.020209
0.600000 0.053111
0.610000 0.121695
0.620000 0.187654
0.630000 0.232757
0.640000 0.257468
0.650000 0.273333
0.660000 0.290370
0.670000 0.310632
0.680000 0.330956
0.690000 0.347699
0.700000 0.357584
0.710000 0.356299
0.720000 0.341678
0.730000 0.314445
0.740000 0.280644
0.750000 0.251000
0.760000 0.231388
0.770000 0.217514
0.780000 0.198355
0.790000 0.166014
0.800000 0.130643
0.810000 0.115659
0.820000 0.107630
0.830000 0.089457
0.840000 0.086639
0.850000 0.102510
0.860000 0.117102
0.870000 0.131613
0.880000 0.137545
0.890000 0.132192
0.900000 0.135073
0.910000 0.150244
0.920000 0.161448
0.930000 0.158272
0.940000 0.136730
0.950000 0.098575
0.960000 0.054672
0.970000 0.051575
0.980000 0.099252
0.990000 0.149133
1.000000 0.188330
1.010000 0.214456
1.020000 0.230036
1.030000 0.238721
1.040000 0.242529
1.050000 0.235248
1.060000 0.205140
1.070000 0.147873
1.080000 0.096020
1.090000 0.102714
1.100000 0.139192
1.110000 0.148880
1.120000 0.119414
1.130000 0.109213
1.140000 0.107883
1.150000 0.093587
1.160000 0.057343
1.170000 0.025665
1.180000 0.062817
1.190000 0.068754
1.200000 0.063199
1.210000 0.043779
1.220000 0.032483
1.230000 0.100787
1.240000 0.170763
1.250000 0.211901
1.260000 0.227030
1.270000 0.235618
1.280000 0.251709
1.290000 0.274597
1.300000 0.299189
1.310000 0.320558
1.320000 0.336396
1.330000 0.344098
1.340000 0.339864
1.350000 0.319810
1.360000 0.283135
1.370000 0.238274
1.380000 0.198592
1.390000 0.174444
1.400000 0.162078
1.410000 0.152249
1.420000 0.132897
1.430000 0.109834
1.440000 0.100763
1.450000 0.092322
1.460000 0.081368
1.470000 0.082588
1.480000 0.091838
1.490000 0.106032
1.500000 0.116910
1.510000 0.110193
1.520000 0.104948
1.530000 0.121319
1.540000 0.143281
1.550000 0.154480
1.560000 0.147400
1.570000 0.118738
1.580000 0.071888
1.590000 0.027479
1.600000 0.069135
1.610000 0.128769
1.620000 0.177764
1.630000 0.209934
1.640000 0.225005
1.650000 0.227876
1.660000 0.226800
1.670000 0.224958
1.680000 0.214308
1.690000 0.178920
1.700000 0.115839
1.710000 0.081752
1.720000 0.104795
1.730000 0.131083
1.740000 0.122703
1.750000 0.101090
1.760000 0.087891
1.770000 0.079107
1.780000 0.056326
1.790000 0.027442
1.800000 0.078184
1.810000 0.090828
1.820000 0.093493
1.830000 0.085060
1.840000 0.046756
1.850000 0.069931
1.860000 0.145284
1.870000 0.185476
1.880000 0.190764
1.890000 0.191626
1.900000 0.207643
1.910000 0.234781
1.920000 0.262834
1.930000 0.286932
1.940000 0.306139
1.950000 0.319438
1.960000 0.325652
1.970000 0.320214
1.980000 0.298463
1.990000 0.257588
2.000000 0.204973
2.010000 0.157121
2.020000 0.126507
2.030000 0.112014
2.040000 0.110555
2.050000 0.107067
2.060000 0.096118
2.070000 0.088879
2.080000 0.082193
2.090000 0.077773
2.100000 0.080995
2.110000 0.091676
2.120000 0.105305
2.130000 0.103884
2.140000 0.084697
2.150000 0.084664
2.160000 0.109173
2.170000 0.135541
2.180000 0.149830
2.190000 0.141964
2.200000 0.108409
2.210000 0.053667
2.220000 0.027625
2.230000 0.094792
2.240000 0.158469
2.250000 0.205362
2.260000 0.230640
2.270000 0.235142
2.280000 0.226491
2.290000 0.216186
2.300000 0.210840
2.310000 0.200957
2.320000 0.164839
2.330000 0.097473
2.340000 0.081759
2.350000 0.113193
2.360000 0.125396
2.370000 0.110055
2.380000 0.088349
2.390000 0.068661
2.400000 0.055922
2.410000 0.025486
2.420000 0.081495
2.430000 0.107512
2.440000 0.119218
2.450000 0.130523
2.460000 0.103647
2.470000 0.052917
2.480000 0.110807
2.490000 0.158089
2.500000 0.156339
2.510000 0.145925
2.520000 0.161202
2.530000 0.193205
2.540000 0.225153
2.550000 0.251436
2.560000 0.272632
2.570000 0.288343
2.580000 0.298820
2.590000 0.302431
2.600000 0.296736
2.610000 0.276788
2.620000 0.237311
2.630000 0.183601
2.640000 0.134435
2.650000 0.104496
2.660000 0.083460
2.670000 0.076158
2.680000 0.086004
2.690000 0.087550
2.700000 0.080986
2.710000 0.076458
2.720000 0.079174
2.730000 0.092024
2.740000 0.109646
2.750000 0.118991
2.760000 0.106655
2.770000 0.080729
2.780000 0.074448
2.790000 0.095168
2.800000 0.127959
2.810000 0.150026
2.820000 0.145038
2.830000 0.108623
2.840000 0.048250
2.850000 0.041856
2.860000 0.116775
2.870000 0.183037
2.880000 0.228369
2.890000 0.248249
2.900000 0.245374
2.910000 0.227657
2.920000 0.209872
2.930000 0.202886
2.940000 0.198598
2.950000 0.170057
2.960000 0.098295
2.970000 0.073937
2.980000 0.121276
2.990000 0.124337
3.000000 0.108080
3.010000 0.082998
3.020000 0.055528
3.030000 0.038732
3.040000 0.058977
3.050000 0.111609
3.060000 0.129000
3.070000 0.161120
3.080000 0.170676
3.090000 0.113726
3.100000 0.075668
3.110000 0.130327
3.120000 0.133622
3.130000 0.105508
3.140000 0.111099
3.150000 0.147014
3.160000 0.183361
3.170000 0.213901
3.180000 0.239751
3.190000 0.260968
3.200000 0.276235
3.210000 0.283785
3.220000 0.282470
3.230000 0.272954
3.240000 0.253480
3.250000 0.220225
3.260000 0.172019
3.270000 0.126991
3.280000 0.110592
3.290000 0.101915
3.300000 0.077680
3.310000 0.073879
3.320000 0.084135
3.330000 0.078821
3.340000 0.074938
3.350000 0.082700
3.360000 0.109150
3.370000 0.137213
3.380000 0.146741
3.390000 0.133285
3.400000 0.106510
3.410000 0.080307
3.420000 0.079597
3.430000 0.118898
3.440000 0.153842
3.450000 0.156490
3.460000 0.122276
3.470000 0.064238
3.480000 0.060365
3.490000 0.132606
3.500000 0.199474
3.510000 0.243460
3.520000 0.259710
3.530000 0.252634
3.540000 0.230817
3.550000 0.207964
3.560000 0.198320
3.570000 0.202104
3.580000 0.194326
3.590000 0.137748
3.600000 0.052048
3.610000 0.114510
3.620000 0.127210
3.630000 0.112007
3.640000 0.087428
3.650000 0.053497
3.660000 0.035093
3.670000 0.083976
3.680000 0.120263
3.690000 0.151183
3.700000 0.206968
3.710000 0.207221
3.720000 0.126063
3.730000 0.094709
3.740000 0.124217
3.750000 0.091712
3.760000 0.060471
3.770000 0.090434
3.780000 0.129259
3.790000 0.162170
3.800000 0.193175
3.810000 0.224623
3.820000 0.254656
3.830000 0.277382
3.840000 0.286927
3.850000 0.280905
3.860000 0.261817
3.870000 0.235473
3.880000 0.204761
3.890000 0.167134
3.900000 0.126946
3.910000 0.114312
3.920000 0.130881
3.930000 0.125518
3.940000 0.098326
3.950000 0.094062
3.960000 0.086946
3.970000 0.076191
3.980000 0.084149
3.990000 0.113838
4.000000 0.158528
4.010000 0.177998
4.020000 0.172408
4.030000 0.149706
4.040000 0.111175
4.050000 0.071048
4.060000 0.101296
4.070000 0.152785
4.080000 0.171251
4.090000 0.148049
4.100000 0.098228
4.110000 0.078215
4.120000 0.132451
4.130000 0.195755
4.140000 0.238785
4.150000 0.255753
4.160000 0.250423
4.170000 0.229702
4.180000 0.202330
4.190000 0.182674
4.200000 0.183800
4.210000 0.199480
4.220000 0.196338
4.230000 0.124499
4.240000 0.057690
4.250000 0.121248
4.260000 0.117738
4.270000 0.099392
4.280000 0.065417
4.290000 0.040149
4.300000 0.083524
4.310000 0.113197
4.320000 0.158730
4.330000 0.240404
4.340000 0.246004
4.350000 0.152216
4.360000 0.099575
4.370000 0.109385
4.380000 0.060144
4.390000 0.029983
4.400000 0.063910
4.410000 0.092884
4.420000 0.118591
4.430000 0.149423
4.440000 0.189358
4.450000 0.235854
4.460000 0.278708
4.470000 0.305412
4.480000 0.306512
4.490000 0.281692
4.500000 0.241041
4.510000 0.198970
4.520000 0.164352
4.530000 0.135069
4.540000 0.113983
4.550000 0.124505
4.560000 0.153973
4.570000 0.153788
4.580000 0.132173
4.590000 0.122167
4.600000 0.091688
4.610000 0.081758
4.620000 0.100723
4.630000 0.147184
4.640000 0.193256
4.650000 0.205726
4.660000 0.195499
4.670000 0.163832
4.680000 0.101818
4.690000 0.070941
4.700000 0.129429
4.710000 0.172878
4.720000 0.173809
4.730000 0.139673
4.740000 0.098602
4.750000 0.106984
4.760000 0.156623
4.770000 0.197943
4.780000 0.216268
4.790000 0.216220
4.800000 0.205165
4.810000 0.181741
4.820000 0.149348
4.830000 0.125842
4.840000 0.130301
4.850000 0.160022
4.860000 0.190071
4.870000 0.148096
4.880000 0.056217
4.890000 0.105504
4.900000 0.106868
4.910000 0.087399
4.920000 0.052088
4.930000 0.056875
4.940000 0.091964
4.950000 0.123246
4.960000 0.234320
4.970000 0.283564
4.980000 0.207265
4.990000 0.099404
5.000000 0.099880
5.010000 0.057375
5.020000 0.023713
5.030000 0.037509
5.040000 0.052897
5.050000 0.065489
5.060000 0.081875
5.070000 0.112629
5.080000 0.164526
5.090000 0.229043
5.100000 0.288282
5.110000 0.322676
5.120000 0.321442
5.130000 0.285781
5.140000 0.229563
5.150000 0.174427
5.160000 0.139721
5.170000 0.126249
5.180000 0.122023
5.190000 0.131830
5.200000 0.160389
5.210000 0.174618
5.220000 0.164891
5.230000 0.156001
5.240000 0.111711
5.250000 0.080945
5.260000 0.108145
5.270000 0.152100
5.280000 0.201935
5.290000 0.219745
5.300000 0.212775
5.310000 0.174487
5.320000 0.097743
5.330000 0.071274
5.340000 0.132289
5.350000 0.169866
5.360000 0.171228
5.370000 0.140428
5.380000 0.096762
5.390000 0.094748
5.400000 0.133535
5.410000 0.159354
5.420000 0.158509
5.430000 0.142512
5.440000 0.123350
5.450000 0.103851
5.460000 0.077668
5.470000 0.049005
5.480000 0.050332
5.490000 0.069671
5.500000 0.116115
5.510000 0.165254
5.520000 0.104159
5.530000 0.065249
5.540000 0.090800
5.550000 0.081011
5.560000 0.051102
5.570000 0.061507
5.580000 0.059865
5.590000 0.132764
5.600000 0.264123
5.610000 0.282176
5.620000 0.160601
5.630000 0.084589
5.640000 0.069350
5.650000 0.037828
5.660000 0.035407
5.670000 0.045625
5.680000 0.059438
5.690000 0.071685
5.700000 0.074749
5.710000 0.074082
5.720000 0.105174
5.730000 0.172328
5.740000 0.242153
5.750000 0.288710
5.760000 0.300099
5.770000 0.276515
5.780000 0.226806
5.790000 0.167230
5.800000 0.123744
5.810000 0.118267
5.820000 0.132165
5.830000 0.144972
5.840000 0.158660
5.850000 0.172231
5.860000 0.175910
5.870000 0.175234
5.880000 0.159163
5.890000 0.087997
5.900000 0.087110
5.910000 0.124569
5.920000 0.167652
5.930000 0.203306
5.940000 0.214909
5.950000 0.192466
5.960000 0.121615
5.970000 0.055491
5.980000 0.094214
5.990000 0.137770
6.000000 0.159520
6.010000 0.147699
6.020000 0.102008
6.030000 0.064261
6.040000 0.091440
6.050000 0.120033
6.060000 0.117712
6.070000 0.098049
6.080000 0.077126
6.090000 0.060748
6.100000 0.035761
6.110000 0.011389
6.120000 0.031441
6.130000 0.056850
6.140000 0.055703
6.150000 0.049876
6.160000 0.124706
6.170000 0.103650
6.180000 0.049747
6.190000 0.071782
6.200000 0.052126
6.210000 0.043112
6.220000 0.024973
6.230000 0.067166
6.240000 0.222726
6.250000 0.270826
6.260000 0.163227
6.270000 0.064461
6.280000 0.051356
6.290000 0.039852
6.300000 0.040715
6.310000 0.048722
6.320000 0.067415
6.330000 0.093219
6.340000 0.110414
6.350000 0.104070
6.360000 0.081286
6.370000 0.097112
6.380000 0.154169
6.390000 0.202623
6.400000 0.224853
6.410000 0.221578
6.420000 0.198668
6.430000 0.162057
6.440000 0.118454
6.450000 0.086551
6.460000 0.099558
6.470000 0.133704
6.480000 0.158876
6.490000 0.174675
6.500000 0.172283
6.510000 0.158876
6.520000 0.157178
6.530000 0.152402
6.540000 0.091579
6.550000 0.055577
6.560000 0.110650
6.570000 0.131527
6.580000 0.158649
6.590000 0.184055
6.600000 0.167215
6.610000 0.101790
6.620000 0.044247
6.630000 0.058057
6.640000 0.099165
6.650000 0.133153
6.660000 0.131240
6.670000 0.093532
6.680000 0.060707
6.690000 0.086615
6.700000 0.107557
6.710000 0.103908
6.720000 0.084902
6.730000 0.063519
6.740000 0.039638
6.750000 0.017926
6.760000 0.040301
6.770000 0.062695
6.780000 0.096219
6.790000 0.106071
6.800000 0.065760
6.810000 0.042926
6.820000 0.093073
6.830000 0.076721
6.840000 0.033610
6.850000 0.037218
6.860000 0.043538
6.870000 0.047804
6.880000 0.076090
6.890000 0.189321
6.900000 0.211842
6.910000 0.086963
6.920000 0.044908
6.930000 0.052922
6.940000 0.052189
6.950000 0.051117
6.960000 0.059297
6.970000 0.077162
6.980000 0.093001
6.990000 0.096589
7.000000 0.080591
7.010000 0.054779
7.020000 0.079172
7.030000 0.131078
7.040000 0.167958
7.050000 0.181823
7.060000 0.174146
7.070000 0.150416
7.080000 0.119735
7.090000 0.091446
7.100000 0.068502
7.110000 0.060072
7.120000 0.088999
7.130000 0.129684
7.140000 0.155751
7.150000 0.169706
7.160000 0.161524
7.170000 0.126295
7.180000 0.118114
7.190000 0.114050
7.200000 0.074191
7.210000 0.033327
7.220000 0.089600
7.230000 0.098186
7.240000 0.092187
7.250000 0.126832
7.260000 0.115805
7.270000 0.076091
7.280000 0.057248
7.290000 0.039188
7.300000 0.063228
7.310000 0.101230
7.320000 0.110730
7.330000 0.094798
7.340000 0.082835
7.350000 0.080553
7.360000 0.073553
7.370000 0.059581
7.380000 0.059121
7.390000 0.057279
7.400000 0.059367
7.410000 0.058240
7.420000 0.068605
7.430000 0.084855
7.440000 0.081945
7.450000 0.125695
7.460000 0.149520
7.470000 0.084577
7.480000 0.051164
7.490000 0.060157
7.500000 0.049844
7.510000 0.014929
7.520000 0.060443
7.530000 0.112659
7.540000 0.139046
7.550000 0.135544
7.560000 0.116260
7.570000 0.010950
7.580000 0.039806
7.590000 0.052753
7.600000 0.058462
7.610000 0.074468
7.620000 0.088327
7.630000 0.090189
7.640000 0.081680
7.650000 0.068640
7.660000 0.045502
7.670000 0.021356
7.680000 0.058877
7.690000 0.100320
7.700000 0.135077
7.710000 0.161454
7.720000 0.172617
7.730000 0.164796
7.740000 0.142100
7.750000 0.114367
7.760000 0.092476
7.770000 0.081128
7.780000 0.080509
7.790000 0.095764
7.800000 0.122452
7.810000 0.142674
7.820000 0.146470
7.830000 0.136887
7.840000 0.102839
7.850000 0.084480
7.860000 0.089814
7.870000 0.079437
7.880000 0.062634
7.890000 0.055758
7.900000 0.076139
7.910000 0.048103
7.920000 0.065994
7.930000 0.078623
7.940000 0.085992
7.950000 0.108760
7.960000 0.090703
7.970000 0.056987
7.980000 0.060742
7.990000 0.090619
8.000000 0.092883
8.010000 0.051618
8.020000 0.036135
8.030000 0.046655
8.040000 0.064672
8.050000 0.077716
8.060000 0.076622
8.070000 0.009944
8.080000 0.055998
8.090000 0.052033
8.100000 0.083997
8.110000 0.090915
8.120000 0.074834
8.130000 0.110975
8.140000 0.135129
8.150000 0.111517
8.160000 0.032558
8.170000 0.058812
8.180000 0.087195
8.190000 0.078351
8.200000 0.145951
8.210000 0.176911
8.220000 0.099976
8.230000 0.108350
8.240000 0.080076
8.250000 0.077667
8.260000 0.052370
8.270000 0.059207
8.280000 0.078111
8.290000 0.084500
8.300000 0.087745
8.310000 0.090748
8.320000 0.088729
8.330000 0.076167
8.340000 0.065457
8.350000 0.060758
8.360000 0.060532
8.370000 0.080089
8.380000 0.108340
8.390000 0.129475
8.400000 0.139038
8.410000 0.140558
8.420000 0.138817
8.430000 0.133345
8.440000 0.122277
8.450000 0.107641
8.460000 0.096558
8.470000 0.094144
8.480000 0.098893
8.490000 0.104672
8.500000 0.110748
8.510000 0.119128
8.520000 0.108562
8.530000 0.079152
8.540000 0.050110
8.550000 0.046385
8.560000 0.064668
8.570000 0.086634
8.580000 0.104895
8.590000 0.098162
8.600000 0.086145
8.610000 0.089555
8.620000 0.096464
8.630000 0.113145
8.640000 0.131216
8.650000 0.125621
8.660000 0.102401
8.670000 0.069970
8.680000 0.078998
8.690000 0.075032
8.700000 0.064189
8.710000 0.054403
8.720000 0.060943
8.730000 0.080919
8.740000 0.096945
8.750000 0.050702
8.760000 0.048244
8.770000 0.045513
8.780000 0.029739
8.790000 0.046648
8.800000 0.067000
8.810000 0.072851
8.820000 0.093957
8.830000 0.094454
8.840000 0.087591
8.850000 0.092760
8.860000 0.039292
8.870000 0.079024
8.880000 0.075155
8.890000 0.115386
8.900000 0.143637
8.910000 0.091489
8.920000 0.116275
8.930000 0.120127
8.940000 0.093732
8.950000 0.072746
8.960000 0.065468
8.970000 0.073317
8.980000 0.075728
8.990000 0.080275
9.000000 0.075903
9.010000 0.084841
9.020000 0.103473
9.030000 0.122072
9.040000 0.135846
9.050000 0.133473
9.060000 0.123955
9.070000 0.115156
9.080000 0.113173
9.090000 0.117179
9.100000 0.124211
9.110000 0.130652
9.120000 0.131922
9.130000 0.124545
9.140000 0.106910
9.150000 0.079995
9.160000 0.052469
9.170000 0.050177
9.180000 0.075107
9.190000 0.094463
9.200000 0.091816
9.210000 0.066719
9.220000 0.037759
9.230000 0.030702
9.240000 0.033571
9.250000 0.041320
9.260000 0.051719
9.270000 0.072496
9.280000 0.097915
9.290000 0.095314
9.300000 0.087050
9.310000 0.105496
9.320000 0.128977
9.330000 0.129117
9.340000 0.093817
9.350000 0.065667
9.360000 0.048923
9.370000 0.021901
9.380000 0.046005
9.390000 0.060044
9.400000 0.058730
9.410000 0.080710
9.420000 0.085236
9.430000 0.068394
9.440000 0.047431
9.450000 0.031323
9.460000 0.027036
9.470000 0.046274
9.480000 0.033229
9.490000 0.023482
9.500000 0.005937
9.510000 0.026890
9.520000 0.044825
9.530000 0.065259
9.540000 0.066460
9.550000 0.089467
9.560000 0.076503
9.570000 0.104886
9.580000 0.039134
9.590000 0.050883
9.600000 0.082182
9.610000 0.048990
9.620000 0.082009
9.630000 0.053047
9.640000 0.063892
9.650000 0.064221
9.660000 0.121196
9.670000 0.097722
9.680000 0.121622
9.690000 0.090325
9.700000 0.058668
9.710000 0.019027
9.720000 0.038195
9.730000 0.065372
9.740000 0.080257
9.750000 0.070972
9.760000 0.065410
9.770000 0.073203
9.780000 0.089107
9.790000 0.100604
9.800000 0.091808
9.810000 0.074574
9.820000 0.078539
9.830000 0.080511
9.840000 0.076424
9.850000 0.073747
9.860000 0.074033
9.870000 0.077489
9.880000 0.079722
9.890000 0.076619
9.900000 0.068586
9.910000 0.057938
9.920000 0.046048
9.930000 0.033736
9.940000 0.023875
9.950000 0.022912
9.960000 0.031867
9.970000 0.045794
9.980000 0.062827
9.990000 0.082340
10.000000 0.103360
10.010000 0.123952
10.020000 0.142182
10.030000 0.156356
10.040000 0.165277
10.050000 0.168326
10.060000 0.165736
10.070000 0.158125
10.080000 0.146709
10.090000 0.133207
10.100000 0.120416
10.110000 0.112803
10.120000 0.115992
10.130000 0.131592
10.140000 0.154421
10.150000 0.176207
10.160000 0.189521
10.170000 0.190041
10.180000 0.174476
10.190000 0.137259
10.200000 0.084460
10.210000 0.094604
10.220000 0.149723
10.230000 0.164973
10.240000 0.167979
10.250000 0.190352
10.260000 0.179224
10.270000 0.150733
10.280000 0.136422
10.290000 0.110880
10.300000 0.085935
10.310000 0.067355
10.320000 0.042895
10.330000 0.054249
10.340000 0.106035
10.350000 0.125059
10.360000 0.111625
10.370000 0.073197
10.380000 0.052412
10.390000 0.015307
10.400000 0.047379
10.410000 0.065404
10.420000 0.078114
10.430000 0.055952
10.440000 0.024861
10.450000 0.023519
10.460000 0.030600
10.470000 0.056306
10.480000 0.067934
10.490000 0.078109
10.500000 0.031951
10.510000 0.159998
10.520000 0.123996
10.530000 0.050713
10.540000 0.077357
10.550000 0.140769
10.560000 0.112090
10.570000 0.059410
10.580000 0.160256
10.590000 0.170813
10.600000 0.105617
10.610000 0.098496
10.620000 0.053736
10.630000 0.010851
10.640000 0.058243
10.650000 0.033372
10.660000 0.093844
10.670000 0.143981
10.680000 0.180977
10.690000 0.207457
10.700000 0.193989
10.710000 0.096047
10.720000 0.088424
10.730000 0.079174
10.740000 0.103822
10.750000 0.127520
10.760000 0.164490
10.770000 0.226005
10.780000 0.241964
10.790000 0.229278
10.800000 0.299063
10.810000 0.305791
10.820000 0.202943
10.830000 0.142680
10.840000 0.133766
10.850000 0.140619
10.860000 0.146789
10.870000 0.142893
10.880000 0.139092
10.890000 0.174079
10.900000 0.154115
10.910000 0.133260
10.920000 0.122634
10.930000 0.122237
10.940000 0.142070
10.950000 0.166167
10.960000 0.160799
10.970000 0.144339
10.980000 0.131761
10.990000 0.094337
11.000000 0.104810
11.010000 0.141183
11.020000 0.138736
11.030000 0.111980
11.040000 0.077034
11.050000 0.094122
11.060000 0.156618
11.070000 0.121017
11.080000 0.090109
11.090000 0.104629
11.100000 0.115081
11.110000 0.102898
11.120000 0.091211
11.130000 0.103414
11.140000 0.190142
11.150000 0.243990
11.160000 0.274478
11.170000 0.281708
11.180000 0.353641
11.190000 0.497640
11.200000 0.373969
11.210000 0.364738
11.220000 0.333783
11.230000 0.229097
11.240000 0.180898
11.250000 0.097561
11.260000 0.033774
11.270000 0.161697
11.280000 0.263807
11.290000 0.274040
11.300000 0.235034
11.310000 0.227712
11.320000 0.236366
11.330000 0.221910
11.340000 0.209613
11.350000 0.200450
11.360000 0.201250
11.370000 0.220446
11.380000 0.226026
11.390000 0.194651
11.400000 0.158746
11.410000 0.153604
11.420000 0.172371
11.430000 0.217488
11.440000 0.270814
11.450000 0.296322
11.460000 0.289242
11.470000 0.278725
11.480000 0.281203
11.490000 0.289569
11.500000 0.289135
11.510000 0.254528
11.520000 0.186586
11.530000 0.147913
11.540000 0.190753
11.550000 0.223729
11.560000 0.228961
11.570000 0.255865
11.580000 0.236835
11.590000 0.214603
11.600000 0.193607
11.610000 0.172856
11.620000 0.180339
11.630000 0.191491
11.640000 0.138328
11.650000 0.098639
11.660000 0.103890
11.670000 0.083780
11.680000 0.076437
11.690000 0.068873
11.700000 0.064080
11.710000 0.074994
11.720000 0.053426
11.730000 0.056662
11.740000 0.105798
11.750000 0.078881
11.760000 0.076104
11.770000 0.071639
11.780000 0.077936
11.790000 0.069065
11.800000 0.087997
11.810000 0.138048
11.820000 0.170566
11.830000 0.201062
11.840000 0.203462
11.850000 0.193173
11.860000 0.247258
11.870000 0.311344
11.880000 0.201743
11.890000 0.246503
11.900000 0.253341
11.910000 0.317993
11.920000 0.180266
11.930000 0.193639
11.940000 0.089705
11.950000 0.180127
11.960000 0.231399
11.970000 0.216752
11.980000 0.187553
11.990000 0.195810
12.000000 0.188281
12.010000 0.181594
12.020000 0.181607
12.030000 0.168535
12.040000 0.138783
12.050000 0.126134
12.060000 0.132491
12.070000 0.120174
12.080000 0.114014
12.090000 0.128571
12.100000 0.151331
12.110000 0.190068
12.120000 0.230413
12.130000 0.251375
12.140000 0.247279
12.150000 0.232801
12.160000 0.220471
12.170000 0.217280
12.180000 0.233660
12.190000 0.267139
12.200000 0.296608
12.210000 0.295975
12.220000 0.269610
12.230000 0.269984
12.240000 0.300753
12.250000 0.300307
12.260000 0.287588
12.270000 0.302041
12.280000 0.300184
12.290000 0.283577
12.300000 0.257933
12.310000 0.248539
12.320000 0.253354
12.330000 0.226298
12.340000 0.160973
12.350000 0.111589
12.360000 0.069267
12.370000 0.051192
12.380000 0.077732
12.390000 0.080581
12.400000 0.065443
12.410000 0.032167
12.420000 0.032846
12.430000 0.050889
12.440000 0.100707
12.450000 0.066527
12.460000 0.035149
12.470000 0.033952
12.480000 0.054580
12.490000 0.055962
12.500000 0.054452
12.510000 0.058323
12.520000 0.093375
12.530000 0.119294
12.540000 0.119244
12.550000 0.093958
12.560000 0.090382
12.570000 0.102626
12.580000 0.071409
12.590000 0.067598
12.600000 0.102323
12.610000 0.194038
12.620000 0.133947
12.630000 0.106385
12.640000 0.097549
12.650000 0.075172
12.660000 0.121213
12.670000 0.140470
12.680000 0.178856
12.690000 0.218843
12.700000 0.207422
12.710000 0.181969
12.720000 0.150346
12.730000 0.141825
12.740000 0.146810
12.750000 0.143166
12.760000 0.171847
12.770000 0.204351
12.780000 0.212955
12.790000 0.223124
12.800000 0.230441
12.810000 0.223168
12.820000 0.213581
12.830000 0.200629
12.840000 0.172356
12.850000 0.132186
12.860000 0.096533
12.870000 0.080981
12.880000 0.085582
12.890000 0.101911
12.900000 0.122484
12.910000 0.139278
12.920000 0.145501
12.930000 0.140991
12.940000 0.135947
12.950000 0.143846
12.960000 0.160953
12.970000 0.173441
12.980000 0.182768
12.990000 0.194560
13.000000 0.198159
13.010000 0.187689
13.020000 0.178228
13.030000 0.168188
13.040000 0.150000
13.050000 0.142334
13.060000 0.146123
13.070000 0.139998
13.080000 0.127343
13.090000 0.133046
13.100000 0.133979
13.110000 0.143956
13.120000 0.154195
13.130000 0.092465
13.140000 0.102045
13.150000 0.049112
13.160000 0.057223
13.170000 0.058454
13.180000 0.050403
13.190000 0.040120
13.200000 0.049023
13.210000 0.020061
13.220000 0.015521
13.230000 0.024729
13.240000 0.056387
13.250000 0.050443
13.260000 0.048356
13.270000 0.007175
13.280000 0.074492
13.290000 0.035750
13.300000 0.050494
13.310000 0.075085
13.320000 0.081162
13.330000 0.140829
13.340000 0.206760
13.350000 0.187992
13.360000 0.145876
13.370000 0.090224
13.380000 0.086066
13.390000 0.036349
13.400000 0.079458
13.410000 0.075222
13.420000 0.100433
13.430000 0.080909
13.440000 0.136746
13.450000 0.110546
13.460000 0.118933
13.470000 0.130595
13.480000 0.151996
13.490000 0.127817
13.500000 0.124788
13.510000 0.148861
13.520000 0.148363
13.530000 0.151892
13.540000 0.154841
13.550000 0.149746
13.560000 0.137557
13.570000 0.122345
13.580000 0.109922
13.590000 0.105237
13.600000 0.098691
13.610000 0.079675
13.620000 0.050138
13.630000 0.029503
13.640000 0.035942
13.650000 0.043229
13.660000 0.041278
13.670000 0.039050
13.680000 0.049026
13.690000 0.068983
13.700000 0.090733
13.710000 0.109917
13.720000 0.124320
13.730000 0.132600
13.740000 0.133661
13.750000 0.127765
13.760000 0.116278
13.770000 0.103126
13.780000 0.094872
13.790000 0.098457
13.800000 0.113190
13.810000 0.128263
13.820000 0.128697
13.830000 0.106459
13.840000 0.079497
13.850000 0.085747
13.860000 0.102999
13.870000 0.105870
13.880000 0.088125
13.890000 0.055581
13.900000 0.059180
13.910000 0.091645
13.920000 0.105292
13.930000 0.070057
13.940000 0.029610
13.950000 0.051846
13.960000 0.056717
13.970000 0.063295
13.980000 0.066797
13.990000 0.065060
14.000000 0.061342
14.010000 0.048203
14.020000 0.031942
14.030000 0.054547
14.040000 0.058439
14.050000 0.052656
14.060000 0.054571
14.070000 0.037718
14.080000 0.021342
14.090000 0.027171
14.100000 0.042620
14.110000 0.052385
14.120000 0.010773
14.130000 0.030640
14.140000 0.072852
14.150000 0.027329
14.160000 0.100950
14.170000 0.131120
14.180000 0.053396
14.190000 0.092462
14.200000 0.067746
14.210000 0.106854
14.220000 0.074584
14.230000 0.114916
14.240000 0.061897
14.250000 0.035610
14.260000 0.043897
14.270000 0.039826
14.280000 0.055055
14.290000 0.065495
14.300000 0.060769
14.310000 0.062181
14.320000 0.046936
14.330000 0.065893
14.340000 0.123092
14.350000 0.169965
14.360000 0.113119
14.370000 0.081056
14.380000 0.065485
14.390000 0.072640
14.400000 0.077253
14.410000 0.064946
14.420000 0.065095
14.430000 0.069474
14.440000 0.063890
14.450000 0.063621
14.460000 0.076447
14.470000 0.102689
14.480000 0.123424
14.490000 0.126722
14.500000 0.168220
14.510000 0.236799
14.520000 0.265136
14.530000 0.258255
14.540000 0.255256
14.550000 0.264886
14.560000 0.273260
14.570000 0.292571
14.580000 0.306342
14.590000 0.281240
14.600000 0.255403
14.610000 0.245873
14.620000 0.255756
14.630000 0.247326
14.640000 0.199810
14.650000 0.133444
14.660000 0.094320
14.670000 0.052253
14.680000 0.059815
14.690000 0.084934
14.700000 0.077218
14.710000 0.057486
14.720000 0.031356
14.730000 0.042526
14.740000 0.076290
14.750000 0.098730
14.760000 0.057472
14.770000 0.024971
14.780000 0.044491
14.790000 0.055548
14.800000 0.047226
14.810000 0.058986
14.820000 0.067620
14.830000 0.119643
14.840000 0.126620
14.850000 0.141747
14.860000 0.101709
14.870000 0.130104
14.880000 0.108430
14.890000 0.065743
14.900000 0.098870
14.910000 0.139088
14.920000 0.195088
14.930000 0.152410
14.940000 0.103411
14.950000 0.088933
14.960000 0.101893
14.970000 0.137605
14.980000 0.149337
14.990000 0.190698
15.000000 0.216576
15.010000 0.200391
15.020000 0.172529
15.030000 0.142134
15.040000 0.140947
15.050000 0.135788
15.060000 0.142362
15.070000 0.181111
15.080000 0.202885
15.090000 0.207344
15.100000 0.219085
15.110000 0.224041
15.120000 0.220059
15.130000 0.216926
15.140000 0.205093
15.150000 0.176217
15.160000 0.138505
15.170000 0.109601
15.180000 0.101032
15.190000 0.109940
15.200000 0.128244
15.210000 0.146604
15.220000 0.156622
15.230000 0.157279
15.240000 0.159659
15.250000 0.176189
15.260000 0.198889
15.270000 0.212270
15.280000 0.220640
15.290000 0.232615
15.300000 0.235008
15.310000 0.218145
15.320000 0.203430
15.330000 0.191145
15.340000 0.175463
15.350000 0.169202
15.360000 0.170280
15.370000 0.164946
15.380000 0.154592
15.390000 0.154041
15.400000 0.143125
15.410000 0.157290
15.420000 0.144162
15.430000 0.088080
15.440000 0.096242
15.450000 0.042512
15.460000 0.060233
15.470000 0.057677
15.480000 0.048841
15.490000 0.034781
15.500000 0.058725
15.510000 0.028439
15.520000 0.016760
15.530000 0.022593
15.540000 0.051718
15.550000 0.056801
15.560000 0.052803
15.570000 0.031023
15.580000 0.068991
15.590000 0.043329
15.600000 0.065299
15.610000 0.078043
15.620000 0.097018
15.630000 0.143175
15.640000 0.224168
15.650000 0.162292
15.660000 0.115660
15.670000 0.076160
15.680000 0.068109
15.690000 0.017141
15.700000 0.080611
15.710000 0.092758
15.720000 0.105494
15.730000 0.090438
15.740000 0.148082
15.750000 0.111475
15.760000 0.118722
15.770000 0.129690
15.780000 0.145481
15.790000 0.120284
15.800000 0.120581
15.810000 0.143769
15.820000 0.148373
15.830000 0.158321
15.840000 0.168516
15.850000 0.165952
15.860000 0.154352
15.870000 0.140762
15.880000 0.131682
15.890000 0.131259
15.900000 0.128973
15.910000 0.112032
15.920000 0.079763
15.930000 0.045945
15.940000 0.034541
15.950000 0.043458
15.960000 0.047210
15.970000 0.042663
15.980000 0.037709
15.990000 0.044148
16.000000 0.061991
16.010000 0.083830
16.020000 0.105712
16.030000 0.125632
16.040000 0.142484
16.050000 0.155254
16.060000 0.163322
16.070000 0.166515
16.080000 0.165249
16.090000 0.160883
16.100000 0.155388
16.110000 0.151222
16.120000 0.150692
16.130000 0.155147
16.140000 0.164136
16.150000 0.174313
16.160000 0.180381
16.170000 0.178456
16.180000 0.173334
16.190000 0.172807
16.200000 0.161231
16.210000 0.108239
16.220000 0.028332
16.230000 0.076628
16.240000 0.127001
16.250000 0.144843
16.260000 0.120314
16.270000 0.106410
16.280000 0.111460
16.290000 0.084067
16.300000 0.053410
16.310000 0.051416
16.320000 0.053614
16.330000 0.055057
16.340000 0.068643
16.350000 0.107745
16.360000 0.110116
16.370000 0.076470
16.380000 0.022667
16.390000 0.022002
16.400000 0.064073
16.410000 0.051043
16.420000 0.082485
16.430000 0.053070
16.440000 0.025857
16.450000 0.020089
16.460000 0.009754
16.470000 0.035584
16.480000 0.055534
16.490000 0.074382
16.500000 0.042236
16.510000 0.121694
16.520000 0.122008
16.530000 0.089376
16.540000 0.053746
16.550000 0.115420
16.560000 0.132743
16.570000 0.097921
16.580000 0.111747
16.590000 0.152162
16.600000 0.124989
16.610000 0.100867
16.620000 0.054187
16.630000 0.025832
16.640000 0.047753
16.650000 0.044032
16.660000 0.082644
16.670000 0.084126
16.680000 0.128136
16.690000 0.155417
16.700000 0.205789
16.710000 0.115311
16.720000 0.111302
16.730000 0.120683
16.740000 0.107424
16.750000 0.132828
16.760000 0.145965
16.770000 0.171964
16.780000 0.203973
16.790000 0.208880
16.800000 0.189400
16.810000 0.205390
16.820000 0.211241
16.830000 0.113930
16.840000 0.075144
16.850000 0.103715
16.860000 0.113489
16.870000 0.128010
16.880000 0.140712
16.890000 0.155609
16.900000 0.198872
16.910000 0.216085
16.920000 0.183215
16.930000 0.161318
16.940000 0.155840
16.950000 0.170222
16.960000 0.188280
16.970000 0.166758
16.980000 0.123851
16.990000 0.108351
17.000000 0.107151
17.010000 0.076185
17.020000 0.068748
17.030000 0.071665
17.040000 0.077059
17.050000 0.078526
17.060000 0.026863
17.070000 0.095148
17.080000 0.105383
17.090000 0.079963
17.100000 0.077257
17.110000 0.086123
17.120000 0.089839
17.130000 0.085749
17.140000 0.122943
17.150000 0.146643
17.160000 0.189458
17.170000 0.226740
17.180000 0.243854
17.190000 0.220875
17.200000 0.338379
17.210000 0.290086
17.220000 0.260288
17.230000 0.301529
17.240000 0.273656
17.250000 0.290492
17.260000 0.179969
17.270000 0.143188
17.280000 0.119829
17.290000 0.220256
17.300000 0.253673
17.310000 0.217662
17.320000 0.192355
17.330000 0.200743
17.340000 0.194762
17.350000 0.198931
17.360000 0.199101
17.370000 0.174967
17.380000 0.151616
17.390000 0.152101
17.400000 0.141712
17.410000 0.110917
17.420000 0.106475
17.430000 0.124023
17.440000 0.153455
17.450000 0.197333
17.460000 0.233588
17.470000 0.242310
17.480000 0.229277
17.490000 0.217250
17.500000 0.218533
17.510000 0.237495
17.520000 0.269604
17.530000 0.292263
17.540000 0.276343
17.550000 0.232020
17.560000 0.228689
17.570000 0.268342
17.580000 0.277591
17.590000 0.275973
17.600000 0.299392
17.610000 0.295759
17.620000 0.276606
17.630000 0.249341
17.640000 0.238155
17.650000 0.243911
17.660000 0.220503
17.670000 0.151039
17.680000 0.094528
17.690000 0.058122
17.700000 0.060566
17.710000 0.077624
17.720000 0.080518
17.730000 0.062478
17.740000 0.044847
17.750000 0.042954
17.760000 0.063678
17.770000 0.111576
17.780000 0.069088
17.790000 0.041220
17.800000 0.049029
17.810000 0.049392
17.820000 0.050211
17.830000 0.056369
17.840000 0.062810
17.850000 0.121797
17.860000 0.140947
17.870000 0.149344
17.880000 0.112185
17.890000 0.120178
17.900000 0.157972
17.910000 0.070075
17.920000 0.094949
17.930000 0.143594
17.940000 0.246697
17.950000 0.158855
17.960000 0.146340
17.970000 0.095047
17.980000 0.094505
17.990000 0.148002
18.000000 0.155259
18.010000 0.173351
18.020000 0.206494
18.030000 0.203037
18.040000 0.179159
18.050000 0.145940
18.060000 0.131908
18.070000 0.123867
18.080000 0.124375
18.090000 0.161473
18.100000 0.188722
18.110000 0.191130
18.120000 0.200666
18.130000 0.212110
18.140000 0.217646
18.150000 0.225128
18.160000 0.226438
18.170000 0.210648
18.180000 0.180334
18.190000 0.151043
18.200000 0.136094
18.210000 0.137595
18.220000 0.150602
18.230000 0.166069
18.240000 0.177328
18.250000 0.189871
18.260000 0.215385
18.270000 0.247105
18.280000 0.265002
18.290000 0.270959
18.300000 0.282005
18.310000 0.287233
18.320000 0.265953
18.330000 0.243114
18.340000 0.233397
18.350000 0.218822
18.360000 0.210376
18.370000 0.205274
18.380000 0.202995
18.390000 0.194406
18.400000 0.181141
18.410000 0.156606
18.420000 0.159063
18.430000 0.142356
18.440000 0.083304
18.450000 0.096462
18.460000 0.043962
18.470000 0.054286
18.480000 0.056079
18.490000 0.046415
18.500000 0.037973
18.510000 0.070301
18.520000 0.048699
18.530000 0.034232
18.540000 0.002648
18.550000 0.038935
18.560000 0.066073
18.570000 0.072024
18.580000 0.054659
18.590000 0.062904
18.600000 0.057675
18.610000 0.063242
18.620000 0.080205
18.630000 0.091383
18.640000 0.122776
18.650000 0.206852
18.660000 0.160137
18.670000 0.113203
18.680000 0.041187
18.690000 0.048964
18.700000 0.030860
18.710000 0.067966
18.720000 0.092163
18.730000 0.113727
18.740000 0.108662
18.750000 0.163092
18.760000 0.136763
18.770000 0.118702
18.780000 0.127462
18.790000 0.137815
18.800000 0.120920
18.810000 0.116996
18.820000 0.141954
18.830000 0.154785
18.840000 0.173632
18.850000 0.195509
18.860000 0.202140
18.870000 0.193771
18.880000 0.179533
18.890000 0.166398
18.900000 0.161266
18.910000 0.157893
18.920000 0.144232
18.930000 0.114512
18.940000 0.074380
18.950000 0.042917
18.960000 0.050202
18.970000 0.072951
18.980000 0.086891
18.990000 0.088939
19.000000 0.080813
19.010000 0.066472
19.020000 0.051824
19.030000 0.045257
19.040000 0.053182
19.050000 0.070836
19.060000 0.092014
19.070000 0.114206
19.080000 0.136784
19.090000 0.160189
19.100000 0.185277
19.110000 0.212795
19.120000 0.243592
19.130000 0.277950
19.140000 0.315747
19.150000 0.356182
19.160000 0.398039
19.170000 0.439641
19.180000 0.478917
19.190000 0.513542
19.200000 0.541095
19.210000 0.559052
19.220000 0.565373
19.230000 0.558597
19.240000 0.538088
19.250000 0.505155
19.260000 0.463299
19.270000 0.418598
19.280000 0.379731
19.290000 0.356718
19.300000 0.357274
19.310000 0.383599
19.320000 0.429786
19.330000 0.484165
19.340000 0.531034
19.350000 0.548086
19.360000 0.514931
19.370000 0.451685
19.380000 0.387686
19.390000 0.304321
19.400000 0.229976
19.410000 0.185385
19.420000 0.170265
19.430000 0.142916
19.440000 0.086485
19.450000 0.056910
19.460000 0.061984
19.470000 0.056930
19.480000 0.099688
19.490000 0.160924
19.500000 0.128017
19.510000 0.079314
19.520000 0.036933
19.530000 0.057025
19.540000 0.087189
19.550000 0.057373
19.560000 0.027528
19.570000 0.058613
19.580000 0.066520
19.590000 0.034860
19.600000 0.043407
19.610000 0.043634
19.620000 0.064344
19.630000 0.099364
19.640000 0.051728
19.650000 0.127853
19.660000 0.115230
19.670000 0.153569
19.680000 0.136040
19.690000 0.116171
19.700000 0.191504
19.710000 0.173315
19.720000 0.196589
19.730000 0.093814
19.740000 0.301852
19.750000 0.139737
19.760000 0.131608
19.770000 0.059920
19.780000 0.051335
19.790000 0.080665
19.800000 0.099112
19.810000 0.123118
19.820000 0.110169
19.830000 0.134867
19.840000 0.083857
19.850000 0.105302
19.860000 0.089633
19.870000 0.062809
19.880000 0.214234
19.890000 0.318189
19.900000 0.309159
19.910000 0.275445
19.920000 0.268928
19.930000 0.172955
19.940000 0.130488
19.950000 0.209491
19.960000 0.324597
19.970000 0.376566
19.980000 0.335393
19.990000 0.263398
