0.000000 15.769429
0.010000 15.492142
0.020000 15.165527
0.030000 14.581702
0.040000 14.161931
0.050000 14.608005
0.060000 15.580922
0.070000 16.782749
0.080000 18.044592
0.090000 17.614073
0.100000 16.906567
0.110000 15.682371
0.120000 14.304301
0.130000 13.280336
0.140000 12.294717
0.150000 11.512549
0.160000 10.800494
0.170000 10.103258
0.180000 9.692036
0.190000 9.084346
0.200000 9.166177
0.210000 9.699532
0.220000 10.218498
0.230000 10.952484
0.240000 11.932132
0.250000 13.515198
0.260000 15.636462
0.270000 17.368900
0.280000 18.377409
0.290000 18.774477
0.300000 17.948124
0.310000 16.824709
0.320000 15.176720
0.330000 14.361757
0.340000 13.518148
0.350000 12.420063
0.360000 12.052938
0.370000 13.887209
0.380000 13.410761
0.390000 12.993993
0.400000 13.257909
0.410000 13.533859
0.420000 13.213447
0.430000 12.919333
0.440000 12.481095
0.450000 12.180960
0.460000 11.935295
0.470000 11.854072
0.480000 11.865900
0.490000 11.866661
0.500000 11.817498
0.510000 11.780207
0.520000 11.740871
0.530000 11.824385
0.540000 12.045105
0.550000 12.510857
0.560000 12.198438
0.570000 12.336770
0.580000 12.617761
0.590000 13.008102
0.600000 13.989465
0.610000 14.864805
0.620000 14.539639
0.630000 14.509338
0.640000 14.416104
0.650000 14.017492
0.660000 13.727377
0.670000 13.720155
0.680000 14.418690
0.690000 15.183997
0.700000 16.615768
0.710000 16.977552
0.720000 16.716633
0.730000 15.641715
0.740000 14.354939
0.750000 13.113360
0.760000 12.197644
0.770000 11.421117
0.780000 10.433163
0.790000 9.685848
0.800000 8.548411
0.810000 7.918545
0.820000 7.549698
0.830000 7.483830
0.840000 7.832227
0.850000 8.452969
0.860000 9.136293
0.870000 10.097116
0.880000 11.578693
0.890000 13.858290
0.900000 16.770008
0.910000 17.754673
0.920000 17.850368
0.930000 16.640726
0.940000 15.008090
0.950000 13.324003
0.960000 12.439667
0.970000 11.423134
0.980000 10.644329
0.990000 11.871160
1.000000 11.729951
1.010000 11.093644
1.020000 11.308975
1.030000 11.658141
1.040000 11.683900
1.050000 11.552737
1.060000 11.269460
1.070000 11.012300
1.080000 10.770473
1.090000 10.677322
1.100000 10.662090
1.110000 10.602346
1.120000 10.561924
1.130000 10.480474
1.140000 10.399730
1.150000 10.356084
1.160000 10.353066
1.170000 10.542180
1.180000 10.944839
1.190000 10.614876
1.200000 10.751577
1.210000 11.120281
1.220000 11.855453
1.230000 13.009869
1.240000 13.602193
1.250000 13.477590
1.260000 13.433854
1.270000 13.268617
1.280000 13.110946
1.290000 13.227713
1.300000 13.246350
1.310000 14.148389
1.320000 14.895113
1.330000 16.182695
1.340000 16.479149
1.350000 15.617859
1.360000 14.561301
1.370000 13.340280
1.380000 12.207209
1.390000 10.986766
1.400000 10.012772
1.410000 9.163260
1.420000 7.569411
1.430000 6.610412
1.440000 5.942126
1.450000 5.992293
1.460000 6.603182
1.470000 6.742632
1.480000 7.013010
1.490000 7.553229
1.500000 8.391102
1.510000 10.049818
1.520000 12.628390
1.530000 15.291471
1.540000 16.880562
1.550000 16.695065
1.560000 15.347165
1.570000 13.372072
1.580000 11.629381
1.590000 10.843045
1.600000 9.583396
1.610000 9.455387
1.620000 9.895161
1.630000 9.399513
1.640000 9.352122
1.650000 9.564612
1.660000 10.108934
1.670000 10.084378
1.680000 10.004305
1.690000 9.837862
1.700000 9.700706
1.710000 9.587492
1.720000 9.518029
1.730000 9.471457
1.740000 9.443588
1.750000 9.373710
1.760000 9.288053
1.770000 9.097199
1.780000 8.959608
1.790000 8.908762
1.800000 8.982551
1.810000 9.241113
1.820000 9.167977
1.830000 9.214337
1.840000 9.723335
1.850000 10.773633
1.860000 11.857841
1.870000 12.390998
1.880000 12.636738
1.890000 12.710788
1.900000 12.287241
1.910000 12.257736
1.920000 12.586128
1.930000 12.834184
1.940000 13.613504
1.950000 14.520873
1.960000 15.672896
1.970000 15.620944
1.980000 14.696471
1.990000 13.694960
2.000000 12.397158
2.010000 10.974685
2.020000 10.013168
2.030000 9.033899
2.040000 7.411406
2.050000 5.818559
2.060000 4.862426
2.070000 4.599083
2.080000 4.747343
2.090000 5.160255
2.100000 5.620952
2.110000 5.853108
2.120000 5.938408
2.130000 6.754217
2.140000 8.490735
2.150000 11.067956
2.160000 13.625624
2.170000 15.487106
2.180000 15.620476
2.190000 13.980293
2.200000 12.041449
2.210000 10.136535
2.220000 9.266262
2.230000 8.172727
2.240000 8.225291
2.250000 7.932759
2.260000 7.508429
2.270000 7.471356
2.280000 7.974266
2.290000 8.478489
2.300000 8.561393
2.310000 8.578057
2.320000 8.546180
2.330000 8.561068
2.340000 8.429216
2.350000 8.393819
2.360000 8.419652
2.370000 8.425854
2.380000 8.324806
2.390000 8.085732
2.400000 7.809026
2.410000 7.571337
2.420000 7.363500
2.430000 7.359591
2.440000 7.543088
2.450000 7.788526
2.460000 7.468836
2.470000 7.997367
2.480000 9.191916
2.490000 10.500164
2.500000 11.343972
2.510000 12.138081
2.520000 12.008655
2.530000 11.612644
2.540000 11.703350
2.550000 12.283076
2.560000 12.756024
2.570000 13.202678
2.580000 13.544616
2.590000 14.684454
2.600000 14.729150
2.610000 14.028374
2.620000 12.886469
2.630000 11.653240
2.640000 10.313182
2.650000 9.416718
2.660000 8.037500
2.670000 6.355244
2.680000 4.712548
2.690000 4.080514
2.700000 3.666201
2.710000 3.520062
2.720000 3.734650
2.730000 4.058218
2.740000 4.502025
2.750000 4.692322
2.760000 5.221717
2.770000 6.687464
2.780000 8.949574
2.790000 11.357813
2.800000 13.566785
2.810000 14.695271
2.820000 12.885484
2.830000 10.924932
2.840000 8.961632
2.850000 7.899620
2.860000 6.972253
2.870000 6.318786
2.880000 6.092687
2.890000 5.707046
2.900000 5.621366
2.910000 6.265832
2.920000 6.843492
2.930000 7.055173
2.940000 7.168995
2.950000 7.389577
2.960000 7.422096
2.970000 7.363542
2.980000 7.449537
2.990000 7.471463
3.000000 7.394809
3.010000 7.137312
3.020000 6.812297
3.030000 6.497950
3.040000 6.146978
3.050000 5.949825
3.060000 5.724799
3.070000 5.657283
3.080000 6.092841
3.090000 6.092708
3.100000 6.396502
3.110000 7.549327
3.120000 8.760872
3.130000 9.927410
3.140000 10.964681
3.150000 11.152876
3.160000 11.098251
3.170000 11.257314
3.180000 11.959241
3.190000 12.808445
3.200000 12.705181
3.210000 12.598022
3.220000 13.108352
3.230000 13.516517
3.240000 13.289277
3.250000 11.923274
3.260000 11.107301
3.270000 9.965631
3.280000 8.880245
3.290000 7.405400
3.300000 5.706430
3.310000 4.320476
3.320000 3.630912
3.330000 3.259171
3.340000 2.945736
3.350000 2.948435
3.360000 2.841788
3.370000 2.908655
3.380000 3.208095
3.390000 3.989850
3.400000 4.588371
3.410000 6.151936
3.420000 8.541970
3.430000 11.049125
3.440000 12.716002
3.450000 12.314918
3.460000 10.089104
3.470000 8.202984
3.480000 6.833257
3.490000 5.961835
3.500000 4.736973
3.510000 4.628050
3.520000 4.114840
3.530000 3.967241
3.540000 4.478301
3.550000 5.273670
3.560000 5.550305
3.570000 5.742826
3.580000 6.198966
3.590000 6.345942
3.600000 6.387937
3.610000 6.449769
3.620000 6.539639
3.630000 6.392680
3.640000 6.173133
3.650000 5.874774
3.660000 5.528345
3.670000 5.244092
3.680000 4.834196
3.690000 4.330362
3.700000 4.092629
3.710000 4.755067
3.720000 5.214345
3.730000 5.285862
3.740000 6.113518
3.750000 7.192527
3.760000 8.286174
3.770000 9.264676
3.780000 10.043536
3.790000 10.477577
3.800000 10.833329
3.810000 11.297419
3.820000 12.374516
3.830000 12.437915
3.840000 12.110659
3.850000 12.103396
3.860000 12.517540
3.870000 12.292652
3.880000 11.171952
3.890000 10.400727
3.900000 9.575740
3.910000 8.342596
3.920000 6.900484
3.930000 5.319215
3.940000 4.112632
3.950000 3.131048
3.960000 2.731582
3.970000 2.120946
3.980000 1.951190
3.990000 2.105703
4.000000 2.200970
4.010000 1.877109
4.020000 2.214001
4.030000 3.062062
4.040000 3.546515
4.050000 5.077072
4.060000 7.418490
4.070000 10.018227
4.080000 11.137995
4.090000 9.934576
4.100000 7.836156
4.110000 6.065719
4.120000 5.155778
4.130000 3.574335
4.140000 3.016752
4.150000 2.870384
4.160000 2.881753
4.170000 2.737340
4.180000 3.620939
4.190000 4.017134
4.200000 4.317520
4.210000 4.857493
4.220000 5.222899
4.230000 5.331992
4.240000 5.452076
4.250000 5.670459
4.260000 5.576474
4.270000 5.473618
4.280000 5.302808
4.290000 5.119814
4.300000 4.867627
4.310000 4.279391
4.320000 3.559766
4.330000 2.998264
4.340000 3.434764
4.350000 3.889238
4.360000 4.298489
4.370000 4.541137
4.380000 5.196702
4.390000 5.871993
4.400000 6.869331
4.410000 8.253765
4.420000 9.567654
4.430000 10.290566
4.440000 10.735918
4.450000 11.276357
4.460000 12.234320
4.470000 11.837973
4.480000 11.468246
4.490000 11.677175
4.500000 11.896288
4.510000 10.916297
4.520000 10.237608
4.530000 9.594856
4.540000 8.677694
4.550000 7.182757
4.560000 5.216928
4.570000 4.011189
4.580000 3.542482
4.590000 2.985094
4.600000 2.916744
4.610000 2.491680
4.620000 2.212280
4.630000 1.809480
4.640000 1.371237
4.650000 1.249797
4.660000 1.121629
4.670000 1.491377
4.680000 2.222933
4.690000 3.313167
4.700000 5.478549
4.710000 8.033874
4.720000 9.469947
4.730000 9.002126
4.740000 6.444424
4.750000 4.744400
4.760000 3.981239
4.770000 1.752823
4.780000 1.929339
4.790000 1.580843
4.800000 2.080750
4.810000 1.469114
4.820000 2.403303
4.830000 2.797436
4.840000 3.107929
4.850000 3.739455
4.860000 4.216618
4.870000 4.317798
4.880000 4.602451
4.890000 4.773064
4.900000 4.879889
4.910000 4.964868
4.920000 4.892909
4.930000 4.758254
4.940000 4.258355
4.950000 3.301475
4.960000 2.254409
4.970000 1.948614
4.980000 2.655333
4.990000 2.868769
5.000000 3.176493
5.010000 3.776116
5.020000 4.089046
5.030000 4.834559
5.040000 5.785990
5.050000 6.977000
5.060000 8.369727
5.070000 9.604445
5.080000 10.370193
5.090000 11.123223
5.100000 11.687645
5.110000 11.346663
5.120000 10.914644
5.130000 11.080564
5.140000 11.022352
5.150000 10.116609
5.160000 9.719798
5.170000 9.444606
5.180000 8.650286
5.190000 6.740503
5.200000 4.376940
5.210000 3.275821
5.220000 2.827070
5.230000 2.829467
5.240000 3.182551
5.250000 3.460418
5.260000 3.414294
5.270000 3.037308
5.280000 2.378163
5.290000 1.599532
5.300000 0.985039
5.310000 0.332236
5.320000 0.832390
5.330000 1.296035
5.340000 2.729179
5.350000 5.313402
5.360000 7.962839
5.370000 8.955364
5.380000 7.165591
5.390000 4.712533
5.400000 3.007595
5.410000 0.859613
5.420000 1.327984
5.430000 0.894141
5.440000 1.358429
5.450000 1.098422
5.460000 0.696781
5.470000 1.353936
5.480000 1.850068
5.490000 2.221280
5.500000 3.074277
5.510000 3.550049
5.520000 3.903568
5.530000 4.323598
5.540000 4.695224
5.550000 4.911369
5.560000 4.990262
5.570000 4.784245
5.580000 4.009608
5.590000 2.916120
5.600000 1.696362
5.610000 1.436274
5.620000 2.133853
5.630000 2.511408
5.640000 3.036525
5.650000 3.313745
5.660000 3.457343
5.670000 3.683160
5.680000 4.456788
5.690000 5.703524
5.700000 7.060582
5.710000 8.343487
5.720000 9.341510
5.730000 10.221691
5.740000 11.256241
5.750000 11.112699
5.760000 10.931633
5.770000 10.378284
5.780000 10.643274
5.790000 9.951063
5.800000 9.462049
5.810000 9.445694
5.820000 9.167771
5.830000 7.503614
5.840000 5.364864
5.850000 2.745223
5.860000 1.413324
5.870000 1.919449
5.880000 2.617316
5.890000 2.951635
5.900000 3.067356
5.910000 3.154807
5.920000 3.202709
5.930000 3.349924
5.940000 3.645043
5.950000 1.969185
5.960000 1.027249
5.970000 1.431486
5.980000 1.394466
5.990000 1.955902
6.000000 3.717758
6.010000 6.358255
6.020000 7.370573
6.030000 6.071078
6.040000 3.968586
6.050000 2.120757
6.060000 1.161874
6.070000 1.890832
6.080000 1.936107
6.090000 2.383420
6.100000 1.646656
6.110000 1.062715
6.120000 1.058067
6.130000 1.237823
6.140000 1.404933
6.150000 2.347946
6.160000 2.632227
6.170000 3.011833
6.180000 3.495174
6.190000 4.316165
6.200000 5.078988
6.210000 5.130079
6.220000 4.797713
6.230000 3.933900
6.240000 2.554434
6.250000 0.885810
6.260000 1.123858
6.270000 2.127788
6.280000 2.733284
6.290000 3.121631
6.300000 2.932888
6.310000 2.902025
6.320000 3.070861
6.330000 3.441854
6.340000 4.376601
6.350000 5.826947
6.360000 7.527713
6.370000 8.558540
6.380000 9.514605
6.390000 10.517744
6.400000 10.244760
6.410000 10.317297
6.420000 10.023448
6.430000 9.832388
6.440000 9.478718
6.450000 9.238853
6.460000 9.043584
6.470000 8.734328
6.480000 7.488015
6.490000 5.347884
6.500000 2.184871
6.510000 1.481261
6.520000 1.681331
6.530000 1.685569
6.540000 2.080868
6.550000 1.892371
6.560000 1.902093
6.570000 2.037783
6.580000 1.901313
6.590000 2.209281
6.600000 2.864802
6.610000 3.339269
6.620000 1.773021
6.630000 1.174442
6.640000 1.309556
6.650000 2.083083
6.660000 3.218981
6.670000 5.172231
6.680000 5.809786
6.690000 4.682936
6.700000 2.749828
6.710000 1.028812
6.720000 2.533501
6.730000 2.872224
6.740000 2.663274
6.750000 1.953745
6.760000 1.217295
6.770000 1.201727
6.780000 1.839579
6.790000 2.123113
6.800000 1.847923
6.810000 1.866211
6.820000 1.101071
6.830000 1.026101
6.840000 1.908542
6.850000 2.799434
6.860000 3.772305
6.870000 4.313538
6.880000 4.390202
6.890000 3.518916
6.900000 1.942289
6.910000 0.762057
6.920000 1.355488
6.930000 1.676965
6.940000 2.007805
6.950000 2.110873
6.960000 1.923365
6.970000 1.788292
6.980000 2.193145
6.990000 2.748039
7.000000 3.866567
7.010000 4.769578
7.020000 5.969996
7.030000 6.818424
7.040000 7.627392
7.050000 8.575089
7.060000 8.106445
7.070000 7.521313
7.080000 7.646697
7.090000 7.657540
7.100000 7.369102
7.110000 7.647248
7.120000 8.097442
7.130000 7.744690
7.140000 6.497861
7.150000 4.407987
7.160000 1.509715
7.170000 1.270882
7.180000 1.366859
7.190000 1.974775
7.200000 2.457322
7.210000 2.705250
7.220000 2.616789
7.230000 2.170020
7.240000 1.305165
7.250000 0.459039
7.260000 0.773199
7.270000 0.838688
7.280000 1.718397
7.290000 2.840694
7.300000 1.487255
7.310000 1.309772
7.320000 1.804257
7.330000 2.477211
7.340000 3.909016
7.350000 4.676518
7.360000 3.244914
7.370000 1.823333
7.380000 2.272428
7.390000 1.928816
7.400000 0.922721
7.410000 0.962942
7.420000 0.302594
7.430000 1.325398
7.440000 1.132933
7.450000 1.357368
7.460000 2.430862
7.470000 3.450843
7.480000 3.317953
7.490000 2.111714
7.500000 0.795752
7.510000 0.552414
7.520000 1.658833
7.530000 2.632147
7.540000 2.898002
7.550000 2.387302
7.560000 1.805355
7.570000 1.410362
7.580000 1.497384
7.590000 1.364839
7.600000 1.036146
7.610000 0.830314
7.620000 0.818662
7.630000 0.923828
7.640000 1.027155
7.650000 0.593021
7.660000 0.708953
7.670000 0.962933
7.680000 1.483733
7.690000 2.454739
7.700000 3.428500
7.710000 4.396614
7.720000 5.048742
7.730000 5.715833
7.740000 5.173218
7.750000 3.981172
7.760000 4.380841
7.770000 5.410709
7.780000 5.782292
7.790000 5.582582
7.800000 6.124089
7.810000 6.179238
7.820000 4.614746
7.830000 2.128654
7.840000 0.802057
7.850000 1.526349
7.860000 1.670554
7.870000 1.786517
7.880000 1.890936
7.890000 2.150756
7.900000 1.809716
7.910000 1.043477
7.920000 0.860264
7.930000 0.580982
7.940000 0.292311
7.950000 0.370887
7.960000 0.926494
7.970000 0.711902
7.980000 1.334370
7.990000 2.345581
8.000000 0.603962
8.010000 1.598860
8.020000 2.231462
8.030000 2.323754
8.040000 2.678954
8.050000 1.617573
8.060000 0.727720
8.070000 2.055947
8.080000 0.479313
8.090000 0.984354
8.100000 0.900627
8.110000 0.708460
8.120000 0.311074
8.130000 0.634164
8.140000 1.425726
8.150000 2.234458
8.160000 2.941505
8.170000 3.059778
8.180000 3.376982
8.190000 1.997773
8.200000 1.050531
8.210000 1.076400
8.220000 1.026438
8.230000 0.980160
8.240000 0.910194
8.250000 0.793723
8.260000 0.606635
8.270000 0.354284
8.280000 0.137712
8.290000 0.754215
8.300000 1.420939
8.310000 1.908990
8.320000 1.993901
8.330000 1.932973
8.340000 1.700770
8.350000 1.238234
8.360000 0.952211
8.370000 1.269638
8.380000 1.492921
8.390000 1.044758
8.400000 0.982246
8.410000 1.491784
8.420000 2.369015
8.430000 2.967095
8.440000 3.829131
8.450000 3.822259
8.460000 1.634016
8.470000 1.537259
8.480000 3.101825
8.490000 4.273807
8.500000 4.774399
8.510000 4.899693
8.520000 4.943689
8.530000 3.613396
8.540000 1.983176
8.550000 2.282080
8.560000 2.646045
8.570000 2.193911
8.580000 0.924747
8.590000 0.461702
8.600000 0.479947
8.610000 0.800097
8.620000 1.004357
8.630000 0.851368
8.640000 0.385824
8.650000 0.465004
8.660000 0.525650
8.670000 0.568633
8.680000 0.551131
8.690000 0.296129
8.700000 0.489811
8.710000 0.859237
8.720000 1.422889
8.730000 0.657080
8.740000 2.952190
8.750000 3.056288
8.760000 0.959797
8.770000 2.242488
8.780000 1.176573
8.790000 0.791978
8.800000 1.642126
8.810000 1.959395
8.820000 0.778118
8.830000 0.922807
8.840000 1.334020
8.850000 0.947345
8.860000 1.599249
8.870000 1.806536
8.880000 1.584014
8.890000 1.007185
8.900000 1.365064
8.910000 1.742802
8.920000 2.487724
8.930000 1.895028
8.940000 1.607587
8.950000 1.579999
8.960000 1.557065
8.970000 1.625387
8.980000 1.583944
8.990000 1.284232
9.000000 0.587392
9.010000 0.217312
9.020000 0.762819
9.030000 1.361486
9.040000 1.730949
9.050000 1.853749
9.060000 2.027032
9.070000 2.159530
9.080000 2.331503
9.090000 2.470654
9.100000 2.525666
9.110000 2.474812
9.120000 1.855722
9.130000 1.224410
9.140000 0.847389
9.150000 0.699721
9.160000 0.956868
9.170000 1.470344
9.180000 2.000771
9.190000 1.708477
9.200000 1.603585
9.210000 1.434741
9.220000 1.542287
9.230000 1.884416
9.240000 2.552677
9.250000 4.167517
9.260000 5.556026
9.270000 5.732760
9.280000 2.604908
9.290000 1.091215
9.300000 0.914218
9.310000 1.295483
9.320000 2.422126
9.330000 3.109092
9.340000 3.998854
9.350000 4.817238
9.360000 4.684549
9.370000 2.897227
9.380000 1.480415
9.390000 2.223813
9.400000 2.559378
9.410000 1.621540
9.420000 1.189617
9.430000 1.232360
9.440000 0.974845
9.450000 0.655409
9.460000 0.657001
9.470000 0.586122
9.480000 0.975505
9.490000 0.792738
9.500000 0.292153
9.510000 0.153192
9.520000 0.393562
9.530000 1.459973
9.540000 1.722135
9.550000 2.806891
9.560000 3.084574
9.570000 1.341410
9.580000 3.321173
9.590000 1.192052
9.600000 2.556758
9.610000 0.990430
9.620000 1.769978
9.630000 0.562267
9.640000 2.215765
9.650000 1.954015
9.660000 1.505522
9.670000 0.886309
9.680000 1.416577
9.690000 2.357130
9.700000 2.887893
9.710000 3.004211
9.720000 2.996604
9.730000 2.948957
9.740000 2.188378
9.750000 1.681567
9.760000 2.192683
9.770000 3.372023
9.780000 5.095812
9.790000 4.845780
9.800000 3.292911
9.810000 2.131367
9.820000 1.125625
9.830000 1.000052
9.840000 1.817050
9.850000 2.587897
9.860000 3.068692
9.870000 3.888618
9.880000 4.532487
9.890000 4.639893
9.900000 4.489372
9.910000 4.333517
9.920000 4.265997
9.930000 4.463908
9.940000 5.193076
9.950000 6.436715
9.960000 6.885950
9.970000 7.379220
9.980000 8.378157
9.990000 8.993628
10.000000 8.595643
10.010000 8.910512
10.020000 6.632591
10.030000 4.195367
10.040000 4.299798
10.050000 5.345139
10.060000 6.678065
10.070000 6.657868
10.080000 7.653321
10.090000 10.026621
10.100000 9.304030
10.110000 5.383876
10.120000 3.170090
10.130000 2.410050
10.140000 1.130040
10.150000 0.740838
10.160000 0.522346
10.170000 0.194766
10.180000 0.859341
10.190000 1.810176
10.200000 1.829630
10.210000 1.136799
10.220000 1.320347
10.230000 1.839925
10.240000 1.608892
10.250000 1.445059
10.260000 2.160291
10.270000 2.069407
10.280000 1.651348
10.290000 0.854530
10.300000 1.958609
10.310000 1.750027
10.320000 5.060233
10.330000 0.863937
10.340000 1.162429
10.350000 1.159849
10.360000 0.773190
10.370000 2.161005
10.380000 2.486422
10.390000 2.210708
10.400000 1.268608
10.410000 0.640497
10.420000 0.741494
10.430000 0.984492
10.440000 1.351099
10.450000 1.678325
10.460000 1.945474
10.470000 2.243864
10.480000 1.721132
10.490000 1.360227
10.500000 1.026422
10.510000 1.127473
10.520000 1.162011
10.530000 1.310373
10.540000 1.372386
10.550000 1.342254
10.560000 1.269468
10.570000 1.627620
10.580000 1.838583
10.590000 2.041137
10.600000 2.228049
10.610000 2.341100
10.620000 2.348314
10.630000 2.240328
10.640000 2.033704
10.650000 1.798433
10.660000 1.598719
10.670000 1.303783
10.680000 0.933942
10.690000 0.664745
10.700000 0.913949
10.710000 1.654502
10.720000 2.510849
10.730000 3.613290
10.740000 4.882829
10.750000 6.285234
10.760000 7.270147
10.770000 6.951282
10.780000 6.973018
10.790000 6.485697
10.800000 6.054210
10.810000 4.995936
10.820000 3.917329
10.830000 3.267824
10.840000 5.233749
10.850000 6.216875
10.860000 7.343531
10.870000 8.329733
10.880000 6.420056
10.890000 5.450801
10.900000 5.770947
10.910000 4.849953
10.920000 3.462236
10.930000 2.408094
10.940000 1.729030
10.950000 1.674623
10.960000 3.027610
10.970000 3.877346
10.980000 4.435931
10.990000 4.203620
11.000000 3.460432
11.010000 2.992844
11.020000 2.506991
11.030000 2.109869
11.040000 2.086457
11.050000 1.018160
11.060000 0.253084
11.070000 1.004160
11.080000 1.707701
11.090000 1.625709
11.100000 0.819997
11.110000 0.077553
11.120000 1.055905
11.130000 0.660480
11.140000 1.658356
11.150000 1.838009
11.160000 4.736459
11.170000 1.023380
11.180000 0.403351
11.190000 0.956312
11.200000 1.536033
11.210000 0.162964
11.220000 0.888412
11.230000 0.394290
11.240000 0.774057
11.250000 0.253580
11.260000 0.271920
11.270000 0.902422
11.280000 0.932116
11.290000 1.043964
11.300000 1.053959
11.310000 1.018672
11.320000 0.952480
11.330000 1.631961
11.340000 2.540574
11.350000 3.886379
11.360000 5.265295
11.370000 6.178482
11.380000 6.783977
11.390000 6.292853
11.400000 5.186364
11.410000 4.034733
11.420000 3.156733
11.430000 2.685531
11.440000 1.808033
11.450000 1.460281
11.460000 1.345601
11.470000 1.428354
11.480000 1.172276
11.490000 0.824576
11.500000 0.784733
11.510000 1.659103
11.520000 2.732956
11.530000 3.520057
11.540000 4.796472
11.550000 5.785073
11.560000 6.312639
11.570000 5.617514
11.580000 4.006915
11.590000 3.336673
11.600000 3.403234
11.610000 3.239643
11.620000 3.119489
11.630000 2.835150
11.640000 3.972283
11.650000 3.839621
11.660000 3.015000
11.670000 1.649147
11.680000 1.425155
11.690000 1.148004
11.700000 0.962850
11.710000 0.591056
11.720000 0.478996
11.730000 0.472595
11.740000 0.697097
11.750000 0.656997
11.760000 0.699332
11.770000 0.660930
11.780000 0.295063
11.790000 0.693989
11.800000 1.094767
11.810000 1.710432
11.820000 2.351654
11.830000 2.844923
11.840000 1.502686
11.850000 1.373060
11.860000 1.855694
11.870000 0.146702
11.880000 1.478845
11.890000 1.320640
11.900000 1.591078
11.910000 0.863242
11.920000 0.852978
11.930000 1.054224
11.940000 1.096304
11.950000 1.712481
11.960000 2.026469
11.970000 1.533790
11.980000 1.459026
11.990000 2.115380
12.000000 2.697964
12.010000 1.734525
12.020000 1.270136
12.030000 1.298597
12.040000 1.392016
12.050000 1.459734
12.060000 1.515799
12.070000 1.411599
12.080000 1.073695
12.090000 0.452069
12.100000 0.394106
12.110000 1.152157
12.120000 1.865572
12.130000 2.319082
12.140000 2.485764
12.150000 2.653420
12.160000 2.847400
12.170000 2.935543
12.180000 2.419504
12.190000 1.846365
12.200000 1.444433
12.210000 0.973799
12.220000 0.889821
12.230000 1.262492
12.240000 1.783548
12.250000 1.336083
12.260000 1.075992
12.270000 0.928710
12.280000 0.943297
12.290000 1.491183
12.300000 2.367278
12.310000 3.997107
12.320000 5.231069
12.330000 4.600235
12.340000 1.585539
12.350000 1.283930
12.360000 1.771430
12.370000 1.959043
12.380000 3.343644
12.390000 4.037532
12.400000 4.232233
12.410000 4.576700
12.420000 4.754206
12.430000 3.759696
12.440000 1.123304
12.450000 1.668314
12.460000 1.974293
12.470000 1.950731
12.480000 1.779286
12.490000 1.127736
12.500000 0.723676
12.510000 0.677724
12.520000 0.769600
12.530000 0.853250
12.540000 1.066678
12.550000 1.007162
12.560000 1.116962
12.570000 0.331528
12.580000 0.817890
12.590000 1.607801
12.600000 1.877081
12.610000 3.122658
12.620000 3.050171
12.630000 3.096205
12.640000 2.414311
12.650000 1.955805
12.660000 1.794392
12.670000 0.599575
12.680000 2.038795
12.690000 0.327315
12.700000 1.954561
12.710000 1.904071
12.720000 1.645859
12.730000 1.084328
12.740000 1.169157
12.750000 2.220359
12.760000 2.499316
12.770000 2.622790
12.780000 2.899664
12.790000 2.684947
12.800000 1.835915
12.810000 1.578664
12.820000 2.483496
12.830000 4.032225
12.840000 4.549971
12.850000 3.940872
12.860000 2.600587
12.870000 1.330811
12.880000 0.608989
12.890000 1.109296
12.900000 1.913084
12.910000 2.572073
12.920000 3.131588
12.930000 3.509429
12.940000 3.765315
12.950000 3.954538
12.960000 4.145270
12.970000 4.123826
12.980000 3.822775
12.990000 3.654336
13.000000 3.834048
13.010000 4.302157
13.020000 5.251444
13.030000 6.849673
13.040000 7.873569
13.050000 8.269305
13.060000 8.214242
13.070000 8.792053
13.080000 8.754937
13.090000 7.816742
13.100000 6.994001
13.110000 4.687619
13.120000 3.432620
13.130000 3.648333
13.140000 4.988629
13.150000 5.887984
13.160000 6.724099
13.170000 9.629359
13.180000 9.806274
13.190000 6.566729
13.200000 4.278280
13.210000 2.829917
13.220000 1.760573
13.230000 1.499720
13.240000 0.910032
13.250000 1.046332
13.260000 0.991097
13.270000 0.843288
13.280000 1.007997
13.290000 1.230905
13.300000 1.089956
13.310000 0.354951
13.320000 0.858744
13.330000 1.061900
13.340000 1.205486
13.350000 1.197828
13.360000 1.659833
13.370000 1.893111
13.380000 1.082728
13.390000 1.346860
13.400000 4.262009
13.410000 4.040120
13.420000 2.249120
13.430000 1.233297
13.440000 0.776080
13.450000 0.333930
13.460000 3.085260
13.470000 1.734966
13.480000 1.196855
13.490000 0.667134
13.500000 0.147368
13.510000 0.428882
13.520000 0.719850
13.530000 1.085980
13.540000 1.251216
13.550000 1.478301
13.560000 1.641995
13.570000 1.732365
13.580000 1.160830
13.590000 0.952207
13.600000 1.141428
13.610000 1.617165
13.620000 2.230144
13.630000 2.682368
13.640000 2.590170
13.650000 1.818036
13.660000 1.020248
13.670000 1.233822
13.680000 1.612984
13.690000 2.011828
13.700000 2.290123
13.710000 2.567120
13.720000 2.746958
13.730000 2.842623
13.740000 2.806665
13.750000 2.689112
13.760000 2.392233
13.770000 2.121564
13.780000 2.184409
13.790000 2.270604
13.800000 2.180320
13.810000 1.979359
13.820000 1.860753
13.830000 1.790560
13.840000 2.233901
13.850000 2.588417
13.860000 2.955471
13.870000 3.150212
13.880000 3.442868
13.890000 3.595869
13.900000 3.409469
13.910000 3.557781
13.920000 3.876441
13.930000 5.077275
13.940000 6.493956
13.950000 7.397351
13.960000 6.555563
13.970000 4.000464
13.980000 2.420210
13.990000 0.978550
14.000000 1.378406
14.010000 2.073553
14.020000 4.229508
14.030000 5.224012
14.040000 3.858155
14.050000 2.421994
14.060000 2.510956
14.070000 2.494304
14.080000 1.974656
14.090000 1.325015
14.100000 1.273387
14.110000 1.780100
14.120000 1.405368
14.130000 1.286712
14.140000 1.294875
14.150000 1.350819
14.160000 1.349605
14.170000 1.113552
14.180000 0.878254
14.190000 0.496739
14.200000 0.200984
14.210000 0.371584
14.220000 0.493974
14.230000 1.415826
14.240000 1.590290
14.250000 3.216133
14.260000 1.203505
14.270000 4.345061
14.280000 1.144144
14.290000 2.058408
14.300000 1.640445
14.310000 2.607871
14.320000 0.624220
14.330000 2.634556
14.340000 2.249975
14.350000 0.412589
14.360000 1.678089
14.370000 2.490092
14.380000 3.398357
14.390000 3.315233
14.400000 3.280145
14.410000 3.120631
14.420000 2.684971
14.430000 2.385669
14.440000 2.193470
14.450000 2.758712
14.460000 3.505954
14.470000 5.991630
14.480000 5.169289
14.490000 3.792357
14.500000 2.326184
14.510000 1.698621
14.520000 2.010720
14.530000 2.589545
14.540000 3.650496
14.550000 4.549788
14.560000 5.057131
14.570000 5.375951
14.580000 5.456330
14.590000 4.891335
14.600000 4.497514
14.610000 4.769735
14.620000 5.085127
14.630000 5.752541
14.640000 6.693628
14.650000 8.467700
14.660000 8.905766
14.670000 8.016220
14.680000 4.828566
14.690000 4.800115
14.700000 5.413527
14.710000 6.959284
14.720000 7.279777
14.730000 5.497236
14.740000 5.557642
14.750000 6.668720
14.760000 6.941146
14.770000 4.595852
14.780000 1.764324
14.790000 1.105481
14.800000 1.258770
14.810000 0.962935
14.820000 0.505553
14.830000 0.777409
14.840000 1.258752
14.850000 1.421534
14.860000 1.239652
14.870000 0.535170
14.880000 0.212103
14.890000 1.042804
14.900000 1.961868
14.910000 1.613570
14.920000 1.532169
14.930000 2.723825
14.940000 1.097575
14.950000 2.341809
14.960000 2.986827
14.970000 2.915852
14.980000 0.534307
14.990000 2.469587
15.000000 1.865331
15.010000 2.007622
15.020000 0.729345
15.030000 1.826093
15.040000 3.063402
15.050000 3.184323
15.060000 1.827576
15.070000 1.409608
15.080000 1.640916
15.090000 1.799253
15.100000 2.537861
15.110000 2.757967
15.120000 2.639518
15.130000 2.218349
15.140000 1.706446
15.150000 1.479592
15.160000 0.984097
15.170000 0.763791
15.180000 0.803752
15.190000 1.388138
15.200000 2.409490
15.210000 3.082693
15.220000 3.293515
15.230000 3.440460
15.240000 3.554921
15.250000 3.266093
15.260000 2.952469
15.270000 2.457517
15.280000 2.078565
15.290000 1.553110
15.300000 1.520638
15.310000 1.552182
15.320000 1.908907
15.330000 2.730160
15.340000 3.740282
15.350000 4.823133
15.360000 5.117341
15.370000 5.191339
15.380000 5.134461
15.390000 3.772994
15.400000 4.283845
15.410000 3.303347
15.420000 2.822972
15.430000 2.322840
15.440000 2.921384
15.450000 4.988181
15.460000 7.485852
15.470000 7.029020
15.480000 3.636153
15.490000 1.810952
15.500000 1.653127
15.510000 0.978790
15.520000 0.722797
15.530000 0.306084
15.540000 0.146839
15.550000 1.034410
15.560000 1.767159
15.570000 1.386294
15.580000 1.040045
15.590000 1.570277
15.600000 2.118639
15.610000 0.784620
15.620000 1.569373
15.630000 2.407859
15.640000 2.016729
15.650000 1.833220
15.660000 0.788921
15.670000 2.919617
15.680000 1.664103
15.690000 4.587624
15.700000 0.702348
15.710000 1.297070
15.720000 1.199221
15.730000 0.732894
15.740000 2.342784
15.750000 2.460959
15.760000 2.193479
15.770000 1.207264
15.780000 0.708839
15.790000 0.801883
15.800000 1.053318
15.810000 1.390495
15.820000 1.744989
15.830000 2.073292
15.840000 2.214388
15.850000 1.730941
15.860000 1.394387
15.870000 1.021169
15.880000 1.148823
15.890000 1.143571
15.900000 1.268181
15.910000 1.272339
15.920000 1.068837
15.930000 1.417606
15.940000 1.866740
15.950000 2.069154
15.960000 2.209221
15.970000 2.338364
15.980000 2.442424
15.990000 2.310512
16.000000 2.130167
16.010000 1.979658
16.020000 1.759413
16.030000 1.380882
16.040000 0.952410
16.050000 0.801213
16.060000 1.192048
16.070000 1.899320
16.080000 2.827173
16.090000 4.026957
16.100000 5.360798
16.110000 6.375765
16.120000 6.470630
16.130000 6.968107
16.140000 6.325458
16.150000 6.330829
16.160000 5.581822
16.170000 4.686850
16.180000 2.758924
16.190000 3.230371
16.200000 4.386881
16.210000 5.389204
16.220000 6.040235
16.230000 4.653846
16.240000 4.686140
16.250000 6.340391
16.260000 5.865509
16.270000 4.070325
16.280000 1.987519
16.290000 0.937554
16.300000 0.690028
16.310000 1.658489
16.320000 2.755882
16.330000 3.418412
16.340000 3.595131
16.350000 3.263800
16.360000 2.948820
16.370000 2.764658
16.380000 2.355824
16.390000 1.671321
16.400000 0.865770
16.410000 0.611412
16.420000 1.124571
16.430000 1.426569
16.440000 0.919716
16.450000 0.700500
16.460000 0.696309
16.470000 1.710410
16.480000 0.528328
16.490000 2.859200
16.500000 1.232761
16.510000 3.143183
16.520000 1.206893
16.530000 0.393642
16.540000 1.494742
16.550000 1.537122
16.560000 0.459176
16.570000 0.625853
16.580000 0.387441
16.590000 0.646451
16.600000 0.231710
16.610000 0.438236
16.620000 0.871568
16.630000 0.980115
16.640000 1.114435
16.650000 1.277922
16.660000 1.189727
16.670000 1.043029
16.680000 1.544327
16.690000 2.400227
16.700000 3.707913
16.710000 4.742290
16.720000 5.498728
16.730000 5.971869
16.740000 5.682256
16.750000 4.457063
16.760000 2.960047
16.770000 1.868131
16.780000 1.270935
16.790000 0.664574
16.800000 0.405257
16.810000 0.634007
16.820000 0.766331
16.830000 0.938420
16.840000 0.797301
16.850000 0.989845
16.860000 1.410898
16.870000 1.241554
16.880000 1.571037
16.890000 2.322636
16.900000 2.965247
16.910000 4.087868
16.920000 5.215205
16.930000 5.796001
16.940000 4.819969
16.950000 3.479297
16.960000 3.707546
16.970000 3.690194
16.980000 3.442461
16.990000 3.206071
17.000000 3.923984
17.010000 3.913175
17.020000 2.787018
17.030000 1.455813
17.040000 0.682219
17.050000 0.170763
17.060000 0.537280
17.070000 0.565364
17.080000 0.333728
17.090000 0.215083
17.100000 0.927215
17.110000 1.195026
17.120000 1.183885
17.130000 0.361507
17.140000 0.177377
17.150000 0.157673
17.160000 0.650463
17.170000 1.127880
17.180000 1.581232
17.190000 1.594510
17.200000 3.194420
17.210000 1.884394
17.220000 1.495653
17.230000 1.981185
17.240000 0.403161
17.250000 1.418411
17.260000 1.841846
17.270000 0.687789
17.280000 1.113967
17.290000 1.672723
17.300000 1.262436
17.310000 1.386386
17.320000 1.520458
17.330000 1.285380
17.340000 0.482159
17.350000 0.490451
17.360000 0.739783
17.370000 1.250600
17.380000 2.745474
17.390000 2.404863
17.400000 2.127262
17.410000 1.969682
17.420000 1.979366
17.430000 1.849468
17.440000 1.494715
17.450000 0.513137
17.460000 0.343547
17.470000 0.927239
17.480000 1.363927
17.490000 1.565291
17.500000 1.612421
17.510000 1.663610
17.520000 1.704629
17.530000 1.777818
17.540000 1.852706
17.550000 1.863551
17.560000 1.739862
17.570000 1.627955
17.580000 1.562873
17.590000 1.451530
17.600000 1.393874
17.610000 1.416312
17.620000 1.511870
17.630000 1.687747
17.640000 1.921259
17.650000 2.047785
17.660000 1.954670
17.670000 1.997329
17.680000 2.278078
17.690000 2.736821
17.700000 3.208881
17.710000 3.671969
17.720000 4.115753
17.730000 4.575068
17.740000 4.584831
17.750000 4.626014
17.760000 5.165207
17.770000 5.418669
17.780000 6.656994
17.790000 8.068062
17.800000 8.810861
17.810000 9.112874
17.820000 6.692480
17.830000 4.181404
17.840000 1.910370
17.850000 1.752835
17.860000 2.889101
17.870000 4.638649
17.880000 4.724993
17.890000 3.072620
17.900000 2.663800
17.910000 3.040903
17.920000 2.723072
17.930000 1.919185
17.940000 1.511469
17.950000 1.572021
17.960000 1.898555
17.970000 1.691460
17.980000 2.035503
17.990000 2.017797
18.000000 2.103699
18.010000 2.225427
18.020000 2.076371
18.030000 2.068750
18.040000 1.449517
18.050000 0.397872
18.060000 0.278493
18.070000 0.173549
18.080000 0.591317
18.090000 0.976164
18.100000 2.862189
18.110000 2.491689
18.120000 3.973510
18.130000 2.804670
18.140000 1.800022
18.150000 1.101125
18.160000 2.411342
18.170000 0.657129
18.180000 2.898077
18.190000 2.459018
18.200000 0.423079
18.210000 1.999898
18.220000 2.559685
18.230000 3.509624
18.240000 3.501811
18.250000 3.343485
18.260000 3.104668
18.270000 2.479883
18.280000 2.395031
18.290000 2.550134
18.300000 2.927014
18.310000 3.329739
18.320000 5.866632
18.330000 5.850722
18.340000 4.329889
18.350000 2.889954
18.360000 2.269488
18.370000 2.215425
18.380000 2.986950
18.390000 4.287768
18.400000 5.154775
18.410000 5.933579
18.420000 6.098198
18.430000 5.540951
18.440000 4.822234
18.450000 4.331921
18.460000 4.035584
18.470000 4.517633
18.480000 6.247270
18.490000 8.322782
18.500000 8.818305
18.510000 7.957610
18.520000 5.152574
18.530000 5.204671
18.540000 5.640733
18.550000 7.433862
18.560000 7.765073
18.570000 5.994256
18.580000 4.385226
18.590000 5.371723
18.600000 5.813552
18.610000 4.891083
18.620000 3.337481
18.630000 1.324562
18.640000 1.558666
18.650000 2.077646
18.660000 1.975992
18.670000 2.112115
18.680000 1.952951
18.690000 1.187847
18.700000 0.319961
18.710000 0.862054
18.720000 1.055782
18.730000 1.374146
18.740000 1.172104
18.750000 1.009234
18.760000 2.982481
18.770000 0.983200
18.780000 0.717622
18.790000 2.374527
18.800000 2.583229
18.810000 1.974753
18.820000 2.183117
18.830000 2.891629
18.840000 1.585748
18.850000 2.062824
18.860000 0.759249
18.870000 1.619511
18.880000 2.536194
18.890000 3.243827
18.900000 2.386837
18.910000 1.124341
18.920000 1.761078
18.930000 2.198636
18.940000 2.395916
18.950000 2.643311
18.960000 2.454265
18.970000 1.767506
18.980000 1.094638
18.990000 0.946784
19.000000 0.892092
19.010000 0.648042
19.020000 1.109149
19.030000 1.728277
19.040000 2.388268
19.050000 2.956893
19.060000 3.494015
19.070000 3.617451
19.080000 3.751728
19.090000 3.587116
19.100000 2.964766
19.110000 2.416324
19.120000 2.224107
19.130000 1.982130
19.140000 1.717981
19.150000 2.059327
19.160000 3.073297
19.170000 3.735233
19.180000 4.356013
19.190000 5.707080
19.200000 5.369213
19.210000 4.489898
19.220000 4.697266
19.230000 3.103774
19.240000 2.223832
19.250000 2.409170
19.260000 1.651396
19.270000 2.704709
19.280000 4.389338
19.290000 5.186996
19.300000 3.012513
19.310000 0.737621
19.320000 0.960683
19.330000 0.850803
19.340000 0.621928
19.350000 0.644948
19.360000 0.583803
19.370000 0.824627
19.380000 1.032137
19.390000 1.857752
19.400000 1.855096
19.410000 0.490662
19.420000 0.711882
19.430000 1.630338
19.440000 2.474005
19.450000 1.762163
19.460000 2.527125
19.470000 0.523241
19.480000 1.247169
19.490000 1.583227
19.500000 3.583288
19.510000 1.438897
19.520000 2.457780
19.530000 1.779831
19.540000 1.864553
19.550000 0.763431
19.560000 1.758646
19.570000 3.049112
19.580000 2.961629
19.590000 1.621432
19.600000 1.398374
19.610000 1.262954
19.620000 1.661476
19.630000 2.103088
19.640000 2.539528
19.650000 2.912907
19.660000 2.303499
19.670000 2.016773
19.680000 1.621686
19.690000 1.084016
19.700000 0.809580
19.710000 0.761670
19.720000 0.900109
19.730000 1.606931
19.740000 2.389092
19.750000 2.947499
19.760000 3.222618
19.770000 3.333804
19.780000 3.142162
19.790000 2.877999
19.800000 2.450232
19.810000 2.068421
19.820000 1.731243
19.830000 1.554465
19.840000 1.534356
19.850000 2.177073
19.860000 2.618490
19.870000 3.316686
19.880000 4.026485
19.890000 4.281103
19.900000 5.368284
19.910000 5.736251
19.920000 5.092968
19.930000 4.805219
19.940000 2.943604
19.950000 3.488228
19.960000 2.577271
19.970000 2.639061
19.980000 3.232625
19.990000 4.403112
