0.000000 6.698447
0.010000 6.104239
0.020000 5.763229
0.030000 5.017722
0.040000 4.746973
0.050000 4.780068
0.060000 4.660224
0.070000 4.543197
0.080000 4.622935
0.090000 4.843604
0.100000 4.406533
0.110000 4.035945
0.120000 3.871247
0.130000 3.479581
0.140000 3.144420
0.150000 3.073662
0.160000 2.994269
0.170000 2.779991
0.180000 2.618421
0.190000 2.444835
0.200000 2.543780
0.210000 2.521895
0.220000 2.735673
0.230000 2.529623
0.240000 2.133529
0.250000 2.103338
0.260000 2.626163
0.270000 3.245312
0.280000 3.268261
0.290000 2.927153
0.300000 2.321593
0.310000 1.820331
0.320000 1.819853
0.330000 2.387046
0.340000 2.298652
0.350000 2.781656
0.360000 3.753581
0.370000 4.424926
0.380000 5.229115
0.390000 5.914482
0.400000 6.529159
0.410000 7.280770
0.420000 7.602058
0.430000 7.747182
0.440000 8.151949
0.450000 8.802515
0.460000 9.269897
0.470000 9.983392
0.480000 9.516657
0.490000 9.296106
0.500000 9.073673
0.510000 9.220843
0.520000 9.582850
0.530000 10.128335
0.540000 10.580717
0.550000 10.883573
0.560000 11.383615
0.570000 11.248760
0.580000 10.973100
0.590000 10.583566
0.600000 9.512146
0.610000 7.985625
0.620000 7.315885
0.630000 6.506888
0.640000 5.816241
0.650000 5.284332
0.660000 4.823289
0.670000 4.883825
0.680000 4.626246
0.690000 4.279792
0.700000 4.136856
0.710000 4.230533
0.720000 3.878444
0.730000 3.595376
0.740000 3.485263
0.750000 3.224362
0.760000 2.733675
0.770000 2.526851
0.780000 2.606026
0.790000 2.576542
0.800000 2.358058
0.810000 2.202004
0.820000 2.247127
0.830000 2.172351
0.840000 2.365046
0.850000 2.457146
0.860000 2.528447
0.870000 2.086509
0.880000 2.340497
0.890000 3.003313
0.900000 3.446153
0.910000 3.427691
0.920000 2.592483
0.930000 1.824278
0.940000 1.384957
0.950000 1.877514
0.960000 2.447732
0.970000 2.441133
0.980000 3.212731
0.990000 3.547250
1.000000 4.031425
1.010000 4.696049
1.020000 5.300458
1.030000 6.201355
1.040000 6.520845
1.050000 7.011026
1.060000 7.261419
1.070000 7.562146
1.080000 7.841980
1.090000 8.473273
1.100000 8.414819
1.110000 8.130658
1.120000 7.934828
1.130000 7.976696
1.140000 8.528772
1.150000 9.231869
1.160000 9.708580
1.170000 9.962887
1.180000 10.384834
1.190000 10.342368
1.200000 10.238454
1.210000 10.135976
1.220000 10.603455
1.230000 9.231728
1.240000 7.423365
1.250000 6.696637
1.260000 6.125115
1.270000 5.469931
1.280000 4.844372
1.290000 4.796926
1.300000 4.794018
1.310000 4.256971
1.320000 3.875322
1.330000 3.756833
1.340000 3.611792
1.350000 3.093407
1.360000 3.198916
1.370000 3.190478
1.380000 2.597104
1.390000 2.088624
1.400000 1.963948
1.410000 2.123296
1.420000 2.065110
1.430000 1.958934
1.440000 1.943479
1.450000 2.058486
1.460000 1.898352
1.470000 2.026599
1.480000 2.263433
1.490000 2.524992
1.500000 2.675337
1.510000 2.899934
1.520000 3.705083
1.530000 3.883349
1.540000 3.399387
1.550000 2.351244
1.560000 1.578983
1.570000 1.211467
1.580000 1.831394
1.590000 2.371601
1.600000 2.726226
1.610000 3.215432
1.620000 3.543425
1.630000 3.450448
1.640000 3.984705
1.650000 4.907551
1.660000 5.448384
1.670000 5.944601
1.680000 6.350540
1.690000 6.354500
1.700000 6.504718
1.710000 6.986228
1.720000 7.298370
1.730000 7.116617
1.740000 7.006094
1.750000 6.853986
1.760000 7.169400
1.770000 7.924909
1.780000 8.729812
1.790000 9.200139
1.800000 9.633372
1.810000 9.539821
1.820000 9.522857
1.830000 9.362549
1.840000 9.637343
1.850000 9.951895
1.860000 8.543407
1.870000 6.735717
1.880000 5.859996
1.890000 5.285447
1.900000 4.930869
1.910000 4.493078
1.920000 4.670736
1.930000 4.629089
1.940000 4.003392
1.950000 3.490095
1.960000 3.269953
1.970000 2.934176
1.980000 2.799292
1.990000 2.894812
2.000000 2.699541
2.010000 2.043084
2.020000 1.538082
2.030000 1.356159
2.040000 1.525536
2.050000 1.658077
2.060000 1.620096
2.070000 1.746636
2.080000 1.708118
2.090000 1.618858
2.100000 1.594384
2.110000 1.875553
2.120000 2.411516
2.130000 3.323168
2.140000 3.712222
2.150000 4.249738
2.160000 3.837927
2.170000 3.191461
2.180000 2.191660
2.190000 1.601286
2.200000 0.922544
2.210000 1.466619
2.220000 2.160255
2.230000 3.014728
2.240000 3.009260
2.250000 3.002543
2.260000 3.093865
2.270000 3.401192
2.280000 4.389708
2.290000 4.750614
2.300000 5.180128
2.310000 5.331417
2.320000 5.253340
2.330000 5.617391
2.340000 5.894001
2.350000 6.084979
2.360000 6.057046
2.370000 6.039214
2.380000 6.050735
2.390000 6.408533
2.400000 7.107048
2.410000 8.250463
2.420000 8.787688
2.430000 9.165312
2.440000 8.903794
2.450000 8.599841
2.460000 8.426068
2.470000 8.651714
2.480000 8.731813
2.490000 7.867800
2.500000 6.334549
2.510000 5.089284
2.520000 4.555387
2.530000 4.174991
2.540000 4.145282
2.550000 4.333275
2.560000 4.466751
2.570000 3.906127
2.580000 3.198414
2.590000 2.738428
2.600000 2.514292
2.610000 2.513272
2.620000 2.583498
2.630000 2.361320
2.640000 1.685144
2.650000 1.229336
2.660000 0.909511
2.670000 0.868284
2.680000 1.125606
2.690000 1.489369
2.700000 1.883943
2.710000 1.924982
2.720000 1.755924
2.730000 1.438046
2.740000 1.426359
2.750000 2.173373
2.760000 3.294329
2.770000 4.237869
2.780000 4.675534
2.790000 3.586492
2.800000 3.018247
2.810000 2.267590
2.820000 1.686686
2.830000 0.989352
2.840000 1.055246
2.850000 1.790795
2.860000 3.012346
2.870000 2.773996
2.880000 2.520895
2.890000 2.455510
2.900000 2.761808
2.910000 3.555810
2.920000 3.882705
2.930000 4.266512
2.940000 4.180079
2.950000 4.256947
2.960000 4.629652
2.970000 4.730061
2.980000 4.917215
2.990000 4.977699
3.000000 4.930930
3.010000 4.955850
3.020000 5.418096
3.030000 6.359772
3.040000 7.754444
3.050000 8.436419
3.060000 8.379261
3.070000 8.200428
3.080000 7.850847
3.090000 7.211214
3.100000 7.411736
3.110000 7.546165
3.120000 7.221393
3.130000 6.154698
3.140000 4.594172
3.150000 3.668453
3.160000 3.394946
3.170000 3.235484
3.180000 3.854729
3.190000 3.911830
3.200000 4.014005
3.210000 3.186094
3.220000 2.409538
3.230000 2.184767
3.240000 2.096305
3.250000 2.224299
3.260000 2.178853
3.270000 1.650691
3.280000 1.159968
3.290000 0.637660
3.300000 0.516093
3.310000 0.481041
3.320000 0.871244
3.330000 1.455096
3.340000 1.877990
3.350000 2.240829
3.360000 1.847059
3.370000 1.649904
3.380000 1.926788
3.390000 2.787727
3.400000 3.993028
3.410000 4.884500
3.420000 3.574203
3.430000 2.900663
3.440000 2.339909
3.450000 1.709230
3.460000 1.447536
3.470000 0.679900
3.480000 0.853098
3.490000 2.506861
3.500000 2.306187
3.510000 1.825017
3.520000 1.773597
3.530000 2.121675
3.540000 2.606753
3.550000 3.208855
3.560000 3.522162
3.570000 3.303936
3.580000 3.448854
3.590000 3.692431
3.600000 3.651428
3.610000 3.578680
3.620000 3.824749
3.630000 3.910508
3.640000 3.439524
3.650000 3.784835
3.660000 4.819285
3.670000 6.283149
3.680000 7.387997
3.690000 7.188777
3.700000 6.921000
3.710000 6.382684
3.720000 6.057604
3.730000 6.564482
3.740000 6.625521
3.750000 6.763929
3.760000 6.083324
3.770000 4.940369
3.780000 3.422947
3.790000 2.692277
3.800000 2.670063
3.810000 2.943964
3.820000 3.180406
3.830000 3.586092
3.840000 3.514228
3.850000 2.707056
3.860000 2.008835
3.870000 1.811104
3.880000 1.905848
3.890000 1.968596
3.900000 1.643171
3.910000 1.085437
3.920000 0.903793
3.930000 0.958148
3.940000 0.681859
3.950000 0.400975
3.960000 0.944153
3.970000 1.313955
3.980000 1.580856
3.990000 1.624684
4.000000 2.319017
4.010000 2.504995
4.020000 2.346275
4.030000 2.968571
4.040000 4.089916
4.050000 4.265100
4.060000 2.735070
4.070000 2.283746
4.080000 1.730516
4.090000 1.580526
4.100000 1.200349
4.110000 0.651671
4.120000 1.338001
4.130000 1.969118
4.140000 1.473822
4.150000 1.091330
4.160000 1.365205
4.170000 1.665051
4.180000 2.141786
4.190000 2.561123
4.200000 2.615171
4.210000 2.668381
4.220000 2.933998
4.230000 2.698504
4.240000 2.461154
4.250000 2.558168
4.260000 2.384945
4.270000 1.787297
4.280000 2.053677
4.290000 3.163782
4.300000 4.664064
4.310000 5.916414
4.320000 5.930244
4.330000 5.406336
4.340000 4.691993
4.350000 4.375471
4.360000 4.709322
4.370000 5.288585
4.380000 6.001749
4.390000 6.242101
4.400000 5.567564
4.410000 4.314861
4.420000 3.035072
4.430000 2.258417
4.440000 2.246752
4.450000 2.652931
4.460000 2.484757
4.470000 2.969027
4.480000 3.298812
4.490000 2.365022
4.500000 1.793906
4.510000 1.582907
4.520000 1.816999
4.530000 1.526632
4.540000 1.275129
4.550000 1.308730
4.560000 1.545704
4.570000 1.548549
4.580000 1.092762
4.590000 0.600370
4.600000 0.903536
4.610000 1.260354
4.620000 1.564044
4.630000 1.640801
4.640000 2.304791
4.650000 3.126377
4.660000 2.644902
4.670000 2.339743
4.680000 3.048332
4.690000 3.916522
4.700000 2.261757
4.710000 1.567132
4.720000 1.338275
4.730000 1.435950
4.740000 1.136807
4.750000 0.788230
4.760000 1.464773
4.770000 1.365169
4.780000 0.871279
4.790000 0.750509
4.800000 1.001956
4.810000 1.128539
4.820000 1.530019
4.830000 1.794205
4.840000 2.087454
4.850000 2.203438
4.860000 2.152064
4.870000 2.042166
4.880000 1.925149
4.890000 1.693916
4.900000 1.047197
4.910000 0.649722
4.920000 1.450313
4.930000 2.611671
4.940000 3.834805
4.950000 4.849881
4.960000 4.531612
4.970000 3.902057
4.980000 3.066086
4.990000 2.646124
5.000000 2.822146
5.010000 3.991364
5.020000 4.584095
5.030000 5.167448
5.040000 5.623698
5.050000 4.508190
5.060000 3.315550
5.070000 2.210821
5.080000 1.899150
5.090000 2.240277
5.100000 1.912616
5.110000 1.952818
5.120000 2.527512
5.130000 2.448264
5.140000 1.546822
5.150000 1.286284
5.160000 1.331303
5.170000 1.207369
5.180000 1.403116
5.190000 1.764170
5.200000 2.049320
5.210000 1.937318
5.220000 1.363193
5.230000 1.115224
5.240000 0.827502
5.250000 1.132306
5.260000 1.417025
5.270000 1.832618
5.280000 2.612547
5.290000 3.826689
5.300000 3.880466
5.310000 2.412721
5.320000 1.670988
5.330000 2.940022
5.340000 2.831030
5.350000 1.129054
5.360000 1.150196
5.370000 1.430305
5.380000 1.662989
5.390000 1.189291
5.400000 0.964474
5.410000 1.355730
5.420000 0.515903
5.430000 0.428602
5.440000 0.746419
5.450000 0.778657
5.460000 1.394192
5.470000 1.720258
5.480000 1.673456
5.490000 2.006047
5.500000 1.912376
5.510000 2.149351
5.520000 2.364920
5.530000 2.052272
5.540000 1.353516
5.550000 1.060827
5.560000 1.548794
5.570000 2.239856
5.580000 2.884097
5.590000 3.592834
5.600000 3.710168
5.610000 3.045937
5.620000 2.348028
5.630000 1.553230
5.640000 0.857107
5.650000 1.356192
5.660000 2.702277
5.670000 3.501500
5.680000 3.817848
5.690000 3.989763
5.700000 3.813887
5.710000 2.805767
5.720000 1.927462
5.730000 1.692474
5.740000 1.849463
5.750000 1.254397
5.760000 1.162032
5.770000 1.337372
5.780000 1.398363
5.790000 0.744179
5.800000 0.648069
5.810000 0.859893
5.820000 1.282679
5.830000 2.061582
5.840000 2.525864
5.850000 2.671080
5.860000 2.672987
5.870000 2.363101
5.880000 1.802562
5.890000 1.451843
5.900000 1.387634
5.910000 1.631241
5.920000 1.965896
5.930000 2.636547
5.940000 3.949992
5.950000 4.107286
5.960000 2.425282
5.970000 1.182761
5.980000 1.905210
5.990000 2.388638
6.000000 1.072469
6.010000 1.115545
6.020000 1.413821
6.030000 1.726205
6.040000 1.388166
6.050000 1.204719
6.060000 0.932197
6.070000 0.602685
6.080000 0.524232
6.090000 0.598650
6.100000 0.584566
6.110000 1.305367
6.120000 1.863379
6.130000 1.897838
6.140000 1.821046
6.150000 1.872874
6.160000 1.842947
6.170000 1.649194
6.180000 1.337613
6.190000 0.994905
6.200000 1.118307
6.210000 1.617593
6.220000 2.371244
6.230000 3.138509
6.240000 3.364478
6.250000 3.170108
6.260000 2.380867
6.270000 1.749429
6.280000 0.947683
6.290000 0.684050
6.300000 0.846486
6.310000 1.304928
6.320000 1.732304
6.330000 2.589139
6.340000 2.831087
6.350000 2.645247
6.360000 2.290570
6.370000 1.870568
6.380000 1.524771
6.390000 1.536373
6.400000 1.269191
6.410000 0.499653
6.420000 0.193561
6.430000 0.371201
6.440000 0.762400
6.450000 0.606204
6.460000 0.797066
6.470000 1.300704
6.480000 2.243505
6.490000 3.118128
6.500000 3.538030
6.510000 4.181945
6.520000 2.877594
6.530000 1.688882
6.540000 1.078851
6.550000 0.926095
6.560000 0.841798
6.570000 0.732626
6.580000 0.909357
6.590000 2.044075
6.600000 3.572527
6.610000 3.987508
6.620000 1.982469
6.630000 0.658878
6.640000 1.041777
6.650000 1.614626
6.660000 1.016474
6.670000 1.164435
6.680000 1.474167
6.690000 1.720294
6.700000 1.467467
6.710000 0.964110
6.720000 0.756706
6.730000 0.375872
6.740000 0.857287
6.750000 0.376429
6.760000 0.552069
6.770000 1.359250
6.780000 2.382257
6.790000 2.028340
6.800000 1.151186
6.810000 0.930860
6.820000 1.000195
6.830000 1.026884
6.840000 0.986288
6.850000 0.726622
6.860000 0.953770
6.870000 1.552679
6.880000 2.037584
6.890000 2.376993
6.900000 2.502108
6.910000 2.252141
6.920000 1.505661
6.930000 0.974410
6.940000 0.542452
6.950000 0.847080
6.960000 1.377282
6.970000 1.238340
6.980000 1.410873
6.990000 1.536878
7.000000 1.802882
7.010000 1.912746
7.020000 1.466901
7.030000 1.331983
7.040000 1.031104
7.050000 1.295500
7.060000 1.006492
7.070000 0.661739
7.080000 0.403635
7.090000 1.017117
7.100000 1.520823
7.110000 1.261609
7.120000 1.409775
7.130000 1.815406
7.140000 2.382905
7.150000 2.862810
7.160000 3.195026
7.170000 2.849612
7.180000 1.561612
7.190000 0.697145
7.200000 1.144283
7.210000 1.741409
7.220000 2.339834
7.230000 1.788850
7.240000 0.984102
7.250000 0.370017
7.260000 1.257959
7.270000 2.557171
7.280000 3.444062
7.290000 1.853635
7.300000 0.640289
7.310000 0.378395
7.320000 1.100047
7.330000 1.766471
7.340000 1.305711
7.350000 1.413294
7.360000 2.007203
7.370000 2.249950
7.380000 1.286497
7.390000 0.676672
7.400000 1.059373
7.410000 1.365061
7.420000 0.914588
7.430000 0.494901
7.440000 1.832820
7.450000 2.248595
7.460000 1.010511
7.470000 0.406545
7.480000 0.931531
7.490000 0.783271
7.500000 0.899586
7.510000 0.994527
7.520000 0.705252
7.530000 0.703894
7.540000 0.693145
7.550000 0.880611
7.560000 0.897596
7.570000 1.222877
7.580000 1.427541
7.590000 1.059013
7.600000 0.776737
7.610000 0.573849
7.620000 0.690707
7.630000 1.190890
7.640000 1.356071
7.650000 1.516551
7.660000 1.312203
7.670000 1.104503
7.680000 1.342346
7.690000 1.672402
7.700000 1.572093
7.710000 0.772221
7.720000 1.040647
7.730000 1.257939
7.740000 1.173142
7.750000 0.868187
7.760000 0.945505
7.770000 0.843609
7.780000 1.159024
7.790000 1.477900
7.800000 2.061394
7.810000 1.893994
7.820000 2.048094
7.830000 2.535680
7.840000 2.475380
7.850000 1.256430
7.860000 0.640424
7.870000 0.775818
7.880000 1.354680
7.890000 1.827888
7.900000 2.096069
7.910000 2.159563
7.920000 1.797964
7.930000 0.870499
7.940000 0.269520
7.950000 0.943304
7.960000 1.649671
7.970000 2.372943
7.980000 1.911505
7.990000 0.961727
8.000000 0.558950
8.010000 1.772360
8.020000 1.894810
8.030000 1.862281
8.040000 1.492829
8.050000 2.281430
8.060000 2.476034
8.070000 1.698858
8.080000 0.721589
8.090000 1.374519
8.100000 1.636872
8.110000 0.980537
8.120000 1.031728
8.130000 1.719411
8.140000 1.475020
8.150000 0.663123
8.160000 1.252828
8.170000 0.623604
8.180000 0.712710
8.190000 1.040316
8.200000 1.150017
8.210000 0.975787
8.220000 0.787105
8.230000 0.541042
8.240000 0.208025
8.250000 0.585673
8.260000 1.159809
8.270000 1.079894
8.280000 0.529690
8.290000 0.365540
8.300000 0.652211
8.310000 1.037673
8.320000 1.304745
8.330000 1.379496
8.340000 1.193986
8.350000 1.057104
8.360000 0.719746
8.370000 0.691887
8.380000 0.683378
8.390000 0.514160
8.400000 0.973208
8.410000 1.729519
8.420000 2.083794
8.430000 0.933932
8.440000 0.629522
8.450000 1.370049
8.460000 0.622912
8.470000 0.881749
8.480000 0.993903
8.490000 0.992913
8.500000 0.871677
8.510000 1.679552
8.520000 1.806094
8.530000 1.660407
8.540000 1.837889
8.550000 1.659047
8.560000 0.954436
8.570000 0.787398
8.580000 0.179351
8.590000 0.434844
8.600000 0.536831
8.610000 0.615754
8.620000 0.623109
8.630000 0.654335
8.640000 0.614422
8.650000 0.829995
8.660000 0.731147
8.670000 0.622986
8.680000 0.396863
8.690000 0.565033
8.700000 1.224669
8.710000 1.334105
8.720000 1.105668
8.730000 0.717916
8.740000 2.060640
8.750000 1.611010
8.760000 1.592522
8.770000 1.741478
8.780000 2.411671
8.790000 0.547364
8.800000 0.749565
8.810000 0.387738
8.820000 0.805959
8.830000 0.695015
8.840000 0.239398
8.850000 0.718342
8.860000 1.317304
8.870000 1.001675
8.880000 1.230528
8.890000 1.014880
8.900000 0.505913
8.910000 0.692086
8.920000 0.992159
8.930000 1.038283
8.940000 0.926422
8.950000 0.549021
8.960000 0.254476
8.970000 0.995431
8.980000 1.402893
8.990000 1.030710
9.000000 0.664839
9.010000 0.473911
9.020000 0.446208
9.030000 0.564079
9.040000 0.726520
9.050000 0.248503
9.060000 0.562323
9.070000 1.081057
9.080000 1.484347
9.090000 1.030957
9.100000 0.856236
9.110000 0.704421
9.120000 0.517147
9.130000 0.346310
9.140000 0.272093
9.150000 0.377846
9.160000 0.500730
9.170000 0.724931
9.180000 0.637566
9.190000 0.430010
9.200000 1.041400
9.210000 1.483162
9.220000 1.964846
9.230000 2.327663
9.240000 2.028493
9.250000 1.693640
9.260000 1.112718
9.270000 1.102683
9.280000 1.673500
9.290000 1.421509
9.300000 1.583594
9.310000 1.523312
9.320000 1.082727
9.330000 0.761663
9.340000 0.782350
9.350000 1.508073
9.360000 1.671208
9.370000 1.460657
9.380000 1.540952
9.390000 1.754538
9.400000 1.426478
9.410000 0.480646
9.420000 0.916079
9.430000 0.922913
9.440000 0.583933
9.450000 0.393198
9.460000 0.177654
9.470000 0.079279
9.480000 0.301215
9.490000 0.432314
9.500000 0.775394
9.510000 0.930106
9.520000 0.388436
9.530000 1.385025
9.540000 1.233645
9.550000 1.100524
9.560000 0.648620
9.570000 0.465346
9.580000 0.552703
9.590000 0.505839
9.600000 2.197646
9.610000 0.404241
9.620000 0.563449
9.630000 1.581897
9.640000 0.768557
9.650000 0.343635
9.660000 1.690913
9.670000 0.607599
9.680000 1.151486
9.690000 0.551641
9.700000 0.268322
9.710000 1.236144
9.720000 1.864569
9.730000 1.237868
9.740000 0.786086
9.750000 0.830710
9.760000 0.966588
9.770000 0.856697
9.780000 0.708614
9.790000 0.864261
9.800000 1.329101
9.810000 1.968881
9.820000 2.162329
9.830000 2.481847
9.840000 2.620245
9.850000 1.775210
9.860000 1.185887
9.870000 0.944735
9.880000 0.780183
9.890000 0.700762
9.900000 0.849853
9.910000 1.421983
9.920000 2.164489
9.930000 2.560003
9.940000 1.542107
9.950000 0.622382
9.960000 0.487139
9.970000 1.242143
9.980000 1.789626
9.990000 2.433239
10.000000 3.130771
10.010000 3.922672
10.020000 4.175682
10.030000 1.583626
10.040000 0.567711
10.050000 0.467914
10.060000 0.632392
10.070000 1.099917
10.080000 1.317665
10.090000 0.921227
10.100000 1.528644
10.110000 2.209103
10.120000 1.335488
10.130000 0.405048
10.140000 0.805022
10.150000 0.823451
10.160000 0.714627
10.170000 0.799525
10.180000 0.711032
10.190000 0.343547
10.200000 0.185981
10.210000 0.200155
10.220000 0.376488
10.230000 0.435774
10.240000 0.394609
10.250000 0.864917
10.260000 0.421984
10.270000 0.075345
10.280000 0.438085
10.290000 0.166317
10.300000 0.572016
10.310000 0.398978
10.320000 1.001612
10.330000 0.521219
10.340000 0.599572
10.350000 0.466947
10.360000 1.282928
10.370000 0.771001
10.380000 0.896842
10.390000 0.580159
10.400000 0.979662
10.410000 1.122369
10.420000 0.923687
10.430000 0.526391
10.440000 0.553643
10.450000 1.115491
10.460000 0.904887
10.470000 0.844764
10.480000 0.583395
10.490000 0.224743
10.500000 0.388463
10.510000 0.449566
10.520000 0.628317
10.530000 0.927706
10.540000 0.852159
10.550000 0.648659
10.560000 0.768123
10.570000 0.806376
10.580000 0.803590
10.590000 0.915178
10.600000 1.045809
10.610000 1.192703
10.620000 1.182009
10.630000 1.186724
10.640000 1.134072
10.650000 1.048861
10.660000 0.972885
10.670000 0.883269
10.680000 0.787727
10.690000 0.727044
10.700000 0.660002
10.710000 0.442635
10.720000 0.899516
10.730000 1.389577
10.740000 0.516283
10.750000 0.761518
10.760000 1.075775
10.770000 1.112417
10.780000 1.084803
10.790000 1.190609
10.800000 1.197048
10.810000 0.909754
10.820000 1.371568
10.830000 1.887134
10.840000 2.189647
10.850000 2.311136
10.860000 2.886076
10.870000 2.854390
10.880000 2.198674
10.890000 1.118797
10.900000 0.335852
10.910000 0.947078
10.920000 2.311663
10.930000 1.809052
10.940000 1.452597
10.950000 0.716727
10.960000 0.388393
10.970000 0.557693
10.980000 1.562093
10.990000 1.177666
11.000000 0.685424
11.010000 0.430989
11.020000 0.636614
11.030000 0.580637
11.040000 0.494113
11.050000 0.236123
11.060000 0.298757
11.070000 0.105126
11.080000 0.421605
11.090000 1.359879
11.100000 2.756023
11.110000 0.885128
11.120000 0.341818
11.130000 1.973408
11.140000 1.239545
11.150000 0.725379
11.160000 2.053132
11.170000 2.316679
11.180000 0.512388
11.190000 1.343366
11.200000 1.522966
11.210000 0.088011
11.220000 1.031460
11.230000 1.936651
11.240000 1.532383
11.250000 1.242397
11.260000 0.709299
11.270000 1.204478
11.280000 0.659280
11.290000 0.797925
11.300000 0.930772
11.310000 1.173364
11.320000 0.878003
11.330000 0.602067
11.340000 0.719775
11.350000 1.199929
11.360000 1.609242
11.370000 1.840979
11.380000 1.383432
11.390000 0.730125
11.400000 0.594843
11.410000 0.903058
11.420000 1.057481
11.430000 0.805790
11.440000 1.003045
11.450000 1.115051
11.460000 0.956589
11.470000 1.042628
11.480000 1.236693
11.490000 1.352418
11.500000 1.356843
11.510000 1.124322
11.520000 1.171667
11.530000 1.862779
11.540000 1.417020
11.550000 0.758299
11.560000 1.015718
11.570000 1.253348
11.580000 0.890465
11.590000 0.829630
11.600000 1.147595
11.610000 0.949884
11.620000 1.051333
11.630000 1.113653
11.640000 0.548422
11.650000 0.893157
11.660000 1.106254
11.670000 1.155020
11.680000 1.333961
11.690000 1.109668
11.700000 1.259107
11.710000 1.470789
11.720000 1.052063
11.730000 0.506872
11.740000 0.345356
11.750000 0.277282
11.760000 0.388914
11.770000 0.446836
11.780000 1.024874
11.790000 1.363701
11.800000 1.113197
11.810000 0.320184
11.820000 2.044101
11.830000 1.749936
11.840000 2.074061
11.850000 0.948201
11.860000 2.452449
11.870000 1.746576
11.880000 0.207446
11.890000 0.449680
11.900000 0.688873
11.910000 0.908155
11.920000 0.372803
11.930000 0.587001
11.940000 0.955299
11.950000 1.394891
11.960000 0.904880
11.970000 1.225291
11.980000 0.505711
11.990000 0.256687
12.000000 1.078968
12.010000 1.097776
12.020000 0.998569
12.030000 0.759234
12.040000 0.332548
12.050000 0.583701
12.060000 1.250403
12.070000 1.395762
12.080000 0.840876
12.090000 0.512608
12.100000 0.426832
12.110000 0.576305
12.120000 0.639709
12.130000 0.635182
12.140000 0.419662
12.150000 1.015777
12.160000 1.224571
12.170000 0.999362
12.180000 0.897744
12.190000 0.816334
12.200000 0.593363
12.210000 0.449470
12.220000 0.570485
12.230000 0.979807
12.240000 0.719308
12.250000 0.470843
12.260000 0.376824
12.270000 0.972474
12.280000 1.865550
12.290000 2.394592
12.300000 1.855418
12.310000 1.226855
12.320000 0.810419
12.330000 0.874431
12.340000 1.228034
12.350000 1.469514
12.360000 1.523877
12.370000 1.508877
12.380000 0.981941
12.390000 0.626109
12.400000 0.410290
12.410000 1.368644
12.420000 1.496116
12.430000 1.271219
12.440000 0.898180
12.450000 1.305646
12.460000 1.377443
12.470000 0.664417
12.480000 0.447591
12.490000 0.846767
12.500000 0.443776
12.510000 0.221006
12.520000 0.240295
12.530000 0.283908
12.540000 0.324841
12.550000 0.596275
12.560000 1.388820
12.570000 0.530232
12.580000 1.070761
12.590000 1.707727
12.600000 0.226368
12.610000 0.891423
12.620000 0.247105
12.630000 1.595927
12.640000 0.411371
12.650000 0.762834
12.660000 2.005500
12.670000 0.371935
12.680000 0.965747
12.690000 1.609835
12.700000 0.524670
12.710000 0.767691
12.720000 1.602507
12.730000 0.748534
12.740000 0.830358
12.750000 0.584544
12.760000 0.595689
12.770000 1.614305
12.780000 1.243880
12.790000 0.698174
12.800000 1.111044
12.810000 1.332404
12.820000 1.016611
12.830000 0.735042
12.840000 0.549637
12.850000 0.716510
12.860000 1.123316
12.870000 1.462501
12.880000 1.868973
12.890000 2.609245
12.900000 2.807812
12.910000 2.393016
12.920000 1.362535
12.930000 0.979374
12.940000 0.784081
12.950000 0.556558
12.960000 0.420182
12.970000 0.448433
12.980000 0.307735
12.990000 0.378469
13.000000 1.209636
13.010000 2.319817
13.020000 1.971852
13.030000 1.027084
13.040000 0.635747
13.050000 0.658512
13.060000 0.713472
13.070000 0.446400
13.080000 1.394791
13.090000 1.045673
13.100000 1.287608
13.110000 1.795394
13.120000 2.539660
13.130000 3.192770
13.140000 3.477559
13.150000 2.671185
13.160000 2.453258
13.170000 0.581824
13.180000 0.860296
13.190000 1.613086
13.200000 1.270852
13.210000 0.650282
13.220000 1.180852
13.230000 0.470217
13.240000 0.261707
13.250000 0.717038
13.260000 0.657301
13.270000 0.502100
13.280000 0.249609
13.290000 0.708365
13.300000 0.710640
13.310000 0.788932
13.320000 0.615296
13.330000 0.813706
13.340000 0.838567
13.350000 0.924322
13.360000 0.371428
13.370000 0.761516
13.380000 0.918051
13.390000 0.566987
13.400000 0.183001
13.410000 0.743531
13.420000 0.591363
13.430000 1.691898
13.440000 0.856166
13.450000 1.769846
13.460000 1.310543
13.470000 0.714832
13.480000 0.719527
13.490000 1.042458
13.500000 1.303115
13.510000 1.091282
13.520000 0.517501
13.530000 0.735474
13.540000 1.658901
13.550000 1.700438
13.560000 1.097757
13.570000 0.565695
13.580000 0.216602
13.590000 0.205677
13.600000 0.640606
13.610000 1.240211
13.620000 1.783408
13.630000 1.951507
13.640000 1.892570
13.650000 1.946684
13.660000 1.775033
13.670000 1.581005
13.680000 1.235045
13.690000 0.863277
13.700000 0.742492
13.710000 0.754312
13.720000 0.873931
13.730000 1.105005
13.740000 1.255683
13.750000 1.333044
13.760000 1.370007
13.770000 1.339742
13.780000 1.261772
13.790000 1.169833
13.800000 1.142744
13.810000 1.075695
13.820000 0.985911
13.830000 0.967184
13.840000 0.990806
13.850000 0.622101
13.860000 0.489436
13.870000 0.681989
13.880000 1.093873
13.890000 1.814154
13.900000 2.444094
13.910000 2.741064
13.920000 2.737102
13.930000 2.394386
13.940000 1.401948
13.950000 1.233456
13.960000 1.180735
13.970000 1.296132
13.980000 1.693761
13.990000 1.653762
14.000000 1.780063
14.010000 1.286881
14.020000 1.341737
14.030000 1.152908
14.040000 1.582532
14.050000 2.137588
14.060000 2.847263
14.070000 1.979323
14.080000 1.099708
14.090000 0.541778
14.100000 1.353413
14.110000 1.602363
14.120000 0.990535
14.130000 0.583417
14.140000 0.538699
14.150000 0.525856
14.160000 0.212312
14.170000 0.286720
14.180000 0.320543
14.190000 0.713544
14.200000 0.417658
14.210000 0.412262
14.220000 1.189363
14.230000 2.897783
14.240000 0.185218
14.250000 0.658196
14.260000 0.799161
14.270000 0.257186
14.280000 1.268087
14.290000 2.264187
14.300000 0.378324
14.310000 0.670864
14.320000 1.371374
14.330000 0.593225
14.340000 0.784427
14.350000 0.768472
14.360000 0.718554
14.370000 1.010063
14.380000 0.249863
14.390000 0.893482
14.400000 1.499235
14.410000 0.961630
14.420000 0.453803
14.430000 1.090733
14.440000 1.236035
14.450000 1.103761
14.460000 1.062151
14.470000 1.160760
14.480000 1.070186
14.490000 1.762993
14.500000 1.837564
14.510000 1.316707
14.520000 1.475300
14.530000 1.547541
14.540000 1.210264
14.550000 0.819604
14.560000 0.769427
14.570000 0.507024
14.580000 0.460438
14.590000 1.106928
14.600000 2.833773
14.610000 4.470840
14.620000 6.452923
14.630000 8.220345
14.640000 9.826939
14.650000 9.419670
14.660000 3.337303
14.670000 2.404036
14.680000 5.454393
14.690000 4.321000
14.700000 4.036332
14.710000 3.387736
14.720000 2.218370
14.730000 1.312348
14.740000 1.201893
14.750000 0.676698
14.760000 1.010534
14.770000 1.416404
14.780000 1.203899
14.790000 1.590638
14.800000 1.479053
14.810000 1.195475
14.820000 0.860349
14.830000 0.700353
14.840000 0.549904
14.850000 0.100649
14.860000 0.401568
14.870000 0.716051
14.880000 1.020015
14.890000 1.018543
14.900000 0.740808
14.910000 0.318881
14.920000 0.316052
14.930000 0.834241
14.940000 0.299448
14.950000 1.306734
14.960000 1.266245
14.970000 0.181983
14.980000 1.187378
14.990000 0.578576
15.000000 1.877668
15.010000 0.220238
15.020000 0.474562
15.030000 0.677253
15.040000 1.048257
15.050000 0.761393
15.060000 0.701251
15.070000 0.978080
15.080000 1.349361
15.090000 1.161352
15.100000 0.551079
15.110000 0.830116
15.120000 0.636376
15.130000 1.043778
15.140000 1.154606
15.150000 1.094269
15.160000 0.960302
15.170000 0.687138
15.180000 0.352333
15.190000 0.223763
15.200000 0.269715
15.210000 0.392428
15.220000 0.537136
15.230000 0.695978
15.240000 0.699328
15.250000 0.725412
15.260000 0.964919
15.270000 1.000326
15.280000 0.702330
15.290000 0.624750
15.300000 0.503920
15.310000 1.207819
15.320000 1.530974
15.330000 1.086926
15.340000 1.077746
15.350000 0.996475
15.360000 1.182047
15.370000 1.651011
15.380000 1.426894
15.390000 1.104527
15.400000 2.603302
15.410000 2.060080
15.420000 1.682970
15.430000 1.576614
15.440000 2.238652
15.450000 1.944497
15.460000 1.051322
15.470000 1.861181
15.480000 2.273144
15.490000 1.465858
15.500000 0.258777
15.510000 0.645241
15.520000 0.983767
15.530000 0.704431
15.540000 1.017557
15.550000 0.856557
15.560000 0.401951
15.570000 0.590609
15.580000 0.236623
15.590000 0.238942
15.600000 0.254101
15.610000 0.787495
15.620000 0.610224
15.630000 0.789032
15.640000 0.176525
15.650000 0.208323
15.660000 0.427476
15.670000 0.469567
15.680000 0.521462
15.690000 0.953478
15.700000 0.468636
15.710000 0.694735
15.720000 0.378583
15.730000 1.200545
15.740000 0.700941
15.750000 0.810400
15.760000 0.601181
15.770000 0.947627
15.780000 1.114832
15.790000 0.791803
15.800000 0.465380
15.810000 0.731612
15.820000 0.921592
15.830000 0.756845
15.840000 0.780986
15.850000 0.522597
15.860000 0.167420
15.870000 0.353459
15.880000 0.473809
15.890000 0.614432
15.900000 0.922223
15.910000 0.856490
15.920000 0.660237
15.930000 0.693996
15.940000 0.737312
15.950000 0.798398
15.960000 0.881001
15.970000 1.016675
15.980000 1.126183
15.990000 1.278083
16.000000 1.212309
16.010000 1.009498
16.020000 0.746843
16.030000 0.495522
16.040000 0.417714
16.050000 0.627011
16.060000 0.586302
16.070000 0.379699
16.080000 0.646366
16.090000 1.013012
16.100000 0.740808
16.110000 0.997850
16.120000 1.076717
16.130000 1.194440
16.140000 1.377613
16.150000 1.294290
16.160000 0.919583
16.170000 1.805735
16.180000 1.961886
16.190000 2.204280
16.200000 2.136544
16.210000 2.397292
16.220000 2.604059
16.230000 1.958357
16.240000 0.837571
16.250000 0.514666
16.260000 1.185986
16.270000 1.652773
16.280000 1.424098
16.290000 1.260333
16.300000 0.753405
16.310000 0.525209
16.320000 0.202861
16.330000 1.154731
16.340000 0.982748
16.350000 0.680204
16.360000 0.424336
16.370000 0.236174
16.380000 0.372610
16.390000 0.295940
16.400000 0.237184
16.410000 0.251506
16.420000 0.275117
16.430000 0.231991
16.440000 2.265539
16.450000 1.160071
16.460000 0.616309
16.470000 0.293505
16.480000 1.038337
16.490000 0.946419
16.500000 0.237721
16.510000 1.535063
16.520000 2.518769
16.530000 0.819975
16.540000 1.296648
16.550000 1.772560
16.560000 0.144730
16.570000 0.968186
16.580000 1.760013
16.590000 1.519931
16.600000 1.028425
16.610000 0.255733
16.620000 0.683695
16.630000 0.597045
16.640000 0.773737
16.650000 0.558646
16.660000 0.911244
16.670000 0.651345
16.680000 0.592143
16.690000 0.959871
16.700000 1.519339
16.710000 2.113144
16.720000 2.324577
16.730000 1.682450
16.740000 1.042792
16.750000 0.830241
16.760000 1.222079
16.770000 1.135931
16.780000 0.712857
16.790000 0.538477
16.800000 0.976188
16.810000 1.441892
16.820000 1.432795
16.830000 1.460843
16.840000 1.586171
16.850000 1.554628
16.860000 1.274473
16.870000 0.874108
16.880000 0.687501
16.890000 1.190391
16.900000 1.706201
16.910000 1.238483
16.920000 0.559330
16.930000 0.890542
16.940000 0.855518
16.950000 0.661765
16.960000 0.886234
16.970000 1.012046
16.980000 1.084272
16.990000 0.940225
17.000000 0.402246
17.010000 0.333604
17.020000 0.588214
17.030000 0.261407
17.040000 0.404867
17.050000 0.472081
17.060000 0.188815
17.070000 0.154434
17.080000 0.678328
17.090000 0.563624
17.100000 0.363882
17.110000 0.386819
17.120000 0.522719
17.130000 0.350300
17.140000 0.182625
17.150000 0.431139
17.160000 1.020631
17.170000 1.208565
17.180000 0.598752
17.190000 1.714753
17.200000 1.549865
17.210000 1.720807
17.220000 0.648283
17.230000 2.660951
17.240000 0.866395
17.250000 0.957503
17.260000 0.734054
17.270000 0.778560
17.280000 0.715732
17.290000 0.112440
17.300000 0.409105
17.310000 1.049839
17.320000 0.964349
17.330000 1.286096
17.340000 1.463416
17.350000 0.615809
17.360000 0.532726
17.370000 0.868692
17.380000 1.059188
17.390000 0.961185
17.400000 0.683081
17.410000 0.273594
17.420000 0.790157
17.430000 1.176591
17.440000 0.982798
17.450000 0.770056
17.460000 0.760653
17.470000 0.666579
17.480000 0.505215
17.490000 0.766218
17.500000 0.375988
17.510000 0.394456
17.520000 0.608688
17.530000 0.708417
17.540000 1.296522
17.550000 1.787577
17.560000 1.463083
17.570000 1.026593
17.580000 0.562284
17.590000 0.257853
17.600000 0.469794
17.610000 0.800829
17.620000 1.000119
17.630000 1.180440
17.640000 1.331159
17.650000 1.466755
17.660000 1.562821
17.670000 1.622660
17.680000 1.648451
17.690000 1.555900
17.700000 1.543156
17.710000 1.586951
17.720000 1.446382
17.730000 1.412173
17.740000 1.576733
17.750000 1.799583
17.760000 2.031089
17.770000 2.297855
17.780000 1.450528
17.790000 1.041315
17.800000 1.058322
17.810000 1.390496
17.820000 1.542954
17.830000 1.900001
17.840000 1.779662
17.850000 1.468971
17.860000 0.814122
17.870000 1.425710
17.880000 1.059257
17.890000 1.681411
17.900000 2.437657
17.910000 2.709862
17.920000 1.830761
17.930000 0.956143
17.940000 0.974683
17.950000 1.501835
17.960000 1.467208
17.970000 0.933572
17.980000 0.376519
17.990000 0.389179
18.000000 0.340043
18.010000 0.726077
18.020000 0.913916
18.030000 0.185984
18.040000 0.214199
18.050000 0.458567
18.060000 0.289224
18.070000 0.359917
18.080000 1.943578
18.090000 1.607265
18.100000 0.961024
18.110000 0.442884
18.120000 0.190379
18.130000 1.467563
18.140000 2.487070
18.150000 0.304059
18.160000 0.435743
18.170000 1.383909
18.180000 0.449814
18.190000 0.807849
18.200000 0.588596
18.210000 0.563671
18.220000 0.915763
18.230000 0.245932
18.240000 1.163944
18.250000 1.026330
18.260000 0.600553
18.270000 0.729318
18.280000 1.337672
18.290000 1.510880
18.300000 1.203606
18.310000 1.122553
18.320000 1.098886
18.330000 0.997888
18.340000 1.029453
18.350000 1.225852
18.360000 0.697036
18.370000 0.877089
18.380000 1.029742
18.390000 0.859084
18.400000 0.513052
18.410000 0.810024
18.420000 1.327745
18.430000 2.552214
18.440000 5.109215
18.450000 7.839787
18.460000 10.585850
18.470000 12.954281
18.480000 11.483131
18.490000 5.445065
18.500000 1.505682
18.510000 4.015481
18.520000 6.756068
18.530000 5.130347
18.540000 5.382212
18.550000 5.066771
18.560000 3.348440
18.570000 1.673839
18.580000 1.205259
18.590000 1.069024
18.600000 1.016735
18.610000 1.932203
18.620000 2.473377
18.630000 2.218323
18.640000 1.456383
18.650000 0.748898
18.660000 0.340254
18.670000 0.350681
18.680000 0.457164
18.690000 0.235308
18.700000 0.219407
18.710000 0.288083
18.720000 0.939480
18.730000 1.111951
18.740000 0.480514
18.750000 0.323230
18.760000 0.615498
18.770000 0.686593
18.780000 0.752530
18.790000 1.364917
18.800000 0.699661
18.810000 0.425365
18.820000 1.142621
18.830000 1.577858
18.840000 2.180665
18.850000 0.546846
18.860000 0.103227
18.870000 0.524542
18.880000 1.406235
18.890000 1.576038
18.900000 1.227266
18.910000 1.651711
18.920000 1.361692
18.930000 0.756895
18.940000 0.500900
18.950000 1.147737
18.960000 1.386694
18.970000 1.480545
18.980000 1.525789
18.990000 1.456520
19.000000 1.308435
19.010000 1.002094
19.020000 0.637886
19.030000 0.831375
19.040000 0.821594
19.050000 0.701563
19.060000 0.485686
19.070000 0.612327
19.080000 1.184312
19.090000 1.593470
19.100000 1.529318
19.110000 1.165232
19.120000 0.864964
19.130000 1.354710
19.140000 2.540971
19.150000 2.126736
19.160000 1.580100
19.170000 0.738236
19.180000 1.150033
19.190000 1.451348
19.200000 1.838947
19.210000 2.305676
19.220000 1.629653
19.230000 1.460776
19.240000 1.807683
19.250000 1.769460
19.260000 1.902621
19.270000 1.962853
19.280000 0.823232
19.290000 1.049519
19.300000 1.294385
19.310000 0.886999
19.320000 0.479498
19.330000 0.958272
19.340000 0.580297
19.350000 0.250082
19.360000 0.166409
19.370000 0.363632
19.380000 0.753218
19.390000 0.366637
19.400000 0.391306
19.410000 0.839260
19.420000 0.944252
19.430000 0.433439
19.440000 0.286428
19.450000 0.411794
19.460000 0.268482
19.470000 0.079974
19.480000 0.823303
19.490000 1.235897
19.500000 0.363130
19.510000 0.772836
19.520000 0.394215
19.530000 1.490348
19.540000 0.294989
19.550000 0.589257
19.560000 0.672281
19.570000 0.832409
19.580000 0.406435
19.590000 0.371375
19.600000 0.742559
19.610000 0.714850
19.620000 1.110461
19.630000 0.561053
19.640000 0.695337
19.650000 0.438278
19.660000 0.760298
19.670000 0.967563
19.680000 0.773045
19.690000 0.589119
19.700000 0.484773
19.710000 0.379314
19.720000 0.394989
19.730000 0.625099
19.740000 0.673731
19.750000 0.349096
19.760000 0.289750
19.770000 0.527819
19.780000 0.781301
19.790000 1.102064
19.800000 1.151971
19.810000 1.105242
19.820000 0.675222
19.830000 0.376866
19.840000 0.065899
19.850000 0.785243
19.860000 1.806979
19.870000 1.206767
19.880000 0.846279
19.890000 0.798710
19.900000 0.757132
19.910000 1.159778
19.920000 1.657020
19.930000 1.293946
19.940000 1.233064
19.950000 1.891368
19.960000 3.312646
19.970000 2.876902
19.980000 2.154501
19.990000 2.520497
