0.000000 0.255909
0.010000 0.260237
0.020000 0.210044
0.030000 0.117400
0.040000 0.053504
0.050000 0.089894
0.060000 0.124227
0.070000 0.162680
0.080000 0.232901
0.090000 0.320921
0.100000 0.380232
0.110000 0.378925
0.120000 0.361508
0.130000 0.420205
0.140000 0.544861
0.150000 0.661244
0.160000 0.709925
0.170000 0.633732
0.180000 0.392633
0.190000 0.162526
0.200000 0.361982
0.210000 0.363108
0.220000 0.100589
0.230000 0.206758
0.240000 0.314612
0.250000 0.270035
0.260000 0.315439
0.270000 0.445229
0.280000 0.526086
0.290000 0.494287
0.300000 0.399620
0.310000 0.396158
0.320000 0.482091
0.330000 0.589846
0.340000 0.656569
0.350000 0.614870
0.360000 0.477311
0.370000 0.328408
0.380000 0.278451
0.390000 0.296385
0.400000 0.311933
0.410000 0.334444
0.420000 0.377951
0.430000 0.414575
0.440000 0.356149
0.450000 0.179438
0.460000 0.076300
0.470000 0.231803
0.480000 0.268880
0.490000 0.204619
0.500000 0.120018
0.510000 0.030229
0.520000 0.119999
0.530000 0.249036
0.540000 0.309117
0.550000 0.291287
0.560000 0.274014
0.570000 0.294935
0.580000 0.305469
0.590000 0.283721
0.600000 0.253007
0.610000 0.242686
0.620000 0.261970
0.630000 0.282990
0.640000 0.259618
0.650000 0.189297
0.660000 0.118327
0.670000 0.109205
0.680000 0.132477
0.690000 0.161557
0.700000 0.218237
0.710000 0.301047
0.720000 0.371052
0.730000 0.392849
0.740000 0.409097
0.750000 0.504701
0.760000 0.642158
0.770000 0.736556
0.780000 0.746240
0.790000 0.642460
0.800000 0.392800
0.810000 0.218589
0.820000 0.473819
0.830000 0.480723
0.840000 0.174083
0.850000 0.199720
0.860000 0.255743
0.870000 0.220944
0.880000 0.419154
0.890000 0.571963
0.900000 0.621959
0.910000 0.577895
0.920000 0.443233
0.930000 0.347094
0.940000 0.395553
0.950000 0.514493
0.960000 0.637975
0.970000 0.665908
0.980000 0.559106
0.990000 0.388090
1.000000 0.325945
1.010000 0.365112
1.020000 0.371005
1.030000 0.350570
1.040000 0.337444
1.050000 0.344800
1.060000 0.343562
1.070000 0.237881
1.080000 0.093924
1.090000 0.209226
1.100000 0.276172
1.110000 0.224608
1.120000 0.153769
1.130000 0.099482
1.140000 0.104796
1.150000 0.208592
1.160000 0.288711
1.170000 0.283362
1.180000 0.248752
1.190000 0.270593
1.200000 0.297814
1.210000 0.281062
1.220000 0.246647
1.230000 0.242241
1.240000 0.271535
1.250000 0.308349
1.260000 0.313690
1.270000 0.267816
1.280000 0.188266
1.290000 0.127987
1.300000 0.120962
1.310000 0.134340
1.320000 0.175325
1.330000 0.251618
1.340000 0.333206
1.350000 0.379617
1.360000 0.413706
1.370000 0.525914
1.380000 0.688048
1.390000 0.790903
1.400000 0.784458
1.410000 0.668902
1.420000 0.431959
1.430000 0.219342
1.440000 0.499279
1.450000 0.564689
1.460000 0.253473
1.470000 0.269878
1.480000 0.264617
1.490000 0.205522
1.500000 0.490708
1.510000 0.591825
1.520000 0.547133
1.530000 0.470346
1.540000 0.362382
1.550000 0.244432
1.560000 0.248811
1.570000 0.339273
1.580000 0.494524
1.590000 0.618186
1.600000 0.599443
1.610000 0.431150
1.620000 0.278494
1.630000 0.352284
1.640000 0.410423
1.650000 0.382408
1.660000 0.326969
1.670000 0.263433
1.680000 0.247415
1.690000 0.258135
1.700000 0.170974
1.710000 0.181007
1.720000 0.266621
1.730000 0.238777
1.740000 0.186949
1.750000 0.178810
1.760000 0.156009
1.770000 0.159412
1.780000 0.207066
1.790000 0.227990
1.800000 0.209324
1.810000 0.246727
1.820000 0.305427
1.830000 0.297353
1.840000 0.227963
1.850000 0.181973
1.860000 0.225079
1.870000 0.293728
1.880000 0.336267
1.890000 0.326192
1.900000 0.255758
1.910000 0.154526
1.920000 0.100653
1.930000 0.100129
1.940000 0.108263
1.950000 0.162137
1.960000 0.250322
1.970000 0.324215
1.980000 0.370518
1.990000 0.472431
2.000000 0.654298
2.010000 0.796751
2.020000 0.809991
2.030000 0.697034
2.040000 0.488415
2.050000 0.219069
2.060000 0.416584
2.070000 0.609688
2.080000 0.347309
2.090000 0.354209
2.100000 0.375222
2.110000 0.156820
2.120000 0.503648
2.130000 0.534624
2.140000 0.365792
2.150000 0.232850
2.160000 0.185864
2.170000 0.156224
2.180000 0.162813
2.190000 0.180503
2.200000 0.237250
2.210000 0.423247
2.220000 0.543132
2.230000 0.496139
2.240000 0.289234
2.250000 0.203006
2.260000 0.360874
2.270000 0.410268
2.280000 0.355600
2.290000 0.276285
2.300000 0.155486
2.310000 0.177725
2.320000 0.236687
2.330000 0.195030
2.340000 0.241916
2.350000 0.247610
2.360000 0.202770
2.370000 0.238445
2.380000 0.228606
2.390000 0.148678
2.400000 0.096537
2.410000 0.128609
2.420000 0.179589
2.430000 0.247766
2.440000 0.342566
2.450000 0.380883
2.460000 0.317379
2.470000 0.181198
2.480000 0.077670
2.490000 0.171281
2.500000 0.268084
2.510000 0.316547
2.520000 0.299919
2.530000 0.204752
2.540000 0.097470
2.550000 0.117509
2.560000 0.140986
2.570000 0.123252
2.580000 0.143344
2.590000 0.225953
2.600000 0.299242
2.610000 0.372104
2.620000 0.530248
2.630000 0.716430
2.640000 0.794395
2.650000 0.714262
2.660000 0.528639
2.670000 0.288463
2.680000 0.230535
2.690000 0.553282
2.700000 0.475048
2.710000 0.330515
2.720000 0.561048
2.730000 0.165562
2.740000 0.485086
2.750000 0.507907
2.760000 0.221100
2.770000 0.079204
2.780000 0.201859
2.790000 0.240074
2.800000 0.251303
2.810000 0.229707
2.820000 0.139112
2.830000 0.087390
2.840000 0.289304
2.850000 0.411512
2.860000 0.390711
2.870000 0.209967
2.880000 0.163711
2.890000 0.324041
2.900000 0.373110
2.910000 0.315076
2.920000 0.240479
2.930000 0.111771
2.940000 0.189973
2.950000 0.247168
2.960000 0.220056
2.970000 0.246762
2.980000 0.210625
2.990000 0.255827
3.000000 0.305127
3.010000 0.198478
3.020000 0.063324
3.030000 0.129040
3.040000 0.200442
3.050000 0.258850
3.060000 0.333016
3.070000 0.416999
3.080000 0.432808
3.090000 0.348488
3.100000 0.203050
3.110000 0.063716
3.120000 0.106381
3.130000 0.184388
3.140000 0.236853
3.150000 0.236613
3.160000 0.144349
3.170000 0.105714
3.180000 0.208000
3.190000 0.253441
3.200000 0.225763
3.210000 0.182341
3.220000 0.218892
3.230000 0.295375
3.240000 0.384504
3.250000 0.542016
3.260000 0.691476
3.270000 0.702914
3.280000 0.555694
3.290000 0.341946
3.300000 0.143396
3.310000 0.308930
3.320000 0.550968
3.330000 0.258235
3.340000 0.614684
3.350000 0.482506
3.360000 0.380820
3.370000 0.559241
3.380000 0.277390
3.390000 0.149230
3.400000 0.276721
3.410000 0.283754
3.420000 0.297653
3.430000 0.306841
3.440000 0.274903
3.450000 0.203686
3.460000 0.130798
3.470000 0.146265
3.480000 0.222628
3.490000 0.254827
3.500000 0.192076
3.510000 0.157553
3.520000 0.264266
3.530000 0.303602
3.540000 0.273318
3.550000 0.231126
3.560000 0.165769
3.570000 0.210823
3.580000 0.234956
3.590000 0.205545
3.600000 0.219104
3.610000 0.209341
3.620000 0.327113
3.630000 0.303249
3.640000 0.102006
3.650000 0.151932
3.660000 0.246657
3.670000 0.260502
3.680000 0.260294
3.690000 0.301644
3.700000 0.374674
3.710000 0.393809
3.720000 0.328571
3.730000 0.223359
3.740000 0.157371
3.750000 0.166833
3.760000 0.147278
3.770000 0.111813
3.780000 0.145261
3.790000 0.105211
3.800000 0.118810
3.810000 0.250749
3.820000 0.335461
3.830000 0.336433
3.840000 0.275134
3.850000 0.247841
3.860000 0.311848
3.870000 0.396660
3.880000 0.507367
3.890000 0.604158
3.900000 0.575179
3.910000 0.407109
3.920000 0.221500
3.930000 0.129753
3.940000 0.306764
3.950000 0.493918
3.960000 0.180841
3.970000 0.787530
3.980000 0.371547
3.990000 0.546184
4.000000 0.427328
4.010000 0.223789
4.020000 0.343185
4.030000 0.313510
4.040000 0.228474
4.050000 0.265858
4.060000 0.281595
4.070000 0.253604
4.080000 0.221320
4.090000 0.210705
4.100000 0.145217
4.110000 0.093276
4.120000 0.053517
4.130000 0.117724
4.140000 0.148311
4.150000 0.253398
4.160000 0.250601
4.170000 0.231561
4.180000 0.199260
4.190000 0.214300
4.200000 0.213454
4.210000 0.203405
4.220000 0.156556
4.230000 0.174982
4.240000 0.209365
4.250000 0.327557
4.260000 0.250307
4.270000 0.064468
4.280000 0.199562
4.290000 0.229878
4.300000 0.187146
4.310000 0.152355
4.320000 0.184784
4.330000 0.257276
4.340000 0.302407
4.350000 0.289875
4.360000 0.219061
4.370000 0.146925
4.380000 0.191137
4.390000 0.246283
4.400000 0.177257
4.410000 0.074107
4.420000 0.064422
4.430000 0.076291
4.440000 0.176606
4.450000 0.292031
4.460000 0.358051
4.470000 0.341842
4.480000 0.279760
4.490000 0.292886
4.500000 0.377522
4.510000 0.454128
4.520000 0.499640
4.530000 0.458109
4.540000 0.335655
4.550000 0.301492
4.560000 0.279172
4.570000 0.267995
4.580000 0.442525
4.590000 0.147709
4.600000 0.876529
4.610000 0.418931
4.620000 0.560640
4.630000 0.315575
4.640000 0.394367
4.650000 0.487519
4.660000 0.332413
4.670000 0.200793
4.680000 0.257012
4.690000 0.265608
4.700000 0.211349
4.710000 0.155262
4.720000 0.144370
4.730000 0.139264
4.740000 0.065426
4.750000 0.118778
4.760000 0.158721
4.770000 0.117458
4.780000 0.153459
4.790000 0.347306
4.800000 0.246305
4.810000 0.151503
4.820000 0.198822
4.830000 0.209603
4.840000 0.203584
4.850000 0.109270
4.860000 0.120218
4.870000 0.178025
4.880000 0.249595
4.890000 0.175142
4.900000 0.069690
4.910000 0.139645
4.920000 0.124835
4.930000 0.086059
4.940000 0.072593
4.950000 0.090191
4.960000 0.142133
4.970000 0.207349
4.980000 0.287841
4.990000 0.322778
5.000000 0.258339
5.010000 0.152780
5.020000 0.193677
5.030000 0.275342
5.040000 0.232974
5.050000 0.118207
5.060000 0.037488
5.070000 0.093810
5.080000 0.143479
5.090000 0.215182
5.100000 0.280811
5.110000 0.273985
5.120000 0.222849
5.130000 0.258419
5.140000 0.349026
5.150000 0.402837
5.160000 0.374659
5.170000 0.276364
5.180000 0.371484
5.190000 0.531889
5.200000 0.404208
5.210000 0.338518
5.220000 0.391346
5.230000 0.564081
5.240000 0.844015
5.250000 0.465703
5.260000 0.363170
5.270000 0.489394
5.280000 0.709234
5.290000 0.494692
5.300000 0.286114
5.310000 0.284863
5.320000 0.327371
5.330000 0.328326
5.340000 0.273938
5.350000 0.193588
5.360000 0.223506
5.370000 0.297085
5.380000 0.209021
5.390000 0.216791
5.400000 0.293375
5.410000 0.156640
5.420000 0.103791
5.430000 0.412566
5.440000 0.310522
5.450000 0.101870
5.460000 0.188588
5.470000 0.219076
5.480000 0.160200
5.490000 0.076256
5.500000 0.131662
5.510000 0.190641
5.520000 0.080593
5.530000 0.086638
5.540000 0.077582
5.550000 0.065263
5.560000 0.083301
5.570000 0.128068
5.580000 0.109194
5.590000 0.080762
5.600000 0.136784
5.610000 0.121305
5.620000 0.234999
5.630000 0.297049
5.640000 0.252441
5.650000 0.169485
5.660000 0.164452
5.670000 0.213217
5.680000 0.213573
5.690000 0.147679
5.700000 0.051635
5.710000 0.111595
5.720000 0.149659
5.730000 0.127512
5.740000 0.152355
5.750000 0.173949
5.760000 0.133462
5.770000 0.146902
5.780000 0.228508
5.790000 0.285502
5.800000 0.262532
5.810000 0.196841
5.820000 0.456466
5.830000 0.725601
5.840000 0.559509
5.850000 0.341792
5.860000 0.453159
5.870000 0.596959
5.880000 0.708281
5.890000 0.550095
5.900000 0.228053
5.910000 0.679970
5.920000 0.794316
5.930000 0.499387
5.940000 0.407063
5.950000 0.506083
5.960000 0.596625
5.970000 0.595981
5.980000 0.555903
5.990000 0.410448
6.000000 0.328924
6.010000 0.462336
6.020000 0.470921
6.030000 0.315123
6.040000 0.297148
6.050000 0.247402
6.060000 0.068831
6.070000 0.222336
6.080000 0.492677
6.090000 0.175603
6.100000 0.097319
6.110000 0.262536
6.120000 0.169824
6.130000 0.096584
6.140000 0.103590
6.150000 0.171300
6.160000 0.147784
6.170000 0.181381
6.180000 0.062063
6.190000 0.084018
6.200000 0.133002
6.210000 0.187786
6.220000 0.151392
6.230000 0.137064
6.240000 0.224733
6.250000 0.155426
6.260000 0.083021
6.270000 0.160012
6.280000 0.129642
6.290000 0.097821
6.300000 0.161634
6.310000 0.164749
6.320000 0.105971
6.330000 0.069488
6.340000 0.068873
6.350000 0.107045
6.360000 0.152935
6.370000 0.163061
6.380000 0.125630
6.390000 0.127571
6.400000 0.149292
6.410000 0.148628
6.420000 0.175097
6.430000 0.201650
6.440000 0.218133
6.450000 0.189605
6.460000 0.272354
6.470000 0.621365
6.480000 0.803239
6.490000 0.439915
6.500000 0.403603
6.510000 0.386340
6.520000 0.921298
6.530000 0.259095
6.540000 0.403229
6.550000 0.384496
6.560000 0.760881
6.570000 0.581040
6.580000 0.516555
6.590000 0.620245
6.600000 0.725747
6.610000 0.738474
6.620000 0.702620
6.630000 0.704477
6.640000 0.578509
6.650000 0.447017
6.660000 0.498175
6.670000 0.535841
6.680000 0.366998
6.690000 0.247744
6.700000 0.214018
6.710000 0.136090
6.720000 0.146261
6.730000 0.508091
6.740000 0.224779
6.750000 0.154911
6.760000 0.328221
6.770000 0.177810
6.780000 0.059318
6.790000 0.160506
6.800000 0.068334
6.810000 0.171308
6.820000 0.051533
6.830000 0.083885
6.840000 0.084156
6.850000 0.183725
6.860000 0.212286
6.870000 0.101458
6.880000 0.126047
6.890000 0.189073
6.900000 0.088213
6.910000 0.087336
6.920000 0.112441
6.930000 0.056720
6.940000 0.097849
6.950000 0.201263
6.960000 0.178488
6.970000 0.114186
6.980000 0.140730
6.990000 0.126327
7.000000 0.134246
7.010000 0.166067
7.020000 0.148672
7.030000 0.110036
7.040000 0.109552
7.050000 0.159462
7.060000 0.184260
7.070000 0.213169
7.080000 0.245296
7.090000 0.240492
7.100000 0.202761
7.110000 0.170920
7.120000 0.351374
7.130000 0.654927
7.140000 0.527270
7.150000 0.213084
7.160000 0.708631
7.170000 0.506849
7.180000 0.191500
7.190000 0.421859
7.200000 0.395512
7.210000 0.738058
7.220000 0.665334
7.230000 0.753727
7.240000 0.849556
7.250000 0.841762
7.260000 0.711363
7.270000 0.561324
7.280000 0.549573
7.290000 0.660812
7.300000 0.593049
7.310000 0.469965
7.320000 0.466488
7.330000 0.407475
7.340000 0.308100
7.350000 0.225461
7.360000 0.264938
7.370000 0.203526
7.380000 0.106236
7.390000 0.455544
7.400000 0.189372
7.410000 0.331040
7.420000 0.259903
7.430000 0.061987
7.440000 0.200981
7.450000 0.174882
7.460000 0.174159
7.470000 0.177658
7.480000 0.206990
7.490000 0.135358
7.500000 0.090431
7.510000 0.199741
7.520000 0.143421
7.530000 0.041749
7.540000 0.042122
7.550000 0.039003
7.560000 0.112178
7.570000 0.166343
7.580000 0.175255
7.590000 0.124183
7.600000 0.094497
7.610000 0.176273
7.620000 0.151663
7.630000 0.115497
7.640000 0.166425
7.650000 0.172402
7.660000 0.125339
7.670000 0.134056
7.680000 0.162328
7.690000 0.148342
7.700000 0.125562
7.710000 0.150205
7.720000 0.169973
7.730000 0.159003
7.740000 0.206679
7.750000 0.261463
7.760000 0.244659
7.770000 0.186433
7.780000 0.160917
7.790000 0.243787
7.800000 0.379689
7.810000 0.120380
7.820000 0.437096
7.830000 0.474207
7.840000 0.550064
7.850000 0.582484
7.860000 0.457911
7.870000 0.628286
7.880000 0.497789
7.890000 0.618981
7.900000 0.783520
7.910000 0.843701
7.920000 0.837708
7.930000 0.711394
7.940000 0.468259
7.950000 0.337357
7.960000 0.477466
7.970000 0.468089
7.980000 0.379083
7.990000 0.379020
8.000000 0.305042
8.010000 0.221733
8.020000 0.171298
8.030000 0.260967
8.040000 0.139498
8.050000 0.027905
8.060000 0.300642
8.070000 0.105337
8.080000 0.185602
8.090000 0.131438
8.100000 0.257992
8.110000 0.196611
8.120000 0.261055
8.130000 0.214568
8.140000 0.252943
8.150000 0.208872
8.160000 0.145108
8.170000 0.118497
8.180000 0.074882
8.190000 0.084128
8.200000 0.069975
8.210000 0.082087
8.220000 0.110451
8.230000 0.082517
8.240000 0.135117
8.250000 0.210953
8.260000 0.191739
8.270000 0.076806
8.280000 0.062634
8.290000 0.074675
8.300000 0.063143
8.310000 0.069507
8.320000 0.073874
8.330000 0.067164
8.340000 0.039144
8.350000 0.067063
8.360000 0.116196
8.370000 0.121865
8.380000 0.094951
8.390000 0.105664
8.400000 0.140520
8.410000 0.130887
8.420000 0.107961
8.430000 0.181515
8.440000 0.209233
8.450000 0.202149
8.460000 0.332372
8.470000 0.351022
8.480000 0.158726
8.490000 0.204395
8.500000 0.231978
8.510000 0.595270
8.520000 0.583722
8.530000 0.551264
8.540000 0.277270
8.550000 0.206671
8.560000 0.188312
8.570000 0.291115
8.580000 0.321701
8.590000 0.262312
8.600000 0.203565
8.610000 0.233598
8.620000 0.323516
8.630000 0.404743
8.640000 0.373191
8.650000 0.254727
8.660000 0.152152
8.670000 0.175743
8.680000 0.140338
8.690000 0.156209
8.700000 0.047145
8.710000 0.097548
8.720000 0.123134
8.730000 0.105829
8.740000 0.144667
8.750000 0.070991
8.760000 0.142561
8.770000 0.052248
8.780000 0.171663
8.790000 0.126610
8.800000 0.224040
8.810000 0.263290
8.820000 0.272507
8.830000 0.328502
8.840000 0.322536
8.850000 0.273755
8.860000 0.181061
8.870000 0.124635
8.880000 0.047816
8.890000 0.078071
8.900000 0.166552
8.910000 0.163312
8.920000 0.090006
8.930000 0.082307
8.940000 0.142933
8.950000 0.123700
8.960000 0.108258
8.970000 0.135550
8.980000 0.097782
8.990000 0.057639
9.000000 0.084537
9.010000 0.137549
9.020000 0.152478
9.030000 0.113798
9.040000 0.063882
9.050000 0.101306
9.060000 0.154454
9.070000 0.166203
9.080000 0.146804
9.090000 0.123229
9.100000 0.086883
9.110000 0.022100
9.120000 0.092074
9.130000 0.111269
9.140000 0.091472
9.150000 0.114976
9.160000 0.185684
9.170000 0.383264
9.180000 0.443183
9.190000 0.165529
9.200000 0.197503
9.210000 0.562668
9.220000 0.566972
9.230000 0.312562
9.240000 0.296111
9.250000 0.368332
9.260000 0.318433
9.270000 0.321685
9.280000 0.370062
9.290000 0.348982
9.300000 0.414635
9.310000 0.500588
9.320000 0.381033
9.330000 0.356555
9.340000 0.303674
9.350000 0.147518
9.360000 0.072529
9.370000 0.278357
9.380000 0.106961
9.390000 0.135808
9.400000 0.144499
9.410000 0.103386
9.420000 0.086722
9.430000 0.167431
9.440000 0.110600
9.450000 0.103832
9.460000 0.095865
9.470000 0.139294
9.480000 0.325048
9.490000 0.280756
9.500000 0.158175
9.510000 0.172214
9.520000 0.225360
9.530000 0.164216
9.540000 0.147413
9.550000 0.173261
9.560000 0.234969
9.570000 0.239739
9.580000 0.178899
9.590000 0.052373
9.600000 0.171674
9.610000 0.168616
9.620000 0.062276
9.630000 0.162642
9.640000 0.125326
9.650000 0.033636
9.660000 0.097101
9.670000 0.045113
9.680000 0.123811
9.690000 0.100645
9.700000 0.119385
9.710000 0.113520
9.720000 0.093866
9.730000 0.066330
9.740000 0.012944
9.750000 0.095307
9.760000 0.156378
9.770000 0.167522
9.780000 0.139204
9.790000 0.102919
9.800000 0.091327
9.810000 0.103400
9.820000 0.114805
9.830000 0.120832
9.840000 0.132877
9.850000 0.162518
9.860000 0.205774
9.870000 0.244658
9.880000 0.258144
9.890000 0.228279
9.900000 0.151112
9.910000 0.083005
9.920000 0.108892
9.930000 0.077752
9.940000 0.117658
9.950000 0.284142
9.960000 0.341612
9.970000 0.270570
9.980000 0.069907
9.990000 0.145766
10.000000 0.302410
10.010000 0.233058
10.020000 0.606810
10.030000 0.190571
10.040000 0.095854
10.050000 0.086522
10.060000 0.038759
10.070000 0.054395
10.080000 0.099216
10.090000 0.080590
10.100000 0.097672
10.110000 0.053126
10.120000 0.050606
10.130000 0.050503
10.140000 0.055734
10.150000 0.074522
10.160000 0.042767
10.170000 0.053361
10.180000 0.068657
10.190000 0.091373
10.200000 0.077504
10.210000 0.054694
10.220000 0.053011
10.230000 0.100070
10.240000 0.049200
10.250000 0.174304
10.260000 0.132483
10.270000 0.148603
10.280000 0.195722
10.290000 0.107360
10.300000 0.260848
10.310000 0.299885
10.320000 0.270453
10.330000 0.091501
10.340000 0.124026
10.350000 0.208669
10.360000 0.146472
10.370000 0.166031
10.380000 0.224526
10.390000 0.276872
10.400000 0.259092
10.410000 0.188140
10.420000 0.095964
10.430000 0.149281
10.440000 0.241777
10.450000 0.252001
10.460000 0.050675
10.470000 0.219857
10.480000 0.154457
10.490000 0.132908
10.500000 0.135563
10.510000 0.326723
10.520000 0.313243
10.530000 0.165476
10.540000 0.126551
10.550000 0.157009
10.560000 0.145281
10.570000 0.106156
10.580000 0.074907
10.590000 0.049499
10.600000 0.018806
10.610000 0.081443
10.620000 0.189808
10.630000 0.228588
10.640000 0.135851
10.650000 0.064535
10.660000 0.223938
10.670000 0.336753
10.680000 0.359016
10.690000 0.325871
10.700000 0.262829
10.710000 0.257217
10.720000 0.298429
10.730000 0.287649
10.740000 0.214270
10.750000 0.158000
10.760000 0.111199
10.770000 0.124292
10.780000 0.099243
10.790000 0.178067
10.800000 0.218677
10.810000 0.159841
10.820000 0.173068
10.830000 0.164332
10.840000 0.092695
10.850000 0.160953
10.860000 0.224164
10.870000 0.207543
10.880000 0.113146
10.890000 0.153222
10.900000 0.118221
10.910000 0.190111
10.920000 0.079881
10.930000 0.114256
10.940000 0.090387
10.950000 0.034589
10.960000 0.061346
10.970000 0.138053
10.980000 0.067482
10.990000 0.090271
11.000000 0.031800
11.010000 0.027492
11.020000 0.050829
11.030000 0.078151
11.040000 0.110627
11.050000 0.147436
11.060000 0.026184
11.070000 0.233420
11.080000 0.097656
11.090000 0.061653
11.100000 0.133154
11.110000 0.116282
11.120000 0.094225
11.130000 0.075812
11.140000 0.100448
11.150000 0.074469
11.160000 0.025835
11.170000 0.042263
11.180000 0.050905
11.190000 0.060312
11.200000 0.051039
11.210000 0.106864
11.220000 0.100631
11.230000 0.108985
11.240000 0.137412
11.250000 0.140813
11.260000 0.134587
11.270000 0.104073
11.280000 0.053340
11.290000 0.030546
11.300000 0.041553
11.310000 0.030937
11.320000 0.011650
11.330000 0.049799
11.340000 0.093511
11.350000 0.130559
11.360000 0.157073
11.370000 0.172235
11.380000 0.176867
11.390000 0.172354
11.400000 0.160304
11.410000 0.142299
11.420000 0.120746
11.430000 0.100047
11.440000 0.088265
11.450000 0.093765
11.460000 0.115071
11.470000 0.143592
11.480000 0.172549
11.490000 0.198048
11.500000 0.217900
11.510000 0.231029
11.520000 0.237046
11.530000 0.236181
11.540000 0.229384
11.550000 0.218877
11.560000 0.208761
11.570000 0.205387
11.580000 0.214705
11.590000 0.236631
11.600000 0.262791
11.610000 0.280007
11.620000 0.277148
11.630000 0.251532
11.640000 0.210700
11.650000 0.160882
11.660000 0.133812
11.670000 0.266781
11.680000 0.398822
11.690000 0.298120
11.700000 0.223507
11.710000 0.235989
11.720000 0.204898
11.730000 0.429894
11.740000 0.557034
11.750000 0.427699
11.760000 0.299698
11.770000 0.944181
11.780000 0.287235
11.790000 0.138734
11.800000 0.658913
11.810000 0.308890
11.820000 0.399101
11.830000 0.370458
11.840000 0.350615
11.850000 0.310602
11.860000 0.246996
11.870000 0.324299
11.880000 0.450683
11.890000 0.837569
11.900000 1.028538
11.910000 0.641926
11.920000 0.329261
11.930000 0.135565
11.940000 0.158204
11.950000 0.122441
11.960000 0.087527
11.970000 0.161339
11.980000 0.215052
11.990000 0.247726
12.000000 0.442971
12.010000 0.270339
12.020000 0.136343
12.030000 0.181306
12.040000 0.464893
12.050000 0.476220
12.060000 0.431778
12.070000 0.379206
12.080000 0.425813
12.090000 0.350097
12.100000 0.453761
12.110000 0.460132
12.120000 0.256582
12.130000 0.312246
12.140000 0.181732
12.150000 0.311074
12.160000 0.407197
12.170000 0.515082
12.180000 0.472845
12.190000 0.366080
12.200000 0.296168
12.210000 0.440225
12.220000 0.709653
12.230000 0.575010
12.240000 0.212384
12.250000 0.439569
12.260000 0.584204
12.270000 0.246487
12.280000 0.086347
12.290000 0.196026
12.300000 0.266046
12.310000 0.273291
12.320000 0.561837
12.330000 0.892491
12.340000 1.206044
12.350000 1.317520
12.360000 1.209231
12.370000 1.061801
12.380000 1.087449
12.390000 1.289016
12.400000 1.500050
12.410000 1.590983
12.420000 1.526819
12.430000 1.333098
12.440000 1.065190
12.450000 0.815508
12.460000 0.770571
12.470000 0.843567
12.480000 0.832764
12.490000 0.764369
12.500000 0.675272
12.510000 0.607833
12.520000 0.511396
12.530000 0.312114
12.540000 0.144202
12.550000 0.099930
12.560000 0.137149
12.570000 0.255515
12.580000 0.429902
12.590000 0.421740
12.600000 0.377656
12.610000 0.263065
12.620000 0.384526
12.630000 0.328832
12.640000 0.328522
12.650000 0.370611
12.660000 0.476324
12.670000 0.452097
12.680000 0.084458
12.690000 0.446041
12.700000 0.385141
12.710000 0.258659
12.720000 0.201930
12.730000 0.309759
12.740000 0.196465
12.750000 0.430561
12.760000 0.553556
12.770000 0.504587
12.780000 0.221755
12.790000 0.166502
12.800000 0.207154
12.810000 0.183211
12.820000 0.158033
12.830000 0.167997
12.840000 0.211541
12.850000 0.261137
12.860000 0.312694
12.870000 0.334026
12.880000 0.323248
12.890000 0.259244
12.900000 0.157220
12.910000 0.107574
12.920000 0.140033
12.930000 0.162616
12.940000 0.153700
12.950000 0.131732
12.960000 0.154407
12.970000 0.091312
12.980000 0.214655
12.990000 0.234589
13.000000 0.285861
13.010000 0.408356
13.020000 0.423564
13.030000 0.246480
13.040000 0.250387
13.050000 0.597522
13.060000 0.689101
13.070000 0.555874
13.080000 0.413723
13.090000 0.492180
13.100000 0.782117
13.110000 1.061673
13.120000 1.101238
13.130000 1.088140
13.140000 1.118451
13.150000 1.220999
13.160000 1.410254
13.170000 1.612715
13.180000 1.741077
13.190000 1.707859
13.200000 1.533519
13.210000 1.241541
13.220000 1.104800
13.230000 1.102993
13.240000 1.016202
13.250000 0.903985
13.260000 0.920438
13.270000 0.759732
13.280000 0.661877
13.290000 0.562076
13.300000 0.535914
13.310000 0.503422
13.320000 0.185589
13.330000 0.360370
13.340000 0.572143
13.350000 0.464651
13.360000 0.146425
13.370000 0.120788
13.380000 0.360168
13.390000 0.131751
13.400000 0.182839
13.410000 0.285593
13.420000 0.086252
13.430000 0.263689
13.440000 0.246275
13.450000 0.104405
13.460000 0.016918
13.470000 0.019743
13.480000 0.085730
13.490000 0.069726
13.500000 0.090303
13.510000 0.106634
13.520000 0.137480
13.530000 0.183897
13.540000 0.198492
13.550000 0.164141
13.560000 0.140989
13.570000 0.151726
13.580000 0.131107
13.590000 0.087965
13.600000 0.108746
13.610000 0.145085
13.620000 0.252731
13.630000 0.231575
13.640000 0.125541
13.650000 0.132717
13.660000 0.239455
13.670000 0.344104
13.680000 0.360561
13.690000 0.239122
13.700000 0.199519
13.710000 0.324257
13.720000 0.265192
13.730000 0.221731
13.740000 0.249547
13.750000 0.274486
13.760000 0.405976
13.770000 0.493261
13.780000 0.389999
13.790000 0.351393
13.800000 0.385219
13.810000 0.461356
13.820000 0.573538
13.830000 0.723786
13.840000 0.783044
13.850000 0.725801
13.860000 0.628745
13.870000 0.495115
13.880000 0.391836
13.890000 0.384738
13.900000 0.419281
13.910000 0.273257
13.920000 0.294753
13.930000 0.353890
13.940000 0.324527
13.950000 0.375169
13.960000 0.175812
13.970000 0.361781
13.980000 0.203390
13.990000 0.130923
14.000000 0.262717
14.010000 0.203940
14.020000 0.139376
14.030000 0.050473
14.040000 0.289238
14.050000 0.074946
14.060000 0.204727
14.070000 0.070374
14.080000 0.262290
14.090000 0.227397
14.100000 0.059887
14.110000 0.069644
14.120000 0.087967
14.130000 0.061572
14.140000 0.056988
14.150000 0.114695
14.160000 0.155781
14.170000 0.122969
14.180000 0.087279
14.190000 0.042987
14.200000 0.069745
14.210000 0.093366
14.220000 0.101944
14.230000 0.122626
14.240000 0.145948
14.250000 0.139892
14.260000 0.090178
14.270000 0.039233
14.280000 0.058007
14.290000 0.041999
14.300000 0.134283
14.310000 0.088909
14.320000 0.141514
14.330000 0.054964
14.340000 0.089513
14.350000 0.204329
14.360000 0.229272
14.370000 0.251291
14.380000 0.281587
14.390000 0.142083
14.400000 0.209825
14.410000 0.247756
14.420000 0.248144
14.430000 0.295381
14.440000 0.314947
14.450000 0.238518
14.460000 0.119267
14.470000 0.191480
14.480000 0.475881
14.490000 0.506028
14.500000 0.451410
14.510000 0.490957
14.520000 0.493658
14.530000 0.427271
14.540000 0.368284
14.550000 0.331630
14.560000 0.296539
14.570000 0.295265
14.580000 0.433310
14.590000 0.184791
14.600000 0.157392
14.610000 0.199500
14.620000 0.016204
14.630000 0.127826
14.640000 0.060026
14.650000 0.109331
14.660000 0.094156
14.670000 0.046571
14.680000 0.075827
14.690000 0.118911
14.700000 0.159105
14.710000 0.309061
14.720000 0.081918
14.730000 0.202309
14.740000 0.047629
14.750000 0.216203
14.760000 0.026738
14.770000 0.074955
14.780000 0.058005
14.790000 0.038430
14.800000 0.059613
14.810000 0.039558
14.820000 0.088553
14.830000 0.128714
14.840000 0.143863
14.850000 0.147522
14.860000 0.133224
14.870000 0.090853
14.880000 0.072287
14.890000 0.052920
14.900000 0.033025
14.910000 0.019859
14.920000 0.009039
14.930000 0.046117
14.940000 0.077702
14.950000 0.077390
14.960000 0.054632
14.970000 0.084173
14.980000 0.146402
14.990000 0.147051
15.000000 0.238439
15.010000 0.374261
15.020000 0.326472
15.030000 0.199298
15.040000 0.160334
15.050000 0.268781
15.060000 0.328310
15.070000 0.316633
15.080000 0.152372
15.090000 0.048167
15.100000 0.130942
15.110000 0.197702
15.120000 0.235187
15.130000 0.190646
15.140000 0.163160
15.150000 0.201747
15.160000 0.217467
15.170000 0.411882
15.180000 0.425449
15.190000 0.302643
15.200000 0.260541
15.210000 0.308465
15.220000 0.287747
15.230000 0.245167
15.240000 0.262149
15.250000 0.177117
15.260000 0.177308
15.270000 0.203079
15.280000 0.265553
15.290000 0.113190
15.300000 0.034343
15.310000 0.240459
15.320000 0.101793
15.330000 0.039657
15.340000 0.176095
15.350000 0.071171
15.360000 0.138722
15.370000 0.087273
15.380000 0.036862
15.390000 0.077319
15.400000 0.098915
15.410000 0.058295
15.420000 0.115539
15.430000 0.107338
15.440000 0.074183
15.450000 0.189476
15.460000 0.045978
15.470000 0.081579
15.480000 0.106545
15.490000 0.127503
15.500000 0.157996
15.510000 0.095489
15.520000 0.078754
15.530000 0.110993
15.540000 0.076757
15.550000 0.046235
15.560000 0.076640
15.570000 0.052380
15.580000 0.019387
15.590000 0.004545
15.600000 0.039106
15.610000 0.083059
15.620000 0.122381
15.630000 0.131028
15.640000 0.095119
15.650000 0.047426
15.660000 0.074850
15.670000 0.132704
15.680000 0.179279
15.690000 0.202669
15.700000 0.205633
15.710000 0.231270
15.720000 0.247611
15.730000 0.136282
15.740000 0.100249
15.750000 0.139547
15.760000 0.122180
15.770000 0.119812
15.780000 0.214768
15.790000 0.255311
15.800000 0.242411
15.810000 0.238648
15.820000 0.207770
15.830000 0.101845
15.840000 0.075083
15.850000 0.155075
15.860000 0.216261
15.870000 0.134007
15.880000 0.120004
15.890000 0.153057
15.900000 0.221503
15.910000 0.348599
15.920000 0.374907
15.930000 0.347836
15.940000 0.384629
15.950000 0.303061
15.960000 0.174285
15.970000 0.145009
15.980000 0.169666
15.990000 0.109267
16.000000 0.072686
16.010000 0.235781
16.020000 0.173510
16.030000 0.062959
16.040000 0.124146
16.050000 0.144473
16.060000 0.079508
16.070000 0.072743
16.080000 0.129702
16.090000 0.103208
16.100000 0.138044
16.110000 0.095420
16.120000 0.055381
16.130000 0.030462
16.140000 0.135580
16.150000 0.100602
16.160000 0.109642
16.170000 0.140214
16.180000 0.123405
16.190000 0.083990
16.200000 0.094095
16.210000 0.146717
16.220000 0.098046
16.230000 0.078962
16.240000 0.090849
16.250000 0.092598
16.260000 0.018518
16.270000 0.047190
16.280000 0.032658
16.290000 0.070935
16.300000 0.032656
16.310000 0.098172
16.320000 0.107351
16.330000 0.100432
16.340000 0.132049
16.350000 0.141078
16.360000 0.138188
16.370000 0.116123
16.380000 0.068248
16.390000 0.030135
16.400000 0.039700
16.410000 0.036650
16.420000 0.013125
16.430000 0.037273
16.440000 0.081673
16.450000 0.121453
16.460000 0.151561
16.470000 0.170324
16.480000 0.178194
16.490000 0.176501
16.500000 0.166712
16.510000 0.150479
16.520000 0.129816
16.530000 0.108330
16.540000 0.092762
16.550000 0.092154
16.560000 0.108823
16.570000 0.135524
16.580000 0.164733
16.590000 0.191718
16.600000 0.214064
16.610000 0.230489
16.620000 0.240570
16.630000 0.244593
16.640000 0.243409
16.650000 0.238829
16.660000 0.233952
16.670000 0.233557
16.680000 0.242877
16.690000 0.263867
16.700000 0.291909
16.710000 0.316260
16.720000 0.324145
16.730000 0.306817
16.740000 0.265885
16.750000 0.212969
16.760000 0.159927
16.770000 0.181479
16.780000 0.347002
16.790000 0.415966
16.800000 0.267545
16.810000 0.235519
16.820000 0.204174
16.830000 0.283292
16.840000 0.538421
16.850000 0.564310
16.860000 0.371446
16.870000 0.503312
16.880000 0.349702
16.890000 0.397679
16.900000 0.325864
16.910000 0.523782
16.920000 0.414332
16.930000 0.361198
16.940000 0.428673
16.950000 0.451533
16.960000 0.314971
16.970000 0.596535
16.980000 0.744545
16.990000 1.223086
17.000000 1.935812
17.010000 2.169060
17.020000 1.220298
17.030000 0.593483
17.040000 0.131129
17.050000 0.224189
17.060000 0.117247
17.070000 0.112114
17.080000 0.256977
17.090000 0.289687
17.100000 0.234424
17.110000 0.475985
17.120000 0.182495
17.130000 0.208507
17.140000 0.202941
17.150000 0.582732
17.160000 0.516897
17.170000 0.513542
17.180000 0.378247
17.190000 0.365468
17.200000 0.458911
17.210000 0.533988
17.220000 0.418781
17.230000 0.249227
17.240000 0.307569
17.250000 0.214969
17.260000 0.378384
17.270000 0.478072
17.280000 0.575703
17.290000 0.472964
17.300000 0.398214
17.310000 0.343261
17.320000 0.594943
17.330000 0.789809
17.340000 0.501636
17.350000 0.278147
17.360000 0.571742
17.370000 0.573180
17.380000 0.181227
17.390000 0.123426
17.400000 0.210895
17.410000 0.228980
17.420000 0.424333
17.430000 0.750244
17.440000 1.105469
17.450000 1.379434
17.460000 1.418608
17.470000 1.281366
17.480000 1.188755
17.490000 1.300455
17.500000 1.534913
17.510000 1.714753
17.520000 1.740948
17.530000 1.611135
17.540000 1.368379
17.550000 1.077766
17.560000 0.865760
17.570000 0.874415
17.580000 0.911853
17.590000 0.864110
17.600000 0.764546
17.610000 0.658349
17.620000 0.577786
17.630000 0.427533
17.640000 0.216184
17.650000 0.115268
17.660000 0.141673
17.670000 0.225915
17.680000 0.409041
17.690000 0.515890
17.700000 0.459940
17.710000 0.370082
17.720000 0.307159
17.730000 0.399031
17.740000 0.322380
17.750000 0.363298
17.760000 0.421497
17.770000 0.548182
17.780000 0.296310
17.790000 0.260618
17.800000 0.481033
17.810000 0.352668
17.820000 0.259328
17.830000 0.233898
17.840000 0.310543
17.850000 0.243818
17.860000 0.519328
17.870000 0.556888
17.880000 0.475983
17.890000 0.171454
17.900000 0.193186
17.910000 0.212863
17.920000 0.190729
17.930000 0.170912
17.940000 0.197098
17.950000 0.242924
17.960000 0.302464
17.970000 0.343241
17.980000 0.348206
17.990000 0.313698
18.000000 0.225964
18.010000 0.130040
18.020000 0.126710
18.030000 0.167038
18.040000 0.178276
18.050000 0.143621
18.060000 0.144168
18.070000 0.059732
18.080000 0.171208
18.090000 0.250742
18.100000 0.247440
18.110000 0.336293
18.120000 0.430799
18.130000 0.367740
18.140000 0.133166
18.150000 0.444551
18.160000 0.716923
18.170000 0.702280
18.180000 0.521321
18.190000 0.437558
18.200000 0.622888
18.210000 0.957138
18.220000 1.158271
18.230000 1.160084
18.240000 1.173561
18.250000 1.236237
18.260000 1.389313
18.270000 1.590647
18.280000 1.779862
18.290000 1.846784
18.300000 1.757755
18.310000 1.510105
18.320000 1.253946
18.330000 1.213099
18.340000 1.187812
18.350000 1.034610
18.360000 0.997653
18.370000 0.923209
18.380000 0.743684
18.390000 0.640208
18.400000 0.557290
18.410000 0.587689
18.420000 0.320732
18.430000 0.202845
18.440000 0.528252
18.450000 0.625681
18.460000 0.331138
18.470000 0.137008
18.480000 0.249518
18.490000 0.328049
18.500000 0.025572
18.510000 0.268183
18.520000 0.249071
18.530000 0.098747
18.540000 0.290270
18.550000 0.203230
18.560000 0.078105
18.570000 0.023711
18.580000 0.054912
18.590000 0.098143
18.600000 0.074992
18.610000 0.105479
18.620000 0.130209
18.630000 0.176388
18.640000 0.212329
18.650000 0.195954
18.660000 0.148498
18.670000 0.140106
18.680000 0.140924
18.690000 0.104480
18.700000 0.093351
18.710000 0.132787
18.720000 0.195316
18.730000 0.280332
18.740000 0.165295
18.750000 0.126399
18.760000 0.193020
18.770000 0.316761
18.780000 0.380709
18.790000 0.328901
18.800000 0.159686
18.810000 0.292848
18.820000 0.336127
18.830000 0.248302
18.840000 0.243730
18.850000 0.264358
18.860000 0.359519
18.870000 0.525388
18.880000 0.509583
18.890000 0.419190
18.900000 0.419828
18.910000 0.468423
18.920000 0.564555
18.930000 0.719731
18.940000 0.845442
18.950000 0.838741
18.960000 0.748824
18.970000 0.618821
18.980000 0.464899
18.990000 0.413205
19.000000 0.441786
19.010000 0.377730
19.020000 0.287003
19.030000 0.401161
19.040000 0.334151
19.050000 0.413173
19.060000 0.286402
19.070000 0.264987
19.080000 0.374336
19.090000 0.101257
19.100000 0.262926
19.110000 0.266265
19.120000 0.055958
19.130000 0.191046
19.140000 0.216745
19.150000 0.179141
19.160000 0.118308
19.170000 0.213208
19.180000 0.086110
19.190000 0.303079
19.200000 0.143441
19.210000 0.055106
19.220000 0.081289
19.230000 0.075574
19.240000 0.052793
19.250000 0.065736
19.260000 0.142811
19.270000 0.139240
19.280000 0.103353
19.290000 0.061105
19.300000 0.060952
19.310000 0.095457
19.320000 0.105374
19.330000 0.120798
19.340000 0.147349
19.350000 0.152263
19.360000 0.112228
19.370000 0.051793
19.380000 0.063644
19.390000 0.040381
19.400000 0.149931
19.410000 0.063857
19.420000 0.118713
19.430000 0.066385
19.440000 0.081007
19.450000 0.185150
19.460000 0.235878
19.470000 0.216789
19.480000 0.283516
19.490000 0.198511
19.500000 0.166614
19.510000 0.256107
19.520000 0.233799
19.530000 0.273015
19.540000 0.303559
19.550000 0.256774
19.560000 0.180751
19.570000 0.073248
19.580000 0.369733
19.590000 0.494646
19.600000 0.450981
19.610000 0.476526
19.620000 0.488562
19.630000 0.437148
19.640000 0.377574
19.650000 0.342242
19.660000 0.310500
19.670000 0.276057
19.680000 0.425507
19.690000 0.251227
19.700000 0.147957
19.710000 0.232464
19.720000 0.030434
19.730000 0.110564
19.740000 0.111743
19.750000 0.060878
19.760000 0.156552
19.770000 0.050661
19.780000 0.066717
19.790000 0.115666
19.800000 0.179186
19.810000 0.188646
19.820000 0.189948
19.830000 0.120412
19.840000 0.096281
19.850000 0.206528
19.860000 0.102062
19.870000 0.067751
19.880000 0.067541
19.890000 0.043541
19.900000 0.058144
19.910000 0.051085
19.920000 0.055633
19.930000 0.139663
19.940000 0.135448
19.950000 0.140961
19.960000 0.133066
19.970000 0.093881
19.980000 0.065487
19.990000 0.052780
