0.000000 5.382030
0.010000 5.334825
0.020000 5.031694
0.030000 4.686051
0.040000 4.402530
0.050000 4.289797
0.060000 4.334390
0.070000 4.422302
0.080000 4.506415
0.090000 4.642591
0.100000 4.499799
0.110000 4.531117
0.120000 4.325847
0.130000 3.990316
0.140000 3.608271
0.150000 3.273306
0.160000 3.172921
0.170000 3.072499
0.180000 2.945301
0.190000 2.888232
0.200000 2.973180
0.210000 2.965337
0.220000 2.956660
0.230000 2.972217
0.240000 2.869487
0.250000 2.765545
0.260000 2.499604
0.270000 2.175564
0.280000 2.066182
0.290000 2.069835
0.300000 2.075074
0.310000 2.308961
0.320000 2.481811
0.330000 2.292515
0.340000 2.234283
0.350000 2.265727
0.360000 2.214698
0.370000 1.965061
0.380000 1.591784
0.390000 1.054876
0.400000 0.420531
0.410000 0.525787
0.420000 1.106239
0.430000 1.421277
0.440000 2.233285
0.450000 3.007741
0.460000 3.696380
0.470000 3.906461
0.480000 3.770331
0.490000 3.635627
0.500000 3.488566
0.510000 3.513055
0.520000 3.540514
0.530000 3.607804
0.540000 4.007280
0.550000 4.280823
0.560000 4.578814
0.570000 4.712576
0.580000 4.764926
0.590000 4.843559
0.600000 4.811182
0.610000 4.858023
0.620000 5.004302
0.630000 4.898291
0.640000 4.617649
0.650000 4.333411
0.660000 4.105237
0.670000 4.074682
0.680000 4.120837
0.690000 4.156364
0.700000 4.200083
0.710000 4.318947
0.720000 4.321776
0.730000 4.264226
0.740000 3.907205
0.750000 3.593420
0.760000 3.277020
0.770000 3.082096
0.780000 2.938839
0.790000 2.840872
0.800000 2.783343
0.810000 2.693538
0.820000 2.727549
0.830000 2.792014
0.840000 2.782810
0.850000 2.752275
0.860000 2.720479
0.870000 2.708638
0.880000 2.494308
0.890000 2.254484
0.900000 1.930466
0.910000 1.963707
0.920000 2.115260
0.930000 1.909378
0.940000 1.993088
0.950000 1.919508
0.960000 1.902337
0.970000 1.933330
0.980000 1.972253
0.990000 1.777901
1.000000 1.398464
1.010000 0.882116
1.020000 0.298580
1.030000 0.417728
1.040000 0.855484
1.050000 1.266458
1.060000 2.123950
1.070000 2.890170
1.080000 3.585610
1.090000 3.846946
1.100000 3.709482
1.110000 3.532346
1.120000 3.349033
1.130000 3.177636
1.140000 3.147637
1.150000 3.127100
1.160000 3.513755
1.170000 3.845842
1.180000 4.037608
1.190000 4.183527
1.200000 4.255563
1.210000 4.294384
1.220000 4.224331
1.230000 4.298654
1.240000 4.438976
1.250000 4.497159
1.260000 4.327402
1.270000 4.021983
1.280000 3.943071
1.290000 3.911474
1.300000 3.907481
1.310000 3.878080
1.320000 3.887516
1.330000 3.982804
1.340000 4.171630
1.350000 4.027190
1.360000 3.563103
1.370000 3.229568
1.380000 2.914834
1.390000 2.820502
1.400000 2.768409
1.410000 2.599730
1.420000 2.539818
1.430000 2.526653
1.440000 2.517153
1.450000 2.553976
1.460000 2.591130
1.470000 2.560514
1.480000 2.514157
1.490000 2.608912
1.500000 2.484396
1.510000 2.353235
1.520000 2.114460
1.530000 1.826470
1.540000 2.073997
1.550000 1.938050
1.560000 1.452802
1.570000 1.515536
1.580000 1.544258
1.590000 1.579369
1.600000 1.708848
1.610000 1.587860
1.620000 1.230773
1.630000 0.780992
1.640000 0.281993
1.650000 0.362084
1.660000 0.692799
1.670000 1.052489
1.680000 1.932429
1.690000 2.664607
1.700000 3.351098
1.710000 3.665902
1.720000 3.668853
1.730000 3.432406
1.740000 3.167377
1.750000 2.907492
1.760000 2.743215
1.770000 2.745468
1.780000 3.007553
1.790000 3.352620
1.800000 3.481158
1.810000 3.673511
1.820000 3.788775
1.830000 3.804315
1.840000 3.725140
1.850000 3.766761
1.860000 3.857005
1.870000 4.008031
1.880000 4.099220
1.890000 3.859181
1.900000 3.698263
1.910000 3.733820
1.920000 3.664076
1.930000 3.595753
1.940000 3.602789
1.950000 3.680269
1.960000 3.936556
1.970000 3.709685
1.980000 3.316092
1.990000 2.913704
2.000000 2.593501
2.010000 2.453964
2.020000 2.445215
2.030000 2.378330
2.040000 2.238220
2.050000 2.214699
2.060000 2.249952
2.070000 2.317243
2.080000 2.312682
2.090000 2.347437
2.100000 2.309281
2.110000 2.348415
2.120000 2.416404
2.130000 2.343743
2.140000 2.287716
2.150000 2.067955
2.160000 1.824412
2.170000 1.861858
2.180000 1.419598
2.190000 1.022522
2.200000 1.189089
2.210000 1.264391
2.220000 1.362487
2.230000 1.373293
2.240000 1.158179
2.250000 0.766653
2.260000 0.412432
2.270000 0.324916
2.280000 0.609977
2.290000 0.836410
2.300000 1.690371
2.310000 2.416085
2.320000 3.036306
2.330000 3.394339
2.340000 3.501020
2.350000 3.328498
2.360000 3.061085
2.370000 2.625416
2.380000 2.380931
2.390000 2.367629
2.400000 2.451060
2.410000 2.799604
2.420000 2.988738
2.430000 3.080007
2.440000 3.281624
2.450000 3.327237
2.460000 3.254989
2.470000 3.317383
2.480000 3.344715
2.490000 3.470488
2.500000 3.771830
2.510000 3.763691
2.520000 3.508538
2.530000 3.463711
2.540000 3.496564
2.550000 3.445672
2.560000 3.413139
2.570000 3.472288
2.580000 3.748221
2.590000 3.514242
2.600000 3.133845
2.610000 2.780893
2.620000 2.333609
2.630000 2.193874
2.640000 2.138292
2.650000 2.072197
2.660000 1.921682
2.670000 1.811641
2.680000 1.834755
2.690000 1.932087
2.700000 2.045961
2.710000 2.021361
2.720000 2.073326
2.730000 1.959153
2.740000 2.145195
2.750000 2.266301
2.760000 2.287048
2.770000 2.269392
2.780000 2.005110
2.790000 1.644795
2.800000 1.408692
2.810000 0.970675
2.820000 0.673346
2.830000 0.899858
2.840000 1.008998
2.850000 1.126481
2.860000 1.108256
2.870000 0.888277
2.880000 0.580009
2.890000 0.361388
2.900000 0.683171
2.910000 0.479878
2.920000 1.364533
2.930000 2.109241
2.940000 2.657203
2.950000 3.126779
2.960000 3.213203
2.970000 3.166162
2.980000 2.934426
2.990000 2.467440
3.000000 2.048875
3.010000 1.930799
3.020000 1.976873
3.030000 2.159012
3.040000 2.460673
3.050000 2.602319
3.060000 2.770158
3.070000 2.872177
3.080000 2.811328
3.090000 2.869178
3.100000 2.870981
3.110000 2.992944
3.120000 3.359815
3.130000 3.556386
3.140000 3.351943
3.150000 3.344191
3.160000 3.329888
3.170000 3.268519
3.180000 3.173301
3.190000 3.218924
3.200000 3.457490
3.210000 3.302810
3.220000 2.951272
3.230000 2.662838
3.240000 2.283903
3.250000 1.991289
3.260000 1.826653
3.270000 1.785678
3.280000 1.665379
3.290000 1.524130
3.300000 1.397588
3.310000 1.418254
3.320000 1.540873
3.330000 1.663164
3.340000 1.736046
3.350000 1.681550
3.360000 1.692591
3.370000 1.929764
3.380000 2.144123
3.390000 2.208271
3.400000 2.198758
3.410000 1.927878
3.420000 1.447362
3.430000 1.028235
3.440000 0.592006
3.450000 0.378059
3.460000 0.679251
3.470000 0.782906
3.480000 0.980571
3.490000 1.007146
3.500000 0.839851
3.510000 0.605707
3.520000 0.492746
3.530000 0.228588
3.540000 0.877951
3.550000 1.702282
3.560000 2.309351
3.570000 2.716857
3.580000 2.901795
3.590000 2.905161
3.600000 2.766107
3.610000 2.386600
3.620000 1.888976
3.630000 1.559654
3.640000 1.468202
3.650000 1.575693
3.660000 1.859923
3.670000 2.148345
3.680000 2.262533
3.690000 2.360222
3.700000 2.407639
3.710000 2.464712
3.720000 2.432509
3.730000 2.507856
3.740000 2.820664
3.750000 3.202560
3.760000 3.305614
3.770000 3.216912
3.780000 3.186981
3.790000 3.079239
3.800000 2.984742
3.810000 2.915168
3.820000 3.128007
3.830000 3.084823
3.840000 2.714774
3.850000 2.447424
3.860000 2.085080
3.870000 1.814412
3.880000 1.594433
3.890000 1.438281
3.900000 1.263695
3.910000 1.139834
3.920000 1.025283
3.930000 1.034826
3.940000 1.097830
3.950000 1.195849
3.960000 1.211203
3.970000 1.244314
3.980000 1.207168
3.990000 1.407850
4.000000 1.790882
4.010000 2.109408
4.020000 2.211646
4.030000 2.212918
4.040000 1.779818
4.050000 1.341091
4.060000 0.713691
4.070000 0.375253
4.080000 0.272523
4.090000 0.488174
4.100000 0.630999
4.110000 0.915633
4.120000 1.009583
4.130000 0.943003
4.140000 0.676225
4.150000 0.661665
4.160000 0.195080
4.170000 1.234663
4.180000 1.958167
4.190000 2.397402
4.200000 2.647788
4.210000 2.538354
4.220000 2.465908
4.230000 2.234220
4.240000 1.833634
4.250000 1.353621
4.260000 1.151142
4.270000 1.075223
4.280000 1.322135
4.290000 1.576665
4.300000 1.772531
4.310000 1.805322
4.320000 1.849810
4.330000 1.905853
4.340000 1.965305
4.350000 1.937662
4.360000 2.217406
4.370000 2.520184
4.380000 3.001186
4.390000 3.168402
4.400000 3.050547
4.410000 2.928607
4.420000 2.759987
4.430000 2.645909
4.440000 2.676874
4.450000 2.802834
4.460000 2.453868
4.470000 2.173420
4.480000 1.932549
4.490000 1.529064
4.500000 1.305466
4.510000 1.177019
4.520000 1.038092
4.530000 0.814574
4.540000 0.691349
4.550000 0.909836
4.560000 1.255676
4.570000 1.069390
4.580000 0.817760
4.590000 0.626220
4.600000 0.762417
4.610000 0.851510
4.620000 1.204133
4.630000 1.544044
4.640000 1.832338
4.650000 2.113108
4.660000 2.165643
4.670000 1.818605
4.680000 1.396860
4.690000 0.746821
4.700000 0.249480
4.710000 0.357597
4.720000 0.409735
4.730000 0.559431
4.740000 0.891673
4.750000 1.067347
4.760000 1.071152
4.770000 0.785730
4.780000 0.598199
4.790000 0.473602
4.800000 1.386255
4.810000 2.004489
4.820000 2.339525
4.830000 2.480333
4.840000 2.219797
4.850000 1.973541
4.860000 1.630165
4.870000 1.358878
4.880000 1.049642
4.890000 0.732014
4.900000 0.776995
4.910000 0.838028
4.920000 1.111463
4.930000 1.378331
4.940000 1.375345
4.950000 1.362754
4.960000 1.492462
4.970000 1.560185
4.980000 1.623628
4.990000 1.805596
5.000000 2.110577
5.010000 2.756692
5.020000 3.012593
5.030000 2.799181
5.040000 2.581494
5.050000 2.370696
5.060000 2.296669
5.070000 2.457729
5.080000 2.342137
5.090000 1.912147
5.100000 1.710767
5.110000 1.456884
5.120000 1.152163
5.130000 1.022083
5.140000 1.033621
5.150000 1.013878
5.160000 0.908594
5.170000 0.875897
5.180000 1.023457
5.190000 0.998433
5.200000 0.960613
5.210000 0.931675
5.220000 0.587946
5.230000 0.371179
5.240000 0.420535
5.250000 0.683321
5.260000 1.191137
5.270000 1.627426
5.280000 1.887540
5.290000 1.909962
5.300000 1.746328
5.310000 1.559964
5.320000 1.055842
5.330000 0.300000
5.340000 0.331052
5.350000 0.616653
5.360000 0.618062
5.370000 0.833962
5.380000 1.077651
5.390000 1.189579
5.400000 0.970063
5.410000 0.761651
5.420000 0.637198
5.430000 1.389327
5.440000 1.939416
5.450000 2.217279
5.460000 2.269996
5.470000 1.929550
5.480000 1.529932
5.490000 1.272620
5.500000 0.994911
5.510000 0.686110
5.520000 0.414700
5.530000 0.524760
5.540000 0.530103
5.550000 0.679208
5.560000 0.882631
5.570000 0.969462
5.580000 1.032849
5.590000 1.127293
5.600000 1.237402
5.610000 1.342734
5.620000 1.367265
5.630000 1.708932
5.640000 2.248301
5.650000 2.725962
5.660000 2.510751
5.670000 2.218031
5.680000 2.001271
5.690000 2.001655
5.700000 2.179268
5.710000 1.886290
5.720000 1.507583
5.730000 1.377410
5.740000 1.076048
5.750000 0.827711
5.760000 0.760480
5.770000 0.807332
5.780000 0.981511
5.790000 1.112452
5.800000 1.147996
5.810000 0.768785
5.820000 0.618061
5.830000 0.694950
5.840000 0.720987
5.850000 0.689129
5.860000 0.626372
5.870000 0.643875
5.880000 0.302586
5.890000 0.301845
5.900000 0.937372
5.910000 1.488151
5.920000 1.733304
5.930000 1.464850
5.940000 1.533797
5.950000 1.378429
5.960000 0.876415
5.970000 0.258314
5.980000 0.500358
5.990000 0.764888
6.000000 0.818043
6.010000 1.012621
6.020000 1.300599
6.030000 1.199992
6.040000 1.006329
6.050000 0.768518
6.060000 1.235578
6.070000 1.752833
6.080000 2.012625
6.090000 2.018330
6.100000 1.720844
6.110000 1.178612
6.120000 0.970963
6.130000 0.747211
6.140000 0.402162
6.150000 0.207501
6.160000 0.489383
6.170000 0.622391
6.180000 0.579603
6.190000 0.528722
6.200000 0.562164
6.210000 0.705091
6.220000 0.920668
6.230000 0.929635
6.240000 1.089319
6.250000 1.102496
6.260000 1.311032
6.270000 1.613064
6.280000 2.174994
6.290000 2.219150
6.300000 1.979739
6.310000 1.628583
6.320000 1.588195
6.330000 1.866865
6.340000 1.539601
6.350000 1.071735
6.360000 0.817178
6.370000 0.645285
6.380000 0.404307
6.390000 0.427292
6.400000 0.568127
6.410000 0.842962
6.420000 1.015177
6.430000 1.033296
6.440000 0.838979
6.450000 0.603459
6.460000 0.491632
6.470000 0.510718
6.480000 0.548288
6.490000 0.545510
6.500000 0.450409
6.510000 0.580824
6.520000 0.736000
6.530000 0.331520
6.540000 0.586011
6.550000 1.097672
6.560000 1.341659
6.570000 1.301374
6.580000 1.239887
6.590000 1.221433
6.600000 0.969787
6.610000 0.578794
6.620000 0.522694
6.630000 0.913435
6.640000 0.909007
6.650000 1.175003
6.660000 1.323062
6.670000 1.204146
6.680000 0.968440
6.690000 0.888949
6.700000 1.454032
6.710000 1.797861
6.720000 1.835864
6.730000 1.616142
6.740000 1.089629
6.750000 0.922613
6.760000 0.756253
6.770000 0.428935
6.780000 0.209113
6.790000 0.667168
6.800000 0.829801
6.810000 0.741152
6.820000 0.502477
6.830000 0.529192
6.840000 0.476704
6.850000 0.597000
6.860000 0.777449
6.870000 0.893093
6.880000 0.951928
6.890000 1.132605
6.900000 1.119970
6.910000 1.379033
6.920000 1.842576
6.930000 1.696501
6.940000 1.454374
6.950000 1.110239
6.960000 1.361236
6.970000 1.418919
6.980000 0.739363
6.990000 0.384619
7.000000 0.351474
7.010000 0.252620
7.020000 0.170790
7.030000 0.342933
7.040000 0.585174
7.050000 0.820981
7.060000 0.948006
7.070000 0.910504
7.080000 0.646361
7.090000 0.357640
7.100000 0.239612
7.110000 0.260886
7.120000 0.443581
7.130000 0.589790
7.140000 0.682849
7.150000 0.523741
7.160000 0.434313
7.170000 0.588800
7.180000 0.750436
7.190000 0.896926
7.200000 0.917839
7.210000 0.963932
7.220000 0.959384
7.230000 0.939804
7.240000 1.050701
7.250000 0.968954
7.260000 0.645754
7.270000 0.752127
7.280000 0.934986
7.290000 1.176059
7.300000 1.286611
7.310000 1.178459
7.320000 0.985154
7.330000 0.912683
7.340000 1.445864
7.350000 1.724839
7.360000 1.678627
7.370000 1.320232
7.380000 0.845570
7.390000 0.784385
7.400000 0.546638
7.410000 0.250443
7.420000 0.450936
7.430000 0.798067
7.440000 1.076637
7.450000 1.044263
7.460000 0.686345
7.470000 0.370794
7.480000 0.443344
7.490000 0.639851
7.500000 0.735426
7.510000 0.919009
7.520000 0.942864
7.530000 1.072869
7.540000 0.903254
7.550000 1.052579
7.560000 1.361140
7.570000 1.274283
7.580000 1.073921
7.590000 1.002781
7.600000 1.270859
7.610000 1.103994
7.620000 0.574863
7.630000 0.554064
7.640000 0.416033
7.650000 0.378379
7.660000 0.106363
7.670000 0.141030
7.680000 0.340636
7.690000 0.568819
7.700000 0.602635
7.710000 0.568175
7.720000 0.540629
7.730000 0.413997
7.740000 0.227648
7.750000 0.312546
7.760000 0.545726
7.770000 0.684158
7.780000 0.788610
7.790000 0.963611
7.800000 0.752070
7.810000 0.698827
7.820000 0.967591
7.830000 1.146927
7.840000 1.188533
7.850000 1.114633
7.860000 0.851466
7.870000 0.594321
7.880000 0.694406
7.890000 0.995465
7.900000 1.138554
7.910000 0.895231
7.920000 0.751468
7.930000 1.011362
7.940000 1.249517
7.950000 1.266753
7.960000 1.063779
7.970000 0.879278
7.980000 0.936951
7.990000 1.435865
8.000000 1.564070
8.010000 1.294192
8.020000 0.813302
8.030000 0.686850
8.040000 0.408478
8.050000 0.182043
8.060000 0.444903
8.070000 0.708051
8.080000 0.898601
8.090000 1.055846
8.100000 1.153193
8.110000 0.791074
8.120000 0.467543
8.130000 0.408071
8.140000 0.724349
8.150000 0.829675
8.160000 0.896281
8.170000 0.967627
8.180000 0.832221
8.190000 0.690732
8.200000 0.735052
8.210000 1.195630
8.220000 0.924543
8.230000 0.886417
8.240000 1.020592
8.250000 1.148268
8.260000 0.590096
8.270000 0.634608
8.280000 0.568770
8.290000 0.329641
8.300000 0.129020
8.310000 0.154345
8.320000 0.289296
8.330000 0.514691
8.340000 0.371841
8.350000 0.312607
8.360000 0.249646
8.370000 0.270360
8.380000 0.267920
8.390000 0.143755
8.400000 0.282139
8.410000 0.557310
8.420000 0.775530
8.430000 0.886557
8.440000 0.905728
8.450000 0.824657
8.460000 0.681454
8.470000 0.829552
8.480000 1.188046
8.490000 1.236456
8.500000 1.243710
8.510000 1.095623
8.520000 0.872186
8.530000 0.668305
8.540000 0.701660
8.550000 0.977367
8.560000 0.981116
8.570000 0.813839
8.580000 0.801454
8.590000 1.078879
8.600000 1.239449
8.610000 1.154435
8.620000 1.037882
8.630000 0.880924
8.640000 0.933306
8.650000 1.222535
8.660000 0.995591
8.670000 0.700306
8.680000 0.519549
8.690000 0.322326
8.700000 0.213366
8.710000 0.441828
8.720000 0.739281
8.730000 0.899819
8.740000 0.937256
8.750000 0.902961
8.760000 0.808095
8.770000 0.754959
8.780000 0.567751
8.790000 0.590454
8.800000 0.791779
8.810000 0.915868
8.820000 1.018134
8.830000 0.782809
8.840000 0.463236
8.850000 0.447483
8.860000 0.791954
8.870000 0.882653
8.880000 0.625175
8.890000 0.920499
8.900000 1.198668
8.910000 0.892234
8.920000 0.739873
8.930000 0.595464
8.940000 0.159365
8.950000 0.179090
8.960000 0.279382
8.970000 0.449386
8.980000 0.275412
8.990000 0.182336
9.000000 0.209397
9.010000 0.208720
9.020000 0.189405
9.030000 0.104526
9.040000 0.158445
9.050000 0.198221
9.060000 0.142723
9.070000 0.379095
9.080000 0.711334
9.090000 1.054340
9.100000 0.819106
9.110000 0.822404
9.120000 0.807498
9.130000 1.030170
9.140000 1.247188
9.150000 1.201557
9.160000 1.205301
9.170000 1.018623
9.180000 0.944210
9.190000 1.095437
9.200000 1.109595
9.210000 0.849226
9.220000 0.642491
9.230000 0.861029
9.240000 0.761531
9.250000 0.812098
9.260000 1.081212
9.270000 1.004461
9.280000 0.995964
9.290000 0.883917
9.300000 0.641737
9.310000 0.826142
9.320000 0.734718
9.330000 0.589586
9.340000 0.528060
9.350000 0.460626
9.360000 0.571764
9.370000 0.393407
9.380000 0.394154
9.390000 0.835388
9.400000 0.904276
9.410000 0.838591
9.420000 0.745662
9.430000 0.732944
9.440000 0.746600
9.450000 0.278630
9.460000 0.314301
9.470000 0.747954
9.480000 0.958381
9.490000 0.862930
9.500000 0.422623
9.510000 0.169685
9.520000 0.541349
9.530000 0.872996
9.540000 0.526377
9.550000 0.901322
9.560000 1.215751
9.570000 1.021971
9.580000 0.654162
9.590000 0.351484
9.600000 0.266157
9.610000 0.111747
9.620000 0.163968
9.630000 0.137124
9.640000 0.020605
9.650000 0.288750
9.660000 0.232705
9.670000 0.232540
9.680000 0.103681
9.690000 0.111827
9.700000 0.214046
9.710000 0.288482
9.720000 0.431311
9.730000 0.399498
9.740000 0.308101
9.750000 0.324351
9.760000 0.473844
9.770000 0.739628
9.780000 0.846755
9.790000 0.935903
9.800000 0.902898
9.810000 0.985679
9.820000 1.168275
9.830000 1.017792
9.840000 1.127792
9.850000 0.930137
9.860000 0.830595
9.870000 0.946775
9.880000 0.937464
9.890000 1.012459
9.900000 0.729871
9.910000 0.663166
9.920000 0.757109
9.930000 0.594512
9.940000 0.887659
9.950000 0.726568
9.960000 0.720159
9.970000 0.525335
9.980000 0.653629
9.990000 0.625399
10.000000 0.768100
10.010000 0.397706
10.020000 0.365459
10.030000 0.405997
10.040000 0.431505
10.050000 0.225034
10.060000 0.293902
10.070000 0.674402
10.080000 0.906552
10.090000 0.806837
10.100000 0.574696
10.110000 0.492862
10.120000 0.738281
10.130000 0.699861
10.140000 0.250376
10.150000 0.396017
10.160000 0.594730
10.170000 0.717564
10.180000 0.351340
10.190000 0.153354
10.200000 0.451362
10.210000 0.738923
10.220000 0.474880
10.230000 0.708922
10.240000 0.848507
10.250000 0.666005
10.260000 0.356966
10.270000 0.465650
10.280000 0.195522
10.290000 0.189749
10.300000 0.316573
10.310000 0.370082
10.320000 0.438331
10.330000 0.294242
10.340000 0.287859
10.350000 0.383846
10.360000 0.276761
10.370000 0.376007
10.380000 0.485567
10.390000 0.599199
10.400000 0.708871
10.410000 0.747671
10.420000 0.586070
10.430000 0.545402
10.440000 0.603518
10.450000 0.709704
10.460000 0.965270
10.470000 0.882042
10.480000 0.825275
10.490000 0.839934
10.500000 0.964012
10.510000 0.777120
10.520000 0.802663
10.530000 0.699743
10.540000 0.816404
10.550000 0.750509
10.560000 0.665318
10.570000 0.551615
10.580000 0.481095
10.590000 0.463822
10.600000 0.668341
10.610000 0.818089
10.620000 0.840475
10.630000 0.712676
10.640000 0.611822
10.650000 0.583210
10.660000 0.439833
10.670000 0.490782
10.680000 0.445349
10.690000 0.860781
10.700000 0.718072
10.710000 0.414360
10.720000 0.615687
10.730000 0.295769
10.740000 0.107374
10.750000 0.546970
10.760000 1.066203
10.770000 1.258022
10.780000 1.265431
10.790000 1.128340
10.800000 1.043600
10.810000 0.868751
10.820000 0.697431
10.830000 0.455027
10.840000 0.586387
10.850000 0.453393
10.860000 0.220851
10.870000 0.263071
10.880000 0.544124
10.890000 0.545864
10.900000 0.383293
10.910000 0.488820
10.920000 0.472017
10.930000 0.629236
10.940000 0.760635
10.950000 0.635116
10.960000 0.664877
10.970000 0.671992
10.980000 0.593750
10.990000 0.453616
11.000000 0.569776
11.010000 0.709113
11.020000 0.717188
11.030000 0.704309
11.040000 0.727378
11.050000 0.828848
11.060000 0.912383
11.070000 0.880738
11.080000 0.720450
11.090000 0.487167
11.100000 0.369927
11.110000 0.403258
11.120000 0.642546
11.130000 0.936808
11.140000 1.230227
11.150000 1.224134
11.160000 1.122808
11.170000 1.085297
11.180000 0.962296
11.190000 0.845467
11.200000 0.768039
11.210000 0.702016
11.220000 0.791785
11.230000 1.178695
11.240000 1.676152
11.250000 1.935222
11.260000 2.249838
11.270000 2.255152
11.280000 2.336256
11.290000 1.949597
11.300000 1.575219
11.310000 1.243036
11.320000 1.181415
11.330000 0.779870
11.340000 0.194420
11.350000 0.259554
11.360000 0.451384
11.370000 0.507151
11.380000 0.591873
11.390000 0.430372
11.400000 0.404300
11.410000 0.379484
11.420000 0.462050
11.430000 0.517995
11.440000 0.338182
11.450000 0.707049
11.460000 0.973230
11.470000 0.420538
11.480000 0.324470
11.490000 0.099086
11.500000 0.320420
11.510000 0.520278
11.520000 0.500993
11.530000 0.266905
11.540000 0.343254
11.550000 0.151422
11.560000 0.213096
11.570000 0.199146
11.580000 0.287527
11.590000 0.195299
11.600000 0.319153
11.610000 0.164095
11.620000 0.358036
11.630000 0.263224
11.640000 0.408652
11.650000 0.101006
11.660000 0.291420
11.670000 0.335528
11.680000 0.315860
11.690000 0.320196
11.700000 0.631595
11.710000 0.807095
11.720000 0.824137
11.730000 0.978049
11.740000 0.902748
11.750000 0.752026
11.760000 0.615531
11.770000 0.407723
11.780000 0.318732
11.790000 0.382124
11.800000 0.494785
11.810000 0.483007
11.820000 0.416050
11.830000 0.277082
11.840000 0.241195
11.850000 0.196122
11.860000 0.191390
11.870000 0.230754
11.880000 0.205285
11.890000 0.265846
11.900000 0.366557
11.910000 0.385942
11.920000 0.511788
11.930000 0.648078
11.940000 0.786394
11.950000 0.801307
11.960000 0.874160
11.970000 0.861178
11.980000 0.673849
11.990000 0.612438
12.000000 0.784061
12.010000 1.034096
12.020000 1.076633
12.030000 1.178804
12.040000 1.263804
12.050000 1.268727
12.060000 1.039690
12.070000 0.781790
12.080000 0.651597
12.090000 0.879143
12.100000 0.851480
12.110000 0.695528
12.120000 0.317532
12.130000 0.085711
12.140000 0.409895
12.150000 0.507614
12.160000 0.310988
12.170000 0.035199
12.180000 0.387787
12.190000 0.344980
12.200000 0.256290
12.210000 0.229097
12.220000 0.150266
12.230000 0.213668
12.240000 0.560578
12.250000 0.574070
12.260000 0.368907
12.270000 0.193175
12.280000 0.491576
12.290000 0.315598
12.300000 0.295492
12.310000 0.697892
12.320000 0.492667
12.330000 0.374349
12.340000 0.515808
12.350000 0.486166
12.360000 0.273375
12.370000 0.532939
12.380000 0.643626
12.390000 0.733709
12.400000 0.567519
12.410000 0.605394
12.420000 0.504942
12.430000 0.194068
12.440000 0.306351
12.450000 0.300285
12.460000 0.153463
12.470000 0.239583
12.480000 0.570031
12.490000 0.357595
12.500000 0.648377
12.510000 0.394825
12.520000 0.290367
12.530000 0.267028
12.540000 0.230261
12.550000 0.376167
12.560000 0.344894
12.570000 0.344580
12.580000 0.335153
12.590000 0.314048
12.600000 0.360893
12.610000 0.563396
12.620000 0.759361
12.630000 0.848997
12.640000 0.756160
12.650000 0.575154
12.660000 0.497834
12.670000 0.485598
12.680000 0.552023
12.690000 0.547681
12.700000 0.395518
12.710000 0.401064
12.720000 0.707596
12.730000 0.721702
12.740000 0.736574
12.750000 0.820469
12.760000 0.872402
12.770000 1.317478
12.780000 1.351795
12.790000 1.476863
12.800000 1.580935
12.810000 1.521988
12.820000 1.153840
12.830000 0.899312
12.840000 0.828082
12.850000 0.714039
12.860000 0.703359
12.870000 0.460564
12.880000 0.571613
12.890000 0.525816
12.900000 0.482567
12.910000 0.625977
12.920000 0.765945
12.930000 0.804858
12.940000 0.622840
12.950000 0.579774
12.960000 0.433187
12.970000 0.470123
12.980000 0.247833
12.990000 0.771637
13.000000 0.818505
13.010000 0.634877
13.020000 0.526428
13.030000 0.476190
13.040000 0.138645
13.050000 0.263685
13.060000 0.984447
13.070000 1.229415
13.080000 1.235500
13.090000 1.134464
13.100000 0.941130
13.110000 0.930014
13.120000 0.855803
13.130000 0.789508
13.140000 0.367884
13.150000 0.469376
13.160000 0.384842
13.170000 0.381412
13.180000 0.350813
13.190000 0.745125
13.200000 0.548819
13.210000 0.344586
13.220000 0.526599
13.230000 0.608152
13.240000 0.631723
13.250000 0.736946
13.260000 0.573736
13.270000 0.677052
13.280000 0.674792
13.290000 0.497932
13.300000 0.441336
13.310000 0.486750
13.320000 0.531481
13.330000 0.504824
13.340000 0.639699
13.350000 0.671781
13.360000 0.664939
13.370000 0.702122
13.380000 0.660507
13.390000 0.514008
13.400000 0.342652
13.410000 0.366808
13.420000 0.677204
13.430000 0.810482
13.440000 0.888565
13.450000 1.056526
13.460000 1.252444
13.470000 1.241097
13.480000 1.131176
13.490000 1.009401
13.500000 0.962245
13.510000 1.026268
13.520000 0.777377
13.530000 0.766459
13.540000 0.974781
13.550000 1.141863
13.560000 1.351950
13.570000 1.425752
13.580000 1.575132
13.590000 1.719790
13.600000 1.838288
13.610000 1.945257
13.620000 1.883232
13.630000 1.743637
13.640000 1.582531
13.650000 1.238012
13.660000 1.336582
13.670000 1.086167
13.680000 0.438172
13.690000 0.146675
13.700000 0.361157
13.710000 0.490701
13.720000 0.531331
13.730000 0.410584
13.740000 0.449684
13.750000 0.301389
13.760000 0.501091
13.770000 0.572446
13.780000 0.254804
13.790000 0.736405
13.800000 0.793461
13.810000 0.362054
13.820000 0.164099
13.830000 0.249438
13.840000 0.376533
13.850000 0.320885
13.860000 0.503208
13.870000 0.395652
13.880000 0.292769
13.890000 0.080066
13.900000 0.113474
13.910000 0.282062
13.920000 0.102842
13.930000 0.235399
13.940000 0.118098
13.950000 0.358770
13.960000 0.402449
13.970000 0.080506
13.980000 0.348196
13.990000 0.113851
14.000000 0.191342
14.010000 0.236201
14.020000 0.254732
14.030000 0.489699
14.040000 0.584918
14.050000 0.603764
14.060000 0.746088
14.070000 0.938945
14.080000 0.665665
14.090000 0.536520
14.100000 0.361027
14.110000 0.173102
14.120000 0.238813
14.130000 0.402005
14.140000 0.382874
14.150000 0.260376
14.160000 0.234602
14.170000 0.175691
14.180000 0.285198
14.190000 0.193648
14.200000 0.147150
14.210000 0.159160
14.220000 0.186720
14.230000 0.394308
14.240000 0.633594
14.250000 0.492290
14.260000 0.393914
14.270000 0.459922
14.280000 0.621623
14.290000 0.600640
14.300000 0.432845
14.310000 0.321465
14.320000 0.358443
14.330000 0.408404
14.340000 0.533895
14.350000 0.667479
14.360000 0.664261
14.370000 0.574898
14.380000 0.284751
14.390000 0.338587
14.400000 0.401231
14.410000 0.565400
14.420000 0.443226
14.430000 0.469295
14.440000 0.382343
14.450000 0.551400
14.460000 0.526133
14.470000 0.447278
14.480000 0.185664
14.490000 0.377540
14.500000 0.539169
14.510000 0.317801
14.520000 0.299973
14.530000 0.436787
14.540000 0.457663
14.550000 0.283106
14.560000 0.335866
14.570000 0.405982
14.580000 0.596969
14.590000 0.092958
14.600000 0.246511
14.610000 0.274488
14.620000 0.194497
14.630000 0.114617
14.640000 0.346609
14.650000 0.443198
14.660000 0.285689
14.670000 0.166251
14.680000 0.255531
14.690000 0.286719
14.700000 0.338749
14.710000 0.192305
14.720000 0.199086
14.730000 0.338025
14.740000 0.307853
14.750000 0.155632
14.760000 0.405930
14.770000 0.695705
14.780000 0.492134
14.790000 0.420003
14.800000 0.247707
14.810000 0.075192
14.820000 0.101899
14.830000 0.204932
14.840000 0.380419
14.850000 0.532805
14.860000 0.708449
14.870000 0.648545
14.880000 0.474367
14.890000 0.562123
14.900000 0.425752
14.910000 0.476031
14.920000 0.408685
14.930000 0.414923
14.940000 0.393290
14.950000 0.364828
14.960000 0.355963
14.970000 0.615138
14.980000 0.953958
14.990000 1.060183
15.000000 1.218037
15.010000 1.486223
15.020000 1.642160
15.030000 1.733088
15.040000 1.824396
15.050000 1.615336
15.060000 1.488630
15.070000 1.373591
15.080000 1.495015
15.090000 1.566408
15.100000 1.480694
15.110000 1.474683
15.120000 1.652307
15.130000 1.770806
15.140000 1.925778
15.150000 2.159431
15.160000 2.045689
15.170000 1.883810
15.180000 1.683082
15.190000 1.588470
15.200000 1.374421
15.210000 1.332518
15.220000 1.273872
15.230000 1.303682
15.240000 1.389465
15.250000 1.392216
15.260000 1.357623
15.270000 1.652966
15.280000 1.318318
15.290000 0.915761
15.300000 0.623995
15.310000 0.317083
15.320000 0.361996
15.330000 0.404723
15.340000 0.397442
15.350000 0.346710
15.360000 0.350995
15.370000 0.260841
15.380000 0.419224
15.390000 0.520265
15.400000 0.459538
15.410000 0.874176
15.420000 0.645970
15.430000 0.179204
15.440000 0.127451
15.450000 0.122766
15.460000 0.525004
15.470000 0.444819
15.480000 0.088079
15.490000 0.313009
15.500000 0.452642
15.510000 0.523354
15.520000 0.137567
15.530000 0.194821
15.540000 0.395801
15.550000 0.281955
15.560000 0.242649
15.570000 0.141502
15.580000 0.970507
15.590000 0.306585
15.600000 0.195458
15.610000 0.247389
15.620000 0.244611
15.630000 0.164777
15.640000 0.306186
15.650000 0.381281
15.660000 0.221725
15.670000 0.284924
15.680000 0.505746
15.690000 0.682212
15.700000 0.738553
15.710000 0.425221
15.720000 0.391656
15.730000 0.566866
15.740000 0.917999
15.750000 0.815196
15.760000 0.724034
15.770000 0.771505
15.780000 0.739431
15.790000 0.635016
15.800000 0.320722
15.810000 0.252553
15.820000 0.385199
15.830000 0.521702
15.840000 0.547752
15.850000 0.662605
15.860000 0.658622
15.870000 0.760305
15.880000 0.749735
15.890000 0.715306
15.900000 0.806211
15.910000 0.686721
15.920000 0.813607
15.930000 0.661213
15.940000 0.513999
15.950000 0.353032
15.960000 0.285077
15.970000 0.249500
15.980000 0.233114
15.990000 0.432402
16.000000 0.308906
16.010000 0.294223
16.020000 0.495445
16.030000 0.493969
16.040000 0.574833
16.050000 0.540763
16.060000 0.254642
16.070000 0.213086
16.080000 0.379485
16.090000 0.239808
16.100000 0.484723
16.110000 0.525771
16.120000 0.223214
16.130000 0.106785
16.140000 0.330296
16.150000 0.263687
16.160000 0.462580
16.170000 0.514275
16.180000 0.658403
16.190000 0.354920
16.200000 0.097797
16.210000 0.180311
16.220000 0.236851
16.230000 0.247791
16.240000 0.369215
16.250000 0.520741
16.260000 0.482067
16.270000 0.144625
16.280000 0.167211
16.290000 0.344320
16.300000 0.344293
16.310000 0.627506
16.320000 0.939036
16.330000 1.032136
16.340000 0.854956
16.350000 0.662509
16.360000 0.369864
16.370000 0.307867
16.380000 0.117476
16.390000 0.232863
16.400000 0.328203
16.410000 0.250000
16.420000 0.457542
16.430000 0.947371
16.440000 0.994546
16.450000 0.834465
16.460000 0.703730
16.470000 0.473016
16.480000 0.297523
16.490000 0.330967
16.500000 0.381173
16.510000 0.454353
16.520000 0.422852
16.530000 0.349615
16.540000 0.255008
16.550000 0.408800
16.560000 0.730438
16.570000 0.933824
16.580000 0.910833
16.590000 0.877623
16.600000 0.664848
16.610000 0.551728
16.620000 0.535249
16.630000 0.720642
16.640000 0.850803
16.650000 0.870452
16.660000 0.754938
16.670000 0.627820
16.680000 0.519593
16.690000 0.700329
16.700000 0.713772
16.710000 0.692312
16.720000 0.519457
16.730000 0.284452
16.740000 0.522023
16.750000 0.472270
16.760000 0.295795
16.770000 0.242218
16.780000 0.370892
16.790000 0.578012
16.800000 0.289033
16.810000 0.156197
16.820000 0.379094
16.830000 0.432767
16.840000 0.214452
16.850000 0.295915
16.860000 0.341357
16.870000 0.555041
16.880000 0.109152
16.890000 0.359126
16.900000 0.294818
16.910000 0.319716
16.920000 0.103140
16.930000 0.258503
16.940000 0.265285
16.950000 0.376424
16.960000 0.292759
16.970000 0.398675
16.980000 0.289137
16.990000 0.370599
17.000000 0.303711
17.010000 0.345190
17.020000 0.314917
17.030000 0.247718
17.040000 0.194936
17.050000 0.462113
17.060000 0.678532
17.070000 0.663047
17.080000 0.471081
17.090000 0.268133
17.100000 0.079202
17.110000 0.108094
17.120000 0.106398
17.130000 0.177049
17.140000 0.455711
17.150000 0.730186
17.160000 0.792531
17.170000 0.608601
17.180000 0.389350
17.190000 0.391872
17.200000 0.439876
17.210000 0.579121
17.220000 0.463725
17.230000 0.358039
17.240000 0.400191
17.250000 0.416348
17.260000 0.472773
17.270000 0.500831
17.280000 0.708671
17.290000 0.848639
17.300000 0.944519
17.310000 1.065116
17.320000 1.183698
17.330000 1.262087
17.340000 1.509774
17.350000 1.709798
17.360000 1.796906
17.370000 1.759738
17.380000 1.600213
17.390000 1.437354
17.400000 1.362089
17.410000 1.450778
17.420000 1.461783
17.430000 1.523515
17.440000 1.686739
17.450000 1.844105
17.460000 2.035178
17.470000 2.196358
17.480000 2.318607
17.490000 2.331717
17.500000 2.359798
17.510000 2.363772
17.520000 2.258129
17.530000 2.117654
17.540000 2.042435
17.550000 1.939134
17.560000 1.992613
17.570000 2.081310
17.580000 2.132060
17.590000 2.088508
17.600000 2.078765
17.610000 2.138189
17.620000 2.303328
17.630000 2.327887
17.640000 2.308681
17.650000 2.391210
17.660000 2.452373
17.670000 2.550309
17.680000 2.524284
17.690000 2.276289
17.700000 2.055663
17.710000 1.752520
17.720000 1.486147
17.730000 1.260510
17.740000 1.086255
17.750000 1.115777
17.760000 0.907245
17.770000 0.563278
17.780000 0.458677
17.790000 0.610953
17.800000 0.445243
17.810000 0.305915
17.820000 0.279070
17.830000 0.409156
17.840000 0.680166
17.850000 0.458353
17.860000 0.125662
17.870000 0.229444
17.880000 0.198432
17.890000 0.395090
17.900000 0.256634
17.910000 0.415925
17.920000 0.846069
17.930000 0.897710
17.940000 1.134015
17.950000 1.267406
17.960000 1.205517
17.970000 1.284961
17.980000 1.471863
17.990000 1.463144
18.000000 1.335880
18.010000 1.491413
18.020000 1.382098
18.030000 0.935763
18.040000 0.682438
18.050000 0.865781
18.060000 0.845148
18.070000 0.544115
18.080000 0.159442
18.090000 0.490662
18.100000 0.897402
18.110000 1.115524
18.120000 0.745165
18.130000 0.905027
18.140000 0.771856
18.150000 0.606207
18.160000 0.352983
18.170000 0.328272
18.180000 0.536236
18.190000 0.491213
18.200000 0.527650
18.210000 0.507579
18.220000 0.458296
18.230000 0.570431
18.240000 0.514325
18.250000 0.452422
18.260000 0.347575
18.270000 0.403281
18.280000 0.280792
18.290000 0.557446
18.300000 0.830471
18.310000 0.859447
18.320000 1.009544
18.330000 0.928677
18.340000 0.830118
18.350000 1.090994
18.360000 1.288536
18.370000 1.282034
18.380000 1.073447
18.390000 0.708471
18.400000 0.764255
18.410000 0.967052
18.420000 1.103720
18.430000 0.885859
18.440000 0.791029
18.450000 1.017227
18.460000 1.227776
18.470000 1.291203
18.480000 1.137391
18.490000 0.891780
18.500000 0.917654
18.510000 1.433472
18.520000 1.677630
18.530000 1.471972
18.540000 0.993123
18.550000 0.770439
18.560000 0.570176
18.570000 0.245115
18.580000 0.364192
18.590000 0.608952
18.600000 0.869501
18.610000 1.104313
18.620000 1.184509
18.630000 0.790544
18.640000 0.440045
18.650000 0.358361
18.660000 0.698124
18.670000 0.786838
18.680000 0.853679
18.690000 0.958147
18.700000 0.929194
18.710000 0.795872
18.720000 0.814481
18.730000 1.224626
18.740000 1.047245
18.750000 0.934034
18.760000 0.991166
18.770000 1.297068
18.780000 0.745220
18.790000 0.618206
18.800000 0.602721
18.810000 0.369029
18.820000 0.192410
18.830000 0.074166
18.840000 0.182286
18.850000 0.485518
18.860000 0.392316
18.870000 0.342550
18.880000 0.445710
18.890000 0.417951
18.900000 0.281498
18.910000 0.137620
18.920000 0.335494
18.930000 0.513200
18.940000 0.739927
18.950000 0.863949
18.960000 0.923227
18.970000 0.819179
18.980000 0.660942
18.990000 0.915181
19.000000 1.204482
19.010000 1.181240
19.020000 1.220323
19.030000 1.065048
19.040000 0.781951
19.050000 0.585550
19.060000 0.740764
19.070000 1.071927
19.080000 1.014734
19.090000 0.776949
19.100000 0.846385
19.110000 1.135559
19.120000 1.253624
19.130000 1.151987
19.140000 0.984236
19.150000 0.862534
19.160000 1.080621
19.170000 1.316071
19.180000 1.111749
19.190000 0.779995
19.200000 0.583357
19.210000 0.275447
19.220000 0.178197
19.230000 0.419643
19.240000 0.717713
19.250000 0.897133
19.260000 0.987445
19.270000 0.959028
19.280000 0.865805
19.290000 0.817742
19.300000 0.524920
19.310000 0.633227
19.320000 0.794241
19.330000 0.913893
19.340000 1.020348
19.350000 0.785962
19.360000 0.516905
19.370000 0.536535
19.380000 0.894667
19.390000 0.910058
19.400000 0.657379
19.410000 0.906409
19.420000 1.182581
19.430000 0.832079
19.440000 0.720764
19.450000 0.624127
19.460000 0.257217
19.470000 0.158398
19.480000 0.313084
19.490000 0.472213
19.500000 0.452353
19.510000 0.237418
19.520000 0.261049
19.530000 0.180755
19.540000 0.157917
19.550000 0.210951
19.560000 0.293150
19.570000 0.178951
19.580000 0.127731
19.590000 0.438975
19.600000 0.857236
19.610000 0.913712
19.620000 0.809286
19.630000 0.780746
19.640000 0.842924
19.650000 1.064494
19.660000 1.214455
19.670000 1.204367
19.680000 1.229428
19.690000 1.007603
19.700000 1.031172
19.710000 0.983138
19.720000 0.925865
19.730000 0.663963
19.740000 0.847142
19.750000 0.849299
19.760000 0.687665
19.770000 1.016447
19.780000 1.124508
19.790000 1.068922
19.800000 1.029144
19.810000 0.765477
19.820000 0.705619
19.830000 0.938586
19.840000 0.756899
19.850000 0.574806
19.860000 0.475922
19.870000 0.429978
19.880000 0.473043
19.890000 0.354920
19.900000 0.713023
19.910000 0.912491
19.920000 0.921108
19.930000 0.819245
19.940000 0.802266
19.950000 0.788047
19.960000 0.619072
19.970000 0.245930
19.980000 0.616541
19.990000 0.979354
