0.000000 8.311124
0.010000 8.355241
0.020000 8.390058
0.030000 7.834692
0.040000 7.187842
0.050000 6.907538
0.060000 6.883072
0.070000 6.797594
0.080000 5.609634
0.090000 4.020530
0.100000 2.536101
0.110000 2.033070
0.120000 2.123920
0.130000 2.440649
0.140000 2.587998
0.150000 3.085850
0.160000 4.000733
0.170000 5.206306
0.180000 6.249848
0.190000 7.294414
0.200000 8.284152
0.210000 9.141716
0.220000 9.711034
0.230000 10.077718
0.240000 10.013749
0.250000 9.873292
0.260000 9.530545
0.270000 9.314188
0.280000 9.291228
0.290000 8.714504
0.300000 8.262509
0.310000 7.912595
0.320000 7.116253
0.330000 5.625727
0.340000 4.273990
0.350000 3.202641
0.360000 2.224585
0.370000 2.131360
0.380000 3.495437
0.390000 4.656060
0.400000 5.124990
0.410000 4.681896
0.420000 4.596789
0.430000 4.402434
0.440000 4.055210
0.450000 4.125991
0.460000 4.567914
0.470000 5.046199
0.480000 5.395648
0.490000 5.820302
0.500000 5.683599
0.510000 5.558392
0.520000 5.520477
0.530000 5.557776
0.540000 5.609060
0.550000 5.743414
0.560000 5.732280
0.570000 5.848809
0.580000 5.975743
0.590000 6.332324
0.600000 6.778513
0.610000 7.062312
0.620000 7.363517
0.630000 7.656975
0.640000 7.561469
0.650000 7.462055
0.660000 6.904038
0.670000 6.341928
0.680000 6.122627
0.690000 6.025959
0.700000 5.607603
0.710000 4.378805
0.720000 2.886711
0.730000 1.982893
0.740000 1.827043
0.750000 1.994637
0.760000 2.291536
0.770000 2.555322
0.780000 3.160663
0.790000 4.193374
0.800000 5.206003
0.810000 5.891666
0.820000 6.612887
0.830000 7.461794
0.840000 8.208593
0.850000 8.757789
0.860000 9.127278
0.870000 9.122649
0.880000 8.859432
0.890000 8.504761
0.900000 8.328304
0.910000 8.260967
0.920000 7.685881
0.930000 7.359792
0.940000 7.018889
0.950000 5.947056
0.960000 4.697411
0.970000 3.712445
0.980000 2.758863
0.990000 2.074154
1.000000 2.260238
1.010000 3.480859
1.020000 4.364388
1.030000 3.891396
1.040000 3.388849
1.050000 3.320429
1.060000 2.948871
1.070000 2.923265
1.080000 3.342138
1.090000 3.790245
1.100000 4.012829
1.110000 4.536527
1.120000 4.507456
1.130000 4.379361
1.140000 4.420549
1.150000 4.564336
1.160000 4.687346
1.170000 4.868299
1.180000 5.062217
1.190000 5.323923
1.200000 5.425561
1.210000 5.575936
1.220000 5.830255
1.230000 6.111739
1.240000 6.547455
1.250000 6.883559
1.260000 7.092633
1.270000 6.853051
1.280000 6.624083
1.290000 6.284956
1.300000 5.670575
1.310000 5.406468
1.320000 5.273939
1.330000 4.604458
1.340000 3.505765
1.350000 2.113558
1.360000 1.461937
1.370000 1.205247
1.380000 1.477977
1.390000 1.833205
1.400000 2.612449
1.410000 3.283621
1.420000 4.234877
1.430000 5.016482
1.440000 5.615474
1.450000 5.958405
1.460000 6.408607
1.470000 7.057259
1.480000 7.578634
1.490000 7.992486
1.500000 8.054916
1.510000 7.704511
1.520000 7.478708
1.530000 7.226259
1.540000 7.246976
1.550000 6.720009
1.560000 6.449060
1.570000 6.116539
1.580000 5.066396
1.590000 4.078480
1.600000 3.438810
1.610000 2.607351
1.620000 2.063327
1.630000 2.787054
1.640000 3.684463
1.650000 3.680638
1.660000 3.054924
1.670000 2.559430
1.680000 2.132791
1.690000 1.821717
1.700000 2.160791
1.710000 2.419425
1.720000 2.574475
1.730000 3.089784
1.740000 3.392629
1.750000 3.260362
1.760000 3.279848
1.770000 3.479240
1.780000 3.780108
1.790000 4.007668
1.800000 4.219551
1.810000 4.548470
1.820000 4.821038
1.830000 4.985860
1.840000 5.158457
1.850000 5.201082
1.860000 5.467190
1.870000 5.788519
1.880000 6.264573
1.890000 6.577057
1.900000 6.317894
1.910000 6.069925
1.920000 5.795282
1.930000 5.175566
1.940000 4.808217
1.950000 4.631859
1.960000 3.969782
1.970000 2.909228
1.980000 1.684333
1.990000 0.948097
2.000000 0.562584
2.010000 0.929652
2.020000 1.536330
2.030000 2.482959
2.040000 3.038118
2.050000 3.810673
2.060000 4.489845
2.070000 5.147171
2.080000 5.387269
2.090000 5.354949
2.100000 5.730958
2.110000 6.173995
2.120000 6.475736
2.130000 6.908484
2.140000 6.448298
2.150000 6.389119
2.160000 6.129818
2.170000 6.220769
2.180000 5.668678
2.190000 5.464617
2.200000 5.267268
2.210000 4.305172
2.220000 3.507903
2.230000 3.018106
2.240000 2.177040
2.250000 2.159900
2.260000 2.826117
2.270000 3.453420
2.280000 2.887410
2.290000 2.250379
2.300000 1.849323
2.310000 1.343986
2.320000 1.390875
2.330000 1.275242
2.340000 1.251916
2.350000 1.425265
2.360000 1.949046
2.370000 2.165673
2.380000 2.193967
2.390000 2.350558
2.400000 2.663176
2.410000 3.057099
2.420000 3.396035
2.430000 3.582777
2.440000 3.958639
2.450000 4.267249
2.460000 4.584889
2.470000 4.744316
2.480000 4.546894
2.490000 4.590883
2.500000 4.816390
2.510000 5.292071
2.520000 5.582339
2.530000 5.642798
2.540000 5.514213
2.550000 5.315392
2.560000 4.936796
2.570000 4.450523
2.580000 4.255830
2.590000 3.556820
2.600000 2.625308
2.610000 1.766507
2.620000 0.592902
2.630000 0.485260
2.640000 0.717096
2.650000 1.403614
2.660000 2.352277
2.670000 2.910308
2.680000 3.368466
2.690000 3.973171
2.700000 4.623634
2.710000 4.848486
2.720000 4.764909
2.730000 4.523938
2.740000 4.725382
2.750000 5.264932
2.760000 5.665421
2.770000 5.652291
2.780000 5.460907
2.790000 5.201710
2.800000 4.990139
2.810000 4.568680
2.820000 4.427668
2.830000 4.308694
2.840000 3.518048
2.850000 2.981086
2.860000 2.353268
2.870000 1.872298
2.880000 2.086877
2.890000 2.649213
2.900000 2.991255
2.910000 2.280508
2.920000 1.623445
2.930000 1.246371
2.940000 1.178143
2.950000 1.359033
2.960000 1.196429
2.970000 0.844878
2.980000 0.410849
2.990000 0.726042
3.000000 1.106270
3.010000 1.318761
3.020000 1.605265
3.030000 2.006782
3.040000 2.455016
3.050000 2.698389
3.060000 2.910674
3.070000 3.223090
3.080000 3.471898
3.090000 3.545805
3.100000 3.607800
3.110000 3.568938
3.120000 3.506269
3.130000 3.647949
3.140000 4.047914
3.150000 4.368698
3.160000 4.559848
3.170000 4.465827
3.180000 4.498473
3.190000 4.612360
3.200000 4.390563
3.210000 4.095335
3.220000 3.508230
3.230000 2.739406
3.240000 2.064790
3.250000 1.237877
3.260000 0.820177
3.270000 1.178204
3.280000 1.928189
3.290000 2.077977
3.300000 1.996575
3.310000 1.932400
3.320000 2.351177
3.330000 3.024070
3.340000 3.679986
3.350000 3.900661
3.360000 4.276136
3.370000 4.307283
3.380000 4.366786
3.390000 4.602652
3.400000 4.869253
3.410000 4.826035
3.420000 4.593302
3.430000 4.287898
3.440000 3.868484
3.450000 3.199109
3.460000 3.181535
3.470000 2.720643
3.480000 2.104100
3.490000 1.700140
3.500000 1.440226
3.510000 1.758371
3.520000 2.152205
3.530000 2.521036
3.540000 1.838306
3.550000 1.043649
3.560000 0.744504
3.570000 1.163354
3.580000 1.685291
3.590000 1.766396
3.600000 1.615641
3.610000 0.886909
3.620000 0.319864
3.630000 0.452023
3.640000 0.832220
3.650000 1.173865
3.660000 1.605976
3.670000 1.864593
3.680000 1.944279
3.690000 2.222329
3.700000 2.555679
3.710000 2.615122
3.720000 2.462676
3.730000 2.541802
3.740000 2.627397
3.750000 2.603707
3.760000 2.620504
3.770000 2.749920
3.780000 3.065771
3.790000 3.468965
3.800000 3.579052
3.810000 3.331960
3.820000 3.374871
3.830000 3.955651
3.840000 4.072408
3.850000 3.739635
3.860000 3.177112
3.870000 2.983302
3.880000 1.999008
3.890000 0.846458
3.900000 2.523588
3.910000 1.871907
3.920000 1.710374
3.930000 1.611890
3.940000 0.991645
3.950000 0.834238
3.960000 1.151304
3.970000 1.986616
3.980000 2.481855
3.990000 3.280128
4.000000 3.749289
4.010000 4.076364
4.020000 3.795332
4.030000 3.744505
4.040000 3.991177
4.050000 4.026995
4.060000 3.601091
4.070000 3.331707
4.080000 2.759897
4.090000 2.148199
4.100000 1.891054
4.110000 1.239880
4.120000 0.904288
4.130000 0.934546
4.140000 1.361707
4.150000 1.628616
4.160000 1.901156
4.170000 1.682633
4.180000 0.613871
4.190000 0.495384
4.200000 0.985217
4.210000 1.956175
4.220000 2.259413
4.230000 1.871349
4.240000 1.522047
4.250000 1.056403
4.260000 0.503771
4.270000 0.375943
4.280000 0.760168
4.290000 1.228933
4.300000 1.425680
4.310000 1.548138
4.320000 1.745820
4.330000 1.757381
4.340000 1.811604
4.350000 1.744527
4.360000 1.745829
4.370000 1.779107
4.380000 1.790016
4.390000 1.824968
4.400000 1.925785
4.410000 2.030191
4.420000 2.157883
4.430000 2.502783
4.440000 2.844031
4.450000 2.496062
4.460000 2.357421
4.470000 3.045904
4.480000 3.623163
4.490000 3.510474
4.500000 3.871693
4.510000 2.943492
4.520000 0.953871
4.530000 2.661541
4.540000 1.946772
4.550000 1.348585
4.560000 1.621762
4.570000 1.889256
4.580000 1.771528
4.590000 1.445650
4.600000 1.370796
4.610000 1.236404
4.620000 2.012011
4.630000 2.694633
4.640000 2.989610
4.650000 3.258093
4.660000 3.290874
4.670000 2.950918
4.680000 3.036863
4.690000 3.097757
4.700000 2.528198
4.710000 2.177281
4.720000 1.779904
4.730000 1.445535
4.740000 1.103850
4.750000 0.481581
4.760000 0.472259
4.770000 0.837474
4.780000 1.422012
4.790000 1.182906
4.800000 1.263797
4.810000 0.657636
4.820000 0.451669
4.830000 0.714488
4.840000 0.890584
4.850000 1.358665
4.860000 1.382946
4.870000 1.063817
4.880000 0.988004
4.890000 1.158850
4.900000 0.592181
4.910000 0.391369
4.920000 0.642483
4.930000 0.766711
4.940000 0.930399
4.950000 1.168022
4.960000 1.295483
4.970000 1.289341
4.980000 1.295768
4.990000 1.218560
5.000000 1.057724
5.010000 1.010503
5.020000 1.051126
5.030000 1.111481
5.040000 1.407325
5.050000 1.553006
5.060000 1.496891
5.070000 1.587003
5.080000 1.818191
5.090000 1.911288
5.100000 1.446626
5.110000 1.807392
5.120000 2.714800
5.130000 3.307784
5.140000 4.232693
5.150000 2.590033
5.160000 1.293740
5.170000 1.980609
5.180000 1.497880
5.190000 1.987709
5.200000 2.389306
5.210000 2.676271
5.220000 2.505041
5.230000 2.099146
5.240000 1.981852
5.250000 2.277771
5.260000 2.238438
5.270000 2.006312
5.280000 1.977408
5.290000 2.140922
5.300000 2.302573
5.310000 2.396427
5.320000 2.038644
5.330000 1.868340
5.340000 1.751806
5.350000 1.052708
5.360000 1.288031
5.370000 1.017998
5.380000 0.929158
5.390000 0.403132
5.400000 0.232864
5.410000 0.502593
5.420000 1.150841
5.430000 0.832179
5.440000 0.685339
5.450000 0.658113
5.460000 0.691719
5.470000 0.776869
5.480000 0.270114
5.490000 0.453912
5.500000 0.639092
5.510000 0.477767
5.520000 0.425967
5.530000 0.641257
5.540000 0.633561
5.550000 0.613983
5.560000 0.417298
5.570000 0.333702
5.580000 0.322739
5.590000 0.474623
5.600000 0.564400
5.610000 0.692778
5.620000 0.719495
5.630000 0.809547
5.640000 0.851773
5.650000 0.637363
5.660000 0.547831
5.670000 0.624610
5.680000 0.689360
5.690000 0.763831
5.700000 1.136418
5.710000 1.145290
5.720000 1.001468
5.730000 1.156209
5.740000 1.156563
5.750000 0.772036
5.760000 1.050591
5.770000 1.930587
5.780000 2.799824
5.790000 2.798618
5.800000 1.007397
5.810000 1.206374
5.820000 1.239513
5.830000 2.586723
5.840000 2.465884
5.850000 2.122816
5.860000 1.920446
5.870000 2.160950
5.880000 1.814554
5.890000 1.390566
5.900000 1.277582
5.910000 1.315643
5.920000 1.502484
5.930000 1.704508
5.940000 1.082651
5.950000 0.921824
5.960000 0.935009
5.970000 1.276985
5.980000 0.665374
5.990000 0.650744
6.000000 0.394728
6.010000 0.592766
6.020000 0.568939
6.030000 0.555262
6.040000 0.328236
6.050000 0.183150
6.060000 0.487728
6.070000 0.657700
6.080000 0.418334
6.090000 0.340629
6.100000 0.259560
6.110000 0.632281
6.120000 0.300003
6.130000 0.238830
6.140000 0.172262
6.150000 0.214476
6.160000 0.130000
6.170000 0.188056
6.180000 0.212637
6.190000 0.392456
6.200000 0.379009
6.210000 0.486206
6.220000 0.169876
6.230000 0.196967
6.240000 0.088484
6.250000 0.160704
6.260000 0.254109
6.270000 0.269596
6.280000 0.321053
6.290000 0.364169
6.300000 0.372503
6.310000 0.348366
6.320000 0.387391
6.330000 0.476977
6.340000 0.423836
6.350000 0.467604
6.360000 0.990849
6.370000 0.849143
6.380000 0.651966
6.390000 0.575911
6.400000 0.573005
6.410000 0.247101
6.420000 0.636764
6.430000 0.881672
6.440000 1.685294
6.450000 0.469649
6.460000 0.749379
6.470000 1.178676
6.480000 2.034169
6.490000 1.412681
6.500000 0.975325
6.510000 1.121536
6.520000 1.321296
6.530000 1.453614
6.540000 1.209167
6.550000 1.110571
6.560000 0.961531
6.570000 0.846924
6.580000 0.656380
6.590000 0.627287
6.600000 0.935457
6.610000 0.963778
6.620000 0.282764
6.630000 0.258523
6.640000 0.476381
6.650000 0.478986
6.660000 0.259081
6.670000 0.108747
6.680000 0.205168
6.690000 0.254937
6.700000 0.049783
6.710000 0.175168
6.720000 0.163950
6.730000 0.417975
6.740000 0.405510
6.750000 0.294681
6.760000 0.363974
6.770000 0.426063
6.780000 0.160454
6.790000 0.270142
6.800000 0.236126
6.810000 0.331591
6.820000 0.185525
6.830000 0.230773
6.840000 0.301979
6.850000 0.150245
6.860000 0.168323
6.870000 0.180033
6.880000 0.138253
6.890000 0.103126
6.900000 0.184299
6.910000 0.271504
6.920000 0.163364
6.930000 0.133468
6.940000 0.319269
6.950000 0.165741
6.960000 0.318509
6.970000 0.582578
6.980000 0.810076
6.990000 0.455039
7.000000 0.361764
7.010000 0.596433
7.020000 0.675831
7.030000 0.374362
7.040000 0.445706
7.050000 0.273999
7.060000 0.266027
7.070000 0.551494
7.080000 0.486452
7.090000 0.571683
7.100000 0.209298
7.110000 0.471543
7.120000 0.315267
7.130000 0.843119
7.140000 0.682470
7.150000 0.437428
7.160000 0.189022
7.170000 0.449970
7.180000 0.418083
7.190000 0.431951
7.200000 0.245803
7.210000 0.058657
7.220000 0.173586
7.230000 0.324417
7.240000 0.310631
7.250000 0.196829
7.260000 0.185491
7.270000 0.034076
7.280000 0.366890
7.290000 0.558722
7.300000 0.082356
7.310000 0.023423
7.320000 0.209215
7.330000 0.378383
7.340000 0.259887
7.350000 0.284441
7.360000 0.146327
7.370000 0.215630
7.380000 0.272125
7.390000 0.252680
7.400000 0.248509
7.410000 0.241390
7.420000 0.118846
7.430000 0.249651
7.440000 0.301774
7.450000 0.253803
7.460000 0.188659
7.470000 0.099508
7.480000 0.270665
7.490000 0.160555
7.500000 0.096774
7.510000 0.285531
7.520000 0.238830
7.530000 0.157802
7.540000 0.223283
7.550000 0.243658
7.560000 0.248421
7.570000 0.137723
7.580000 0.046332
7.590000 0.114168
7.600000 0.177952
7.610000 0.308856
7.620000 0.971740
7.630000 0.631100
7.640000 0.247078
7.650000 0.493506
7.660000 0.504364
7.670000 0.468865
7.680000 0.459254
7.690000 0.545478
7.700000 0.524707
7.710000 0.350318
7.720000 0.263213
7.730000 0.379664
7.740000 0.374139
7.750000 0.570431
7.760000 0.663532
7.770000 0.226003
7.780000 0.259700
7.790000 0.555675
7.800000 1.614933
7.810000 0.599064
7.820000 0.498993
7.830000 0.515977
7.840000 0.492196
7.850000 0.567963
7.860000 0.627447
7.870000 0.511087
7.880000 0.283421
7.890000 0.329072
7.900000 0.295713
7.910000 0.370428
7.920000 0.382374
7.930000 0.162387
7.940000 0.558738
7.950000 0.351283
7.960000 0.226314
7.970000 0.175685
7.980000 0.590229
7.990000 0.099744
8.000000 0.091226
8.010000 0.142039
8.020000 0.234568
8.030000 0.087799
8.040000 0.126137
8.050000 0.124854
8.060000 0.226961
8.070000 0.163885
8.080000 0.180455
8.090000 0.118159
8.100000 0.249248
8.110000 0.100830
8.120000 0.385818
8.130000 0.099118
8.140000 0.221567
8.150000 0.242247
8.160000 0.339159
8.170000 0.478391
8.180000 0.249495
8.190000 0.072311
8.200000 0.124697
8.210000 0.164905
8.220000 0.272854
8.230000 0.148743
8.240000 0.171682
8.250000 0.182997
8.260000 0.127645
8.270000 0.108931
8.280000 0.275227
8.290000 0.447133
8.300000 0.679168
8.310000 0.728855
8.320000 0.575712
8.330000 0.317838
8.340000 0.464648
8.350000 0.524973
8.360000 0.612904
8.370000 0.606380
8.380000 0.557207
8.390000 0.576005
8.400000 0.718178
8.410000 0.559885
8.420000 0.320990
8.430000 0.315693
8.440000 0.451792
8.450000 0.813881
8.460000 1.527218
8.470000 1.347509
8.480000 1.231671
8.490000 0.709922
8.500000 0.292080
8.510000 0.223656
8.520000 0.348133
8.530000 0.526835
8.540000 0.384885
8.550000 0.461600
8.560000 0.278770
8.570000 0.447936
8.580000 0.459643
8.590000 0.377490
8.600000 0.679942
8.610000 0.554980
8.620000 0.610452
8.630000 0.421292
8.640000 0.461818
8.650000 0.445037
8.660000 0.311892
8.670000 0.206133
8.680000 0.138061
8.690000 0.228469
8.700000 0.112905
8.710000 0.121825
8.720000 0.129773
8.730000 0.115568
8.740000 0.250629
8.750000 0.237078
8.760000 0.150007
8.770000 0.046211
8.780000 0.153084
8.790000 0.157488
8.800000 0.114309
8.810000 0.210052
8.820000 0.035885
8.830000 0.114182
8.840000 0.103620
8.850000 0.115286
8.860000 0.101883
8.870000 0.133552
8.880000 0.117769
8.890000 0.126145
8.900000 0.064389
8.910000 0.201968
8.920000 0.116532
8.930000 0.249741
8.940000 0.275055
8.950000 0.181356
8.960000 0.244562
8.970000 0.107356
8.980000 0.157929
8.990000 0.535640
9.000000 0.141106
9.010000 0.154139
9.020000 0.179090
9.030000 0.207695
9.040000 0.222210
9.050000 0.112991
9.060000 0.157129
9.070000 0.190341
9.080000 0.151787
9.090000 0.141538
9.100000 0.110522
9.110000 0.343825
9.120000 0.436795
9.130000 0.278142
9.140000 0.283592
9.150000 0.273612
9.160000 0.280719
9.170000 0.260299
9.180000 0.285389
9.190000 0.438568
9.200000 0.160212
9.210000 0.097201
9.220000 0.426142
9.230000 0.649428
9.240000 0.831403
9.250000 0.818458
9.260000 0.467439
9.270000 0.600831
9.280000 0.557146
9.290000 0.648680
9.300000 0.360828
9.310000 0.474276
9.320000 0.402178
9.330000 0.362055
9.340000 0.258325
9.350000 0.382502
9.360000 0.316844
9.370000 0.193790
9.380000 0.250786
9.390000 0.350969
9.400000 0.336210
9.410000 0.089994
9.420000 0.128308
9.430000 0.127067
9.440000 0.095238
9.450000 0.170917
9.460000 0.174434
9.470000 0.080378
9.480000 0.072729
9.490000 0.069869
9.500000 0.121058
9.510000 0.285028
9.520000 0.075433
9.530000 0.049630
9.540000 0.100315
9.550000 0.087399
9.560000 0.103904
9.570000 0.090799
9.580000 0.141084
9.590000 0.111423
9.600000 0.224685
9.610000 0.163689
9.620000 0.103162
9.630000 0.068779
9.640000 0.068942
9.650000 0.049910
9.660000 0.066500
9.670000 0.131706
9.680000 0.083221
9.690000 0.169872
9.700000 0.138305
9.710000 0.103729
9.720000 0.145334
9.730000 0.066846
9.740000 0.226441
9.750000 0.119075
9.760000 0.350047
9.770000 0.095705
9.780000 0.095039
9.790000 0.105207
9.800000 0.426538
9.810000 0.236507
9.820000 0.095213
9.830000 0.322827
9.840000 0.251826
9.850000 0.577895
9.860000 0.440904
9.870000 0.293387
9.880000 0.301182
9.890000 0.150146
9.900000 0.304975
9.910000 0.143908
9.920000 0.817498
9.930000 0.345787
9.940000 0.357288
9.950000 0.440517
9.960000 0.926408
9.970000 0.680168
9.980000 0.762658
9.990000 0.835720
10.000000 0.768222
10.010000 0.643843
10.020000 0.598513
10.030000 0.651589
10.040000 0.797531
10.050000 0.937766
10.060000 1.073709
10.070000 1.209225
10.080000 1.084172
10.090000 0.878968
10.100000 0.668090
10.110000 0.196448
10.120000 0.381169
10.130000 0.229546
10.140000 0.391497
10.150000 0.601089
10.160000 0.191165
10.170000 0.227650
10.180000 0.238501
10.190000 0.126267
10.200000 0.350654
10.210000 0.224883
10.220000 0.289088
10.230000 0.177370
10.240000 0.147061
10.250000 0.097107
10.260000 0.224308
10.270000 0.090744
10.280000 0.162947
10.290000 0.156070
10.300000 0.266048
10.310000 0.093142
10.320000 0.303984
10.330000 0.252233
10.340000 0.235525
10.350000 0.105489
10.360000 0.189988
10.370000 0.164348
10.380000 0.150174
10.390000 0.162671
10.400000 0.192229
10.410000 0.156582
10.420000 0.085843
10.430000 0.100604
10.440000 0.133277
10.450000 0.223413
10.460000 0.241419
10.470000 0.217607
10.480000 0.051007
10.490000 0.303668
10.500000 0.263323
10.510000 0.284483
10.520000 0.119539
10.530000 0.178098
10.540000 0.331746
10.550000 0.226404
10.560000 0.208662
10.570000 0.249997
10.580000 0.247050
10.590000 0.116612
10.600000 0.266896
10.610000 0.254773
10.620000 0.402291
10.630000 0.379648
10.640000 0.243686
10.650000 0.190389
10.660000 0.124310
10.670000 0.143304
10.680000 0.049288
10.690000 0.128294
10.700000 0.155625
10.710000 0.156224
10.720000 0.077629
10.730000 0.227652
10.740000 0.352670
10.750000 0.139050
10.760000 0.227118
10.770000 0.290819
10.780000 0.608777
10.790000 0.851839
10.800000 1.008936
10.810000 0.640323
10.820000 0.936891
10.830000 1.081122
10.840000 1.125946
10.850000 1.048689
10.860000 0.469883
10.870000 0.349658
10.880000 0.057054
10.890000 0.549120
10.900000 0.437305
10.910000 0.177032
10.920000 0.208265
10.930000 0.348498
10.940000 0.280838
10.950000 0.518847
10.960000 0.058536
10.970000 0.136312
10.980000 0.195009
10.990000 0.169316
11.000000 0.056562
11.010000 0.123045
11.020000 0.082709
11.030000 0.231683
11.040000 0.051692
11.050000 0.058284
11.060000 0.174007
11.070000 0.042760
11.080000 0.122942
11.090000 0.090846
11.100000 0.224621
11.110000 0.244977
11.120000 0.320496
11.130000 0.452325
11.140000 0.363120
11.150000 0.226868
11.160000 0.188504
11.170000 0.177166
11.180000 0.096870
11.190000 0.141943
11.200000 0.139447
11.210000 0.158078
11.220000 0.137374
11.230000 0.032018
11.240000 0.103040
11.250000 0.300494
11.260000 0.131871
11.270000 0.111761
11.280000 0.039528
11.290000 0.087178
11.300000 0.248032
11.310000 0.128711
11.320000 0.165128
11.330000 0.185961
11.340000 0.043780
11.350000 0.084938
11.360000 0.137991
11.370000 0.321149
11.380000 0.155187
11.390000 0.259517
11.400000 0.468106
11.410000 0.332752
11.420000 0.299114
11.430000 0.195842
11.440000 0.616772
11.450000 0.909317
11.460000 0.443062
11.470000 0.593935
11.480000 0.333566
11.490000 0.067486
11.500000 0.136268
11.510000 0.317796
11.520000 0.676589
11.530000 0.501396
11.540000 0.364155
11.550000 0.296437
11.560000 0.834645
11.570000 0.255679
11.580000 0.470485
11.590000 0.197818
11.600000 0.156214
11.610000 0.577961
11.620000 0.438020
11.630000 0.707973
11.640000 0.672740
11.650000 0.715371
11.660000 0.284366
11.670000 0.436441
11.680000 0.534504
11.690000 0.258128
11.700000 0.379330
11.710000 0.281750
11.720000 0.550834
11.730000 0.296325
11.740000 0.195783
11.750000 0.464720
11.760000 0.364584
11.770000 0.149453
11.780000 0.183691
11.790000 0.241684
11.800000 0.085195
11.810000 0.284491
11.820000 0.054246
11.830000 0.346295
11.840000 0.180835
11.850000 0.525099
11.860000 0.129592
11.870000 0.278619
11.880000 0.311811
11.890000 0.212178
11.900000 0.258189
11.910000 0.040545
11.920000 0.191383
11.930000 0.155868
11.940000 0.058331
11.950000 0.147954
11.960000 0.152945
11.970000 0.046990
11.980000 0.102034
11.990000 0.129498
12.000000 0.113287
12.010000 0.212944
12.020000 0.141601
12.030000 0.235678
12.040000 0.402359
12.050000 0.159790
12.060000 0.163710
12.070000 0.128113
12.080000 0.279459
12.090000 0.150447
12.100000 0.203063
12.110000 0.195882
12.120000 0.255635
12.130000 0.305810
12.140000 0.112391
12.150000 0.039497
12.160000 0.094787
12.170000 0.152074
12.180000 0.349669
12.190000 0.360030
12.200000 0.400596
12.210000 0.413605
12.220000 0.441524
12.230000 0.369504
12.240000 0.097056
12.250000 0.218333
12.260000 0.300103
12.270000 0.354999
12.280000 0.589699
12.290000 0.883792
12.300000 1.075557
12.310000 1.232336
12.320000 0.644365
12.330000 0.139727
12.340000 0.604320
12.350000 0.400817
12.360000 0.630541
12.370000 0.729181
12.380000 0.965905
12.390000 0.714245
12.400000 0.740931
12.410000 0.699614
12.420000 0.699829
12.430000 0.477494
12.440000 0.140500
12.450000 0.153638
12.460000 0.216153
12.470000 0.099928
12.480000 0.307242
12.490000 0.141591
12.500000 0.112328
12.510000 0.137074
12.520000 0.110376
12.530000 0.067230
12.540000 0.214907
12.550000 0.070813
12.560000 0.282899
12.570000 0.054615
12.580000 0.148589
12.590000 0.106203
12.600000 0.115305
12.610000 0.064933
12.620000 0.195497
12.630000 0.135969
12.640000 0.376003
12.650000 0.120276
12.660000 0.338774
12.670000 0.157436
12.680000 0.237440
12.690000 0.037230
12.700000 0.033522
12.710000 0.165210
12.720000 0.140512
12.730000 0.059791
12.740000 0.102474
12.750000 0.075088
12.760000 0.119640
12.770000 0.086796
12.780000 0.070948
12.790000 0.071809
12.800000 0.127676
12.810000 0.116999
12.820000 0.319954
12.830000 0.186621
12.840000 0.143474
12.850000 0.201164
12.860000 0.496342
12.870000 0.204237
12.880000 0.239577
12.890000 0.309155
12.900000 0.462367
12.910000 0.168962
12.920000 0.125938
12.930000 0.358045
12.940000 0.530329
12.950000 0.247111
12.960000 0.252317
12.970000 0.204362
12.980000 0.278396
12.990000 0.699217
13.000000 0.465544
13.010000 0.532023
13.020000 0.415184
13.030000 0.433565
13.040000 0.555863
13.050000 0.884552
13.060000 0.325240
13.070000 0.681965
13.080000 0.718282
13.090000 1.648188
13.100000 1.672794
13.110000 1.419703
13.120000 0.782908
13.130000 0.409595
13.140000 0.456276
13.150000 0.532831
13.160000 0.292166
13.170000 0.516735
13.180000 0.776557
13.190000 0.662492
13.200000 0.459420
13.210000 0.529814
13.220000 0.356950
13.230000 0.199405
13.240000 0.246834
13.250000 0.193651
13.260000 0.355273
13.270000 0.231549
13.280000 0.279928
13.290000 0.155020
13.300000 0.072960
13.310000 0.101713
13.320000 0.213406
13.330000 0.145136
13.340000 0.250515
13.350000 0.208937
13.360000 0.222950
13.370000 0.193200
13.380000 0.104647
13.390000 0.091700
13.400000 0.020058
13.410000 0.102057
13.420000 0.244020
13.430000 0.122142
13.440000 0.100166
13.450000 0.074300
13.460000 0.120799
13.470000 0.121866
13.480000 0.149673
13.490000 0.130468
13.500000 0.133167
13.510000 0.161535
13.520000 0.150165
13.530000 0.131920
13.540000 0.106472
13.550000 0.210348
13.560000 0.115259
13.570000 0.117262
13.580000 0.208388
13.590000 0.192388
13.600000 0.187314
13.610000 0.154619
13.620000 0.246973
13.630000 0.084911
13.640000 0.227222
13.650000 0.092841
13.660000 0.129974
13.670000 0.387630
13.680000 0.222673
13.690000 0.395951
13.700000 0.364871
13.710000 0.132465
13.720000 0.227547
13.730000 0.496774
13.740000 0.186877
13.750000 0.204876
13.760000 0.260249
13.770000 0.266334
13.780000 0.239990
13.790000 0.228705
13.800000 0.249162
13.810000 0.238613
13.820000 0.302757
13.830000 0.459244
13.840000 0.616313
13.850000 0.824782
13.860000 0.985551
13.870000 0.905968
13.880000 1.075138
13.890000 1.217654
13.900000 0.843029
13.910000 0.293139
13.920000 0.903190
13.930000 0.396244
13.940000 0.331642
13.950000 0.259983
13.960000 0.301034
13.970000 0.708874
13.980000 0.574753
13.990000 0.843505
14.000000 0.762339
14.010000 0.955762
14.020000 0.855238
14.030000 1.226295
14.040000 1.166273
14.050000 0.423358
14.060000 0.606098
14.070000 0.348573
14.080000 0.425019
14.090000 0.148501
14.100000 0.268646
14.110000 0.166235
14.120000 0.223715
14.130000 0.210215
14.140000 0.206068
14.150000 0.088323
14.160000 0.037857
14.170000 0.095532
14.180000 0.210658
14.190000 0.111580
14.200000 0.138110
14.210000 0.133677
14.220000 0.114780
14.230000 0.070551
14.240000 0.141206
14.250000 0.136603
14.260000 0.289651
14.270000 0.101495
14.280000 0.366326
14.290000 0.134169
14.300000 0.219893
14.310000 0.319792
14.320000 0.231285
14.330000 0.142598
14.340000 0.052421
14.350000 0.125913
14.360000 0.244815
14.370000 0.092862
14.380000 0.150841
14.390000 0.233494
14.400000 0.106759
14.410000 0.104099
14.420000 0.055473
14.430000 0.161403
14.440000 0.152912
14.450000 0.143087
14.460000 0.423561
14.470000 0.071526
14.480000 0.286460
14.490000 0.094188
14.500000 0.662557
14.510000 0.957068
14.520000 0.536561
14.530000 0.288758
14.540000 0.368462
14.550000 0.260523
14.560000 0.515728
14.570000 0.342204
14.580000 0.205488
14.590000 0.705660
14.600000 0.434285
14.610000 0.470949
14.620000 0.569638
14.630000 0.553025
14.640000 0.046345
14.650000 0.781891
14.660000 0.989809
14.670000 0.303245
14.680000 0.646457
14.690000 0.465103
14.700000 1.261812
14.710000 0.631491
14.720000 0.423760
14.730000 0.659246
14.740000 0.469530
14.750000 0.311864
14.760000 0.381229
14.770000 0.573940
14.780000 0.742666
14.790000 0.706267
14.800000 0.610541
14.810000 0.477066
14.820000 0.350631
14.830000 0.413193
14.840000 0.289717
14.850000 0.366043
14.860000 0.929816
14.870000 0.963603
14.880000 0.668545
14.890000 0.318196
14.900000 0.214712
14.910000 0.423266
14.920000 0.323071
14.930000 0.116702
14.940000 0.136495
14.950000 0.077057
14.960000 0.358475
14.970000 0.273212
14.980000 0.121058
14.990000 0.114526
15.000000 0.440568
15.010000 0.189687
15.020000 0.245994
15.030000 0.368421
15.040000 0.114061
15.050000 0.125156
15.060000 0.385062
15.070000 0.241434
15.080000 0.128663
15.090000 0.187183
15.100000 0.264091
15.110000 0.106344
15.120000 0.155739
15.130000 0.128196
15.140000 0.208701
15.150000 0.274048
15.160000 0.206623
15.170000 0.192631
15.180000 0.190813
15.190000 0.251954
15.200000 0.181828
15.210000 0.255884
15.220000 0.233470
15.230000 0.305142
15.240000 0.216263
15.250000 0.289363
15.260000 0.258891
15.270000 0.164623
15.280000 0.129530
15.290000 0.187626
15.300000 0.293510
15.310000 0.290047
15.320000 0.101928
15.330000 0.415440
15.340000 0.429145
15.350000 0.278673
15.360000 0.421538
15.370000 0.130692
15.380000 0.272879
15.390000 0.540705
15.400000 0.620938
15.410000 0.191684
15.420000 0.876800
15.430000 0.745620
15.440000 0.622483
15.450000 0.330922
15.460000 0.330062
15.470000 0.590092
15.480000 0.507062
15.490000 0.397509
15.500000 0.452182
15.510000 0.455417
15.520000 0.444262
15.530000 0.262348
15.540000 0.371984
15.550000 0.282821
15.560000 0.452758
15.570000 0.538256
15.580000 0.416367
15.590000 0.179586
15.600000 0.319444
15.610000 0.204462
15.620000 0.305728
15.630000 0.083622
15.640000 0.398463
15.650000 0.189864
15.660000 0.484607
15.670000 0.229182
15.680000 0.126808
15.690000 0.225224
15.700000 0.314803
15.710000 0.124099
15.720000 0.175030
15.730000 0.238181
15.740000 0.098029
15.750000 0.125402
15.760000 0.101999
15.770000 0.069574
15.780000 0.119608
15.790000 0.119148
15.800000 0.130110
15.810000 0.120519
15.820000 0.148069
15.830000 0.093067
15.840000 0.071662
15.850000 0.099275
15.860000 0.174935
15.870000 0.170657
15.880000 0.122495
15.890000 0.173992
15.900000 0.192153
15.910000 0.162939
15.920000 0.197231
15.930000 0.204000
15.940000 0.100571
15.950000 0.273000
15.960000 0.315375
15.970000 0.264515
15.980000 0.214222
15.990000 0.205887
16.000000 0.223934
16.010000 0.186481
16.020000 0.118433
16.030000 0.147103
16.040000 0.348366
16.050000 0.413643
16.060000 0.236935
16.070000 0.847183
16.080000 0.242991
16.090000 0.355462
16.100000 0.465670
16.110000 0.285524
16.120000 0.473035
16.130000 0.245693
16.140000 0.405422
16.150000 0.340167
16.160000 1.140317
16.170000 0.748039
16.180000 0.828113
16.190000 0.870912
16.200000 0.526973
16.210000 0.251769
16.220000 0.384723
16.230000 0.355523
16.240000 0.082162
16.250000 0.114070
16.260000 0.264818
16.270000 0.120690
16.280000 0.272758
16.290000 0.127538
16.300000 0.192658
16.310000 0.118026
16.320000 0.107795
16.330000 0.139830
16.340000 0.176570
16.350000 0.071388
16.360000 0.157529
16.370000 0.254270
16.380000 0.290253
16.390000 0.150072
16.400000 0.180305
16.410000 0.052470
16.420000 0.097155
16.430000 0.121876
16.440000 0.149659
16.450000 0.178466
16.460000 0.215372
16.470000 0.122334
16.480000 0.117674
16.490000 0.068376
16.500000 0.112793
16.510000 0.066356
16.520000 0.153180
16.530000 0.058929
16.540000 0.131981
16.550000 0.161831
16.560000 0.145197
16.570000 0.094610
16.580000 0.226274
16.590000 0.146491
16.600000 0.181888
16.610000 0.183409
16.620000 0.150524
16.630000 0.239344
16.640000 0.209025
16.650000 0.188472
16.660000 0.124635
16.670000 0.146293
16.680000 0.077091
16.690000 0.085528
16.700000 0.406278
16.710000 0.232298
16.720000 0.631744
16.730000 0.329413
16.740000 0.138847
16.750000 0.227405
16.760000 0.245523
16.770000 0.208536
16.780000 0.285407
16.790000 0.305914
16.800000 0.298714
16.810000 0.405337
16.820000 0.467520
16.830000 0.418421
16.840000 0.358624
16.850000 0.321171
16.860000 0.381429
16.870000 0.427934
16.880000 0.547289
16.890000 0.612823
16.900000 0.251553
16.910000 0.044648
16.920000 0.312979
16.930000 0.537324
16.940000 0.153600
16.950000 0.689414
16.960000 0.949520
16.970000 0.742997
16.980000 0.748696
16.990000 0.945776
17.000000 0.469026
17.010000 0.555424
17.020000 0.757617
17.030000 0.730455
17.040000 0.737551
17.050000 0.707018
17.060000 0.403721
17.070000 0.405068
17.080000 0.271352
17.090000 0.112559
17.100000 0.167387
17.110000 0.381278
17.120000 0.406319
17.130000 0.112106
17.140000 0.240903
17.150000 0.239854
17.160000 0.212807
17.170000 0.050667
17.180000 0.153157
17.190000 0.112649
17.200000 0.099754
17.210000 0.140873
17.220000 0.176068
17.230000 0.119820
17.240000 0.082065
17.250000 0.175792
17.260000 0.112763
17.270000 0.090114
17.280000 0.127912
17.290000 0.205908
17.300000 0.169648
17.310000 0.200679
17.320000 0.169865
17.330000 0.364250
17.340000 0.126560
17.350000 0.247378
17.360000 0.080245
17.370000 0.154184
17.380000 0.147022
17.390000 0.077381
17.400000 0.121799
17.410000 0.254858
17.420000 0.135738
17.430000 0.215985
17.440000 0.109298
17.450000 0.169342
17.460000 0.314037
17.470000 0.311760
17.480000 0.179751
17.490000 0.060704
17.500000 0.222046
17.510000 0.161464
17.520000 0.333897
17.530000 0.226414
17.540000 0.218411
17.550000 0.422722
17.560000 0.248532
17.570000 0.123086
17.580000 0.323011
17.590000 0.080853
17.600000 0.153646
17.610000 0.787141
17.620000 0.659636
17.630000 0.591650
17.640000 0.823392
17.650000 0.581763
17.660000 0.357220
17.670000 0.305610
17.680000 1.217021
17.690000 1.417956
17.700000 0.746083
17.710000 0.899965
17.720000 0.861624
17.730000 0.793168
17.740000 0.398456
17.750000 0.493987
17.760000 0.321401
17.770000 0.513578
17.780000 0.579173
17.790000 0.388120
17.800000 0.386362
17.810000 0.244633
17.820000 0.223530
17.830000 0.497096
17.840000 0.227313
17.850000 0.147317
17.860000 0.408211
17.870000 0.484795
17.880000 0.532064
17.890000 0.535900
17.900000 0.663130
17.910000 0.285547
17.920000 0.200778
17.930000 0.258294
17.940000 0.312938
17.950000 0.106291
17.960000 0.280837
17.970000 0.199178
17.980000 0.218557
17.990000 0.437985
18.000000 0.119467
18.010000 0.309931
18.020000 0.094365
18.030000 0.258308
18.040000 0.102666
18.050000 0.318574
18.060000 0.244042
18.070000 0.221307
18.080000 0.119877
18.090000 0.179096
18.100000 0.308401
18.110000 0.290775
18.120000 0.108322
18.130000 0.157644
18.140000 0.072939
18.150000 0.100506
18.160000 0.287157
18.170000 0.270120
18.180000 0.221835
18.190000 0.169192
18.200000 0.103198
18.210000 0.146194
18.220000 0.071993
18.230000 0.256995
18.240000 0.157139
18.250000 0.394715
18.260000 0.466388
18.270000 0.518373
18.280000 0.472708
18.290000 0.439743
18.300000 0.253049
18.310000 0.161524
18.320000 0.199791
18.330000 0.443878
18.340000 0.703746
18.350000 0.683838
18.360000 0.294824
18.370000 0.403572
18.380000 0.531602
18.390000 0.298468
18.400000 0.255734
18.410000 0.634705
18.420000 0.264942
18.430000 0.719734
18.440000 0.876481
18.450000 1.273209
18.460000 1.026052
18.470000 0.572951
18.480000 0.404197
18.490000 0.181832
18.500000 0.414208
18.510000 0.394083
18.520000 0.198239
18.530000 0.136552
18.540000 0.155885
18.550000 0.477899
18.560000 0.658894
18.570000 0.217262
18.580000 0.125772
18.590000 0.413759
18.600000 0.307156
18.610000 0.231056
18.620000 0.155709
18.630000 0.282623
18.640000 0.183133
18.650000 0.261910
18.660000 0.083696
18.670000 0.113882
18.680000 0.033582
18.690000 0.276268
18.700000 0.231837
18.710000 0.093842
18.720000 0.156792
18.730000 0.157396
18.740000 0.102209
18.750000 0.289746
18.760000 0.255444
18.770000 0.130351
18.780000 0.237229
18.790000 0.308375
18.800000 0.140966
18.810000 0.177209
18.820000 0.170805
18.830000 0.111693
18.840000 0.078424
18.850000 0.162047
18.860000 0.186812
18.870000 0.108154
18.880000 0.160360
18.890000 0.313530
18.900000 0.269553
18.910000 0.291620
18.920000 0.181246
18.930000 0.202975
18.940000 0.359259
18.950000 0.252428
18.960000 0.363565
18.970000 0.378827
18.980000 0.321471
18.990000 0.326017
19.000000 0.449806
19.010000 0.261689
19.020000 0.530221
19.030000 0.565498
19.040000 0.648222
19.050000 0.905618
19.060000 1.064695
19.070000 0.665692
19.080000 0.233392
19.090000 0.681440
19.100000 1.341182
19.110000 1.279448
19.120000 1.215543
19.130000 1.153046
19.140000 1.165105
19.150000 1.179814
19.160000 1.079056
19.170000 1.193341
19.180000 1.038976
19.190000 1.194025
19.200000 1.656449
19.210000 1.718776
19.220000 1.706231
19.230000 1.105884
19.240000 0.719365
19.250000 1.055785
19.260000 0.987398
19.270000 1.349053
19.280000 1.853790
19.290000 1.815363
19.300000 1.887176
19.310000 1.464598
19.320000 0.852321
19.330000 0.694951
19.340000 0.380272
19.350000 0.681600
19.360000 0.928088
19.370000 0.204431
19.380000 0.478800
19.390000 0.339764
19.400000 0.143035
19.410000 0.137421
19.420000 0.276835
19.430000 0.186249
19.440000 0.120534
19.450000 0.289006
19.460000 0.182141
19.470000 0.089524
19.480000 0.236319
19.490000 0.113709
19.500000 0.184925
19.510000 0.144780
19.520000 0.031747
19.530000 0.117082
19.540000 0.217051
19.550000 0.177585
19.560000 0.610716
19.570000 0.280794
19.580000 0.546740
19.590000 0.362798
19.600000 0.295863
19.610000 0.227131
19.620000 0.222796
19.630000 0.147590
19.640000 0.285992
19.650000 0.233644
19.660000 0.127839
19.670000 0.302584
19.680000 0.178361
19.690000 0.074406
19.700000 0.171642
19.710000 0.176638
19.720000 0.198402
19.730000 0.187686
19.740000 0.282849
19.750000 0.330880
19.760000 0.482943
19.770000 0.307924
19.780000 0.159339
19.790000 0.397835
19.800000 0.313335
19.810000 0.308334
19.820000 0.372141
19.830000 0.550298
19.840000 0.419072
19.850000 0.330635
19.860000 1.125228
19.870000 0.812904
19.880000 0.333914
19.890000 0.118778
19.900000 0.227842
19.910000 0.237708
19.920000 1.604398
19.930000 1.659589
19.940000 1.261520
19.950000 0.694205
19.960000 0.529721
19.970000 0.858535
19.980000 0.659700
19.990000 0.861286
