0.000000 4.068140
0.010000 4.006567
0.020000 3.645021
0.030000 2.821368
0.040000 2.406735
0.050000 1.701323
0.060000 1.401495
0.070000 1.272816
0.080000 1.379770
0.090000 1.445785
0.100000 1.608993
0.110000 1.615581
0.120000 1.692770
0.130000 1.894644
0.140000 2.208942
0.150000 2.583916
0.160000 2.773573
0.170000 3.016826
0.180000 3.255598
0.190000 3.437413
0.200000 3.569112
0.210000 3.433110
0.220000 3.207540
0.230000 2.989443
0.240000 2.670009
0.250000 2.109503
0.260000 1.342105
0.270000 0.864353
0.280000 1.132851
0.290000 1.624507
0.300000 2.016464
0.310000 2.342010
0.320000 2.802594
0.330000 3.113181
0.340000 3.106452
0.350000 2.883034
0.360000 2.714601
0.370000 2.704212
0.380000 2.694201
0.390000 2.625652
0.400000 2.298264
0.410000 1.921857
0.420000 1.843139
0.430000 2.050093
0.440000 2.265213
0.450000 2.622955
0.460000 2.942787
0.470000 3.249994
0.480000 3.499395
0.490000 3.738962
0.500000 4.104642
0.510000 4.429963
0.520000 4.760155
0.530000 4.861636
0.540000 5.014534
0.550000 5.290771
0.560000 5.288374
0.570000 5.049137
0.580000 4.971716
0.590000 4.801398
0.600000 4.462379
0.610000 3.933464
0.620000 3.730150
0.630000 3.560527
0.640000 3.509858
0.650000 2.793524
0.660000 2.377379
0.670000 1.692463
0.680000 1.208177
0.690000 1.017502
0.700000 0.845740
0.710000 0.947047
0.720000 1.150815
0.730000 1.184549
0.740000 1.291811
0.750000 1.553290
0.760000 1.973958
0.770000 2.560360
0.780000 2.902430
0.790000 3.255933
0.800000 3.558619
0.810000 3.723500
0.820000 3.593834
0.830000 3.640556
0.840000 3.716597
0.850000 3.459201
0.860000 3.096088
0.870000 2.647398
0.880000 1.795733
0.890000 1.125829
0.900000 1.057720
0.910000 1.396349
0.920000 1.768297
0.930000 2.064201
0.940000 2.578164
0.950000 2.903829
0.960000 3.014848
0.970000 2.853616
0.980000 2.659827
0.990000 2.566567
1.000000 2.495756
1.010000 2.389554
1.020000 2.207356
1.030000 1.932975
1.040000 1.862816
1.050000 2.044995
1.060000 2.209265
1.070000 2.634979
1.080000 2.960071
1.090000 3.196896
1.100000 3.498791
1.110000 3.733872
1.120000 4.048509
1.130000 4.447961
1.140000 4.746865
1.150000 4.913665
1.160000 4.902859
1.170000 5.079497
1.180000 5.087717
1.190000 4.891908
1.200000 4.829634
1.210000 4.583454
1.220000 4.148074
1.230000 3.691124
1.240000 3.450199
1.250000 3.196675
1.260000 3.092247
1.270000 2.807415
1.280000 2.375754
1.290000 1.754836
1.300000 1.151059
1.310000 0.668047
1.320000 0.448850
1.330000 0.543688
1.340000 0.771669
1.350000 0.828562
1.360000 1.005520
1.370000 1.344030
1.380000 1.923686
1.390000 2.640585
1.400000 3.186727
1.410000 3.625556
1.420000 3.907620
1.430000 3.837474
1.440000 3.617442
1.450000 3.640134
1.460000 3.743860
1.470000 3.886247
1.480000 3.612474
1.490000 3.192892
1.500000 2.571729
1.510000 1.586570
1.520000 1.295022
1.530000 1.294693
1.540000 1.512008
1.550000 1.780146
1.560000 2.264803
1.570000 2.633708
1.580000 2.799173
1.590000 2.802317
1.600000 2.624268
1.610000 2.489417
1.620000 2.364223
1.630000 2.200926
1.640000 2.082656
1.650000 1.911065
1.660000 1.837495
1.670000 2.026214
1.680000 2.219917
1.690000 2.552658
1.700000 2.952348
1.710000 3.202780
1.720000 3.488533
1.730000 3.851480
1.740000 4.101793
1.750000 4.516979
1.760000 4.795120
1.770000 5.036219
1.780000 4.941192
1.790000 4.955039
1.800000 4.974336
1.810000 4.786160
1.820000 4.727386
1.830000 4.454295
1.840000 3.938623
1.850000 3.514694
1.860000 3.228220
1.870000 2.881944
1.880000 2.731743
1.890000 2.801308
1.900000 2.445871
1.910000 1.849055
1.920000 1.116639
1.930000 0.485519
1.940000 0.148445
1.950000 0.237787
1.960000 0.522546
1.970000 0.595957
1.980000 0.825203
1.990000 1.288435
2.000000 1.984874
2.010000 2.803252
2.020000 3.408128
2.030000 3.696070
2.040000 3.806259
2.050000 3.723075
2.060000 3.521383
2.070000 3.449153
2.080000 3.551654
2.090000 3.622934
2.100000 3.833744
2.110000 3.604342
2.120000 3.083337
2.130000 2.444565
2.140000 1.711624
2.150000 1.523100
2.160000 1.425241
2.170000 1.571231
2.180000 1.916744
2.190000 2.366948
2.200000 2.597782
2.210000 2.642241
2.220000 2.650239
2.230000 2.495226
2.240000 2.279084
2.250000 2.116107
2.260000 1.963005
2.270000 1.882111
2.280000 1.810809
2.290000 1.907579
2.300000 2.212750
2.310000 2.538038
2.320000 2.889037
2.330000 3.225765
2.340000 3.543323
2.350000 3.927425
2.360000 4.340432
2.370000 4.664310
2.380000 4.997147
2.390000 5.234749
2.400000 5.091238
2.410000 4.956347
2.420000 4.923097
2.430000 4.814714
2.440000 4.680464
2.450000 4.455688
2.460000 3.886506
2.470000 3.420697
2.480000 3.049097
2.490000 2.717649
2.500000 2.455536
2.510000 2.541287
2.520000 2.525603
2.530000 2.061562
2.540000 1.138050
2.550000 0.434225
2.560000 0.102277
2.570000 0.094977
2.580000 0.298435
2.590000 0.462665
2.600000 0.736900
2.610000 1.284933
2.620000 2.005121
2.630000 2.765388
2.640000 3.091767
2.650000 3.343746
2.660000 3.622085
2.670000 3.658647
2.680000 3.525277
2.690000 3.455790
2.700000 3.310625
2.710000 3.261746
2.720000 3.259669
2.730000 3.397012
2.740000 3.130577
2.750000 2.609982
2.760000 2.242449
2.770000 1.951737
2.780000 1.713990
2.790000 1.579019
2.800000 1.761873
2.810000 2.055545
2.820000 2.408879
2.830000 2.555632
2.840000 2.635013
2.850000 2.544819
2.860000 2.272067
2.870000 2.025031
2.880000 1.873480
2.890000 1.693938
2.900000 1.759928
2.910000 1.887400
2.920000 2.246491
2.930000 2.558840
2.940000 2.952811
2.950000 3.198467
2.960000 3.562663
2.970000 3.998591
2.980000 4.501204
2.990000 4.785805
3.000000 4.992129
3.010000 4.971520
3.020000 4.772120
3.030000 4.548789
3.040000 4.599280
3.050000 4.624187
3.060000 4.551071
3.070000 4.533288
3.080000 4.016415
3.090000 3.462471
3.100000 3.007014
3.110000 2.662088
3.120000 2.311882
3.130000 2.250775
3.140000 2.461960
3.150000 2.404516
3.160000 1.432384
3.170000 0.643121
3.180000 0.271106
3.190000 0.242079
3.200000 0.028555
3.210000 0.344583
3.220000 0.646543
3.230000 1.222414
3.240000 1.911160
3.250000 2.332690
3.260000 2.655136
3.270000 2.911003
3.280000 3.246871
3.290000 3.622395
3.300000 3.438752
3.310000 3.266695
3.320000 3.056242
3.330000 2.792647
3.340000 2.625177
3.350000 2.585839
3.360000 2.662362
3.370000 2.402043
3.380000 2.264210
3.390000 2.351455
3.400000 2.056966
3.410000 1.819004
3.420000 1.879703
3.430000 1.946473
3.440000 2.191204
3.450000 2.461981
3.460000 2.604573
3.470000 2.537316
3.480000 2.401207
3.490000 2.052390
3.500000 1.785923
3.510000 1.579439
3.520000 1.519894
3.530000 1.754298
3.540000 2.103848
3.550000 2.440878
3.560000 2.798019
3.570000 3.243287
3.580000 3.544234
3.590000 4.005986
3.600000 4.426950
3.610000 4.619778
3.620000 4.779822
3.630000 4.686275
3.640000 4.433717
3.650000 4.271322
3.660000 4.208607
3.670000 4.201226
3.680000 4.152068
3.690000 4.290662
3.700000 4.029856
3.710000 3.626754
3.720000 3.017408
3.730000 2.625347
3.740000 2.274994
3.750000 2.071826
3.760000 2.094824
3.770000 2.490766
3.780000 2.072377
3.790000 1.146986
3.800000 0.583021
3.810000 0.400546
3.820000 0.290343
3.830000 0.309014
3.840000 0.591824
3.850000 1.165916
3.860000 1.690346
3.870000 1.983119
3.880000 2.155282
3.890000 2.322491
3.900000 2.676404
3.910000 2.927018
3.920000 2.991458
3.930000 2.769123
3.940000 2.738234
3.950000 2.592047
3.960000 2.413808
3.970000 2.183006
3.980000 2.063871
3.990000 2.131700
4.000000 2.193163
4.010000 2.061724
4.020000 2.265996
4.030000 2.165058
4.040000 2.051037
4.050000 1.992038
4.060000 1.975061
4.070000 2.207456
4.080000 2.365638
4.090000 2.576320
4.100000 2.376735
4.110000 2.173910
4.120000 1.832613
4.130000 1.498855
4.140000 1.345446
4.150000 1.495372
4.160000 1.844992
4.170000 2.241956
4.180000 2.550510
4.190000 3.079973
4.200000 3.504169
4.210000 3.942586
4.220000 4.280394
4.230000 4.156329
4.240000 4.102932
4.250000 4.016674
4.260000 4.003357
4.270000 3.738001
4.280000 3.597613
4.290000 3.774339
4.300000 3.749492
4.310000 3.735206
4.320000 3.832684
4.330000 3.593707
4.340000 3.267882
4.350000 2.784615
4.360000 2.328767
4.370000 1.990681
4.380000 1.885325
4.390000 2.179626
4.400000 2.657510
4.410000 1.876176
4.420000 1.077299
4.430000 0.625033
4.440000 0.511871
4.450000 0.444323
4.460000 0.662256
4.470000 1.154903
4.480000 1.541602
4.490000 1.835602
4.500000 1.916198
4.510000 2.015528
4.520000 2.124840
4.530000 2.220413
4.540000 2.374472
4.550000 2.485180
4.560000 2.331140
4.570000 2.210046
4.580000 2.127801
4.590000 1.978877
4.600000 1.776973
4.610000 1.633219
4.620000 1.724125
4.630000 1.952577
4.640000 1.863037
4.650000 1.811413
4.660000 1.952139
4.670000 2.264391
4.680000 2.100847
4.690000 2.006523
4.700000 2.021420
4.710000 2.187615
4.720000 2.306463
4.730000 2.162941
4.740000 1.967310
4.750000 1.621437
4.760000 1.280880
4.770000 1.166645
4.780000 1.390034
4.790000 1.798889
4.800000 2.200207
4.810000 2.615618
4.820000 3.314200
4.830000 3.824358
4.840000 4.126668
4.850000 3.873104
4.860000 3.819394
4.870000 3.467045
4.880000 3.165695
4.890000 3.211832
4.900000 3.217870
4.910000 3.034005
4.920000 3.113276
4.930000 3.134073
4.940000 3.400524
4.950000 3.384480
4.960000 3.307962
4.970000 2.919513
4.980000 2.713714
4.990000 2.160377
5.000000 1.853787
5.010000 1.864114
5.020000 2.277527
5.030000 2.733217
5.040000 1.810985
5.050000 1.105430
5.060000 0.696341
5.070000 0.601740
5.080000 0.642662
5.090000 1.026255
5.100000 1.421757
5.110000 1.714603
5.120000 1.792543
5.130000 1.878340
5.140000 1.948275
5.150000 1.850838
5.160000 1.747469
5.170000 1.881651
5.180000 2.085598
5.190000 2.118609
5.200000 1.925189
5.210000 1.673591
5.220000 1.364741
5.230000 1.243737
5.240000 1.333128
5.250000 1.445081
5.260000 1.577031
5.270000 1.757501
5.280000 1.518254
5.290000 1.448983
5.300000 1.853849
5.310000 2.291061
5.320000 2.182407
5.330000 1.881585
5.340000 1.882938
5.350000 1.993463
5.360000 1.940252
5.370000 1.691854
5.380000 1.549425
5.390000 1.231903
5.400000 1.053114
5.410000 1.164644
5.420000 1.575078
5.430000 2.062275
5.440000 2.506650
5.450000 3.328764
5.460000 3.947684
5.470000 3.992245
5.480000 3.744805
5.490000 3.190553
5.500000 2.541929
5.510000 2.228999
5.520000 2.239765
5.530000 2.343129
5.540000 2.286567
5.550000 2.527966
5.560000 2.531494
5.570000 2.832862
5.580000 2.980386
5.590000 2.862388
5.600000 2.676768
5.610000 2.433082
5.620000 2.223622
5.630000 1.915881
5.640000 1.870947
5.650000 2.177088
5.660000 2.644473
5.670000 1.851586
5.680000 1.241313
5.690000 0.790398
5.700000 0.664538
5.710000 0.864454
5.720000 1.294730
5.730000 1.517132
5.740000 1.746474
5.750000 1.798940
5.760000 1.887560
5.770000 1.791005
5.780000 1.741553
5.790000 1.656830
5.800000 1.720900
5.810000 1.730357
5.820000 1.826252
5.830000 1.740587
5.840000 1.415584
5.850000 1.168285
5.860000 0.986190
5.870000 0.958556
5.880000 1.083288
5.890000 1.232791
5.900000 1.402885
5.910000 1.534450
5.920000 1.197008
5.930000 1.171257
5.940000 1.631537
5.950000 2.121419
5.960000 1.974932
5.970000 1.689966
5.980000 1.640612
5.990000 1.602970
6.000000 1.627516
6.010000 1.569517
6.020000 1.351227
6.030000 1.105590
6.040000 1.026185
6.050000 1.277125
6.060000 1.761357
6.070000 2.188885
6.080000 2.982624
6.090000 3.701356
6.100000 3.949488
6.110000 3.535533
6.120000 2.708357
6.130000 1.979409
6.140000 1.514640
6.150000 1.447952
6.160000 1.559251
6.170000 1.585985
6.180000 1.734361
6.190000 2.019649
6.200000 2.292014
6.210000 2.391379
6.220000 2.484071
6.230000 2.162594
6.240000 2.102851
6.250000 2.093668
6.260000 2.137350
6.270000 1.878960
6.280000 2.003380
6.290000 2.294544
6.300000 2.090954
6.310000 1.437179
6.320000 1.006748
6.330000 0.780340
6.340000 0.966015
6.350000 1.251653
6.360000 1.509678
6.370000 1.725690
6.380000 1.792785
6.390000 1.741517
6.400000 1.509986
6.410000 1.392315
6.420000 1.483568
6.430000 1.757449
6.440000 1.823300
6.450000 1.690861
6.460000 1.588734
6.470000 1.412544
6.480000 1.062086
6.490000 0.860494
6.500000 0.745938
6.510000 0.626597
6.520000 0.723942
6.530000 0.947648
6.540000 1.081571
6.550000 1.353333
6.560000 0.990016
6.570000 0.951534
6.580000 1.220306
6.590000 1.688112
6.600000 1.828723
6.610000 1.532709
6.620000 1.424285
6.630000 1.349689
6.640000 1.446730
6.650000 1.375755
6.660000 1.214969
6.670000 1.064449
6.680000 1.026590
6.690000 1.260243
6.700000 1.735560
6.710000 2.305849
6.720000 3.143507
6.730000 3.652987
6.740000 3.376413
6.750000 2.709841
6.760000 1.826403
6.770000 1.241409
6.780000 0.969588
6.790000 0.893243
6.800000 1.002616
6.810000 1.093357
6.820000 1.395482
6.830000 1.537454
6.840000 1.966946
6.850000 1.909509
6.860000 1.876495
6.870000 1.673505
6.880000 1.766381
6.890000 1.935197
6.900000 2.117360
6.910000 1.868386
6.920000 1.924376
6.930000 2.203176
6.940000 1.773618
6.950000 1.217002
6.960000 0.892301
6.970000 0.872441
6.980000 1.153048
6.990000 1.255054
7.000000 1.485361
7.010000 1.486363
7.020000 1.542731
7.030000 1.347402
7.040000 1.286230
7.050000 1.309413
7.060000 1.489245
7.070000 1.704157
7.080000 1.701031
7.090000 1.585547
7.100000 1.408446
7.110000 1.418773
7.120000 1.232822
7.130000 0.933602
7.140000 0.622185
7.150000 0.459954
7.160000 0.528433
7.170000 0.699641
7.180000 0.776793
7.190000 0.896951
7.200000 0.803493
7.210000 0.687101
7.220000 0.865038
7.230000 1.107350
7.240000 1.461444
7.250000 1.521317
7.260000 1.216404
7.270000 1.112403
7.280000 1.224049
7.290000 1.286946
7.300000 1.211384
7.310000 1.165558
7.320000 1.128267
7.330000 1.268758
7.340000 1.626923
7.350000 2.127766
7.360000 2.772260
7.370000 3.381921
7.380000 2.764663
7.390000 2.228243
7.400000 1.444703
7.410000 0.863746
7.420000 0.713560
7.430000 0.709047
7.440000 0.781822
7.450000 0.824104
7.460000 0.932041
7.470000 1.074402
7.480000 1.414248
7.490000 1.575077
7.500000 1.441226
7.510000 1.355574
7.520000 1.442848
7.530000 1.751840
7.540000 1.910449
7.550000 1.850347
7.560000 1.799666
7.570000 1.948873
7.580000 1.683325
7.590000 1.093436
7.600000 0.898858
7.610000 0.976159
7.620000 1.042030
7.630000 1.137039
7.640000 1.000960
7.650000 1.074097
7.660000 1.092276
7.670000 1.040177
7.680000 1.009492
7.690000 1.266004
7.700000 1.580138
7.710000 1.476352
7.720000 1.436369
7.730000 1.463631
7.740000 1.482227
7.750000 1.414209
7.760000 1.407427
7.770000 1.371593
7.780000 1.090370
7.790000 0.717263
7.800000 0.388672
7.810000 0.315988
7.820000 0.514594
7.830000 0.501925
7.840000 0.625694
7.850000 0.530753
7.860000 0.378231
7.870000 0.534323
7.880000 0.759809
7.890000 1.306104
7.900000 1.333092
7.910000 1.136944
7.920000 1.011054
7.930000 1.021301
7.940000 1.138162
7.950000 1.159521
7.960000 1.105833
7.970000 1.087062
7.980000 1.320068
7.990000 1.718709
8.000000 2.133046
8.010000 2.784418
8.020000 2.547781
8.030000 2.109610
8.040000 1.488669
8.050000 0.911682
8.060000 0.499735
8.070000 0.488315
8.080000 0.691840
8.090000 0.819037
8.100000 0.643814
8.110000 0.647246
8.120000 0.746820
8.130000 1.089588
8.140000 1.240524
8.150000 1.083020
8.160000 1.095915
8.170000 1.399628
8.180000 1.583008
8.190000 1.685795
8.200000 1.728103
8.210000 1.617106
8.220000 1.571876
8.230000 1.292527
8.240000 0.862458
8.250000 0.857209
8.260000 0.908434
8.270000 0.901336
8.280000 0.725537
8.290000 0.771589
8.300000 0.890056
8.310000 0.874502
8.320000 0.848054
8.330000 1.122522
8.340000 1.236808
8.350000 1.112349
8.360000 1.142529
8.370000 1.155949
8.380000 1.298963
8.390000 1.532436
8.400000 1.540009
8.410000 1.430208
8.420000 1.297607
8.430000 1.140939
8.440000 0.968005
8.450000 0.666195
8.460000 0.251371
8.470000 0.323095
8.480000 0.374210
8.490000 0.215044
8.500000 0.341568
8.510000 0.339044
8.520000 0.371539
8.530000 0.486663
8.540000 0.513273
8.550000 1.084825
8.560000 1.276135
8.570000 1.088283
8.580000 0.851490
8.590000 0.847102
8.600000 1.148393
8.610000 1.047040
8.620000 0.929183
8.630000 1.110167
8.640000 1.488735
8.650000 1.765244
8.660000 2.364829
8.670000 2.254942
8.680000 1.782143
8.690000 1.308257
8.700000 1.014275
8.710000 0.618558
8.720000 0.459967
8.730000 0.454743
8.740000 0.747358
8.750000 0.609666
8.760000 0.477470
8.770000 0.442185
8.780000 0.602884
8.790000 0.862974
8.800000 0.645778
8.810000 0.662340
8.820000 0.927141
8.830000 1.236010
8.840000 1.443335
8.850000 1.455488
8.860000 1.508529
8.870000 1.334793
8.880000 1.101068
8.890000 0.805089
8.900000 0.857218
8.910000 0.728421
8.920000 0.683866
8.930000 0.467795
8.940000 0.521479
8.950000 0.563878
8.960000 0.616584
8.970000 0.801282
8.980000 1.050091
8.990000 0.903332
9.000000 0.906923
9.010000 0.967519
9.020000 1.014231
9.030000 1.222752
9.040000 1.401135
9.050000 1.449403
9.060000 1.475370
9.070000 1.477872
9.080000 1.287741
9.090000 1.202302
9.100000 1.002146
9.110000 0.853323
9.120000 0.759086
9.130000 0.250887
9.140000 0.289048
9.150000 0.337078
9.160000 0.345244
9.170000 0.292316
9.180000 0.371307
9.190000 0.491090
9.200000 0.416178
9.210000 0.383463
9.220000 0.742587
9.230000 1.098474
9.240000 1.118321
9.250000 0.795681
9.260000 0.941778
9.270000 1.085391
9.280000 0.932090
9.290000 1.086616
9.300000 1.362517
9.310000 1.427609
9.320000 1.784668
9.330000 1.839965
9.340000 1.628688
9.350000 1.169314
9.360000 0.823222
9.370000 0.657737
9.380000 0.329259
9.390000 0.385084
9.400000 0.548601
9.410000 0.658554
9.420000 0.498785
9.430000 0.232176
9.440000 0.304473
9.450000 0.438189
9.460000 0.331242
9.470000 0.333279
9.480000 0.545547
9.490000 0.771736
9.500000 1.107038
9.510000 1.146273
9.520000 1.203203
9.530000 1.291779
9.540000 0.932523
9.550000 0.733536
9.560000 0.592736
9.570000 0.465701
9.580000 0.434326
9.590000 0.414192
9.600000 0.480367
9.610000 0.524949
9.620000 0.597492
9.630000 0.763595
9.640000 0.853915
9.650000 0.905254
9.660000 0.934210
9.670000 1.103598
9.680000 1.046493
9.690000 1.072941
9.700000 0.939822
9.710000 0.943197
9.720000 1.112142
9.730000 1.244306
9.740000 1.376733
9.750000 1.307847
9.760000 1.295035
9.770000 1.290052
9.780000 1.210412
9.790000 1.122078
9.800000 0.931445
9.810000 0.741604
9.820000 0.734599
9.830000 0.681949
9.840000 0.940874
9.850000 0.810401
9.860000 0.565760
9.870000 0.533537
9.880000 0.473979
9.890000 0.432690
9.900000 0.569651
9.910000 0.704834
9.920000 0.797202
9.930000 0.859434
9.940000 0.831856
9.950000 1.045238
9.960000 0.895656
9.970000 1.059798
9.980000 1.282911
9.990000 1.201533
10.000000 1.323000
10.010000 0.978083
10.020000 0.974594
10.030000 0.885445
10.040000 0.476377
10.050000 0.343921
10.060000 0.586130
10.070000 0.873209
10.080000 0.914367
10.090000 0.850610
10.100000 0.620756
10.110000 0.422041
10.120000 0.231070
10.130000 0.150458
10.140000 0.105183
10.150000 0.157226
10.160000 0.374756
10.170000 0.532728
10.180000 0.787029
10.190000 0.771579
10.200000 0.883056
10.210000 0.930143
10.220000 0.741460
10.230000 0.672979
10.240000 0.473338
10.250000 0.461877
10.260000 0.511231
10.270000 0.418468
10.280000 0.371166
10.290000 0.543010
10.300000 0.469068
10.310000 0.662773
10.320000 0.696011
10.330000 0.793527
10.340000 0.799368
10.350000 0.743198
10.360000 0.851224
10.370000 0.759528
10.380000 0.635640
10.390000 0.571755
10.400000 0.512166
10.410000 0.551120
10.420000 0.620833
10.430000 0.714878
10.440000 1.014682
10.450000 1.240299
10.460000 1.353560
10.470000 1.540460
10.480000 1.760974
10.490000 1.531187
10.500000 1.363113
10.510000 1.401772
10.520000 1.499212
10.530000 1.527234
10.540000 1.238891
10.550000 1.075128
10.560000 0.978186
10.570000 0.799410
10.580000 0.560534
10.590000 0.391712
10.600000 0.448671
10.610000 0.591677
10.620000 0.599407
10.630000 0.648230
10.640000 0.688809
10.650000 0.579853
10.660000 0.723703
10.670000 0.753376
10.680000 0.936809
10.690000 0.996527
10.700000 0.893874
10.710000 0.588659
10.720000 0.305395
10.730000 0.633802
10.740000 0.308718
10.750000 0.448437
10.760000 0.578458
10.770000 0.468803
10.780000 0.380995
10.790000 0.341780
10.800000 0.488414
10.810000 0.475052
10.820000 0.281344
10.830000 0.340813
10.840000 0.309848
10.850000 0.182036
10.860000 0.370007
10.870000 0.578476
10.880000 0.334559
10.890000 0.678087
10.900000 0.630427
10.910000 1.039507
10.920000 0.867760
10.930000 0.696633
10.940000 0.386731
10.950000 0.653257
10.960000 0.465395
10.970000 0.417115
10.980000 0.360533
10.990000 0.454135
11.000000 0.509848
11.010000 0.628009
11.020000 0.674534
11.030000 0.600389
11.040000 0.766387
11.050000 0.813605
11.060000 0.845959
11.070000 0.932618
11.080000 0.951367
11.090000 0.980128
11.100000 0.940266
11.110000 1.000193
11.120000 1.125559
11.130000 1.134751
11.140000 1.036956
11.150000 1.217198
11.160000 1.480346
11.170000 1.555931
11.180000 1.483034
11.190000 1.404371
11.200000 1.543516
11.210000 1.685432
11.220000 1.645856
11.230000 1.758868
11.240000 1.953494
11.250000 2.000036
11.260000 2.250583
11.270000 2.425080
11.280000 2.498797
11.290000 2.472524
11.300000 2.227860
11.310000 1.808726
11.320000 1.475130
11.330000 1.339423
11.340000 0.959392
11.350000 0.595034
11.360000 0.489043
11.370000 0.378500
11.380000 0.530129
11.390000 0.718014
11.400000 0.703188
11.410000 0.361851
11.420000 0.100584
11.430000 0.141753
11.440000 0.337879
11.450000 0.771910
11.460000 0.520979
11.470000 0.284976
11.480000 0.262732
11.490000 0.270789
11.500000 0.418036
11.510000 0.279042
11.520000 0.341962
11.530000 0.396522
11.540000 0.510350
11.550000 0.333103
11.560000 0.169825
11.570000 0.014366
11.580000 0.461240
11.590000 0.579696
11.600000 0.521960
11.610000 0.223833
11.620000 0.055269
11.630000 0.644527
11.640000 0.555356
11.650000 0.444823
11.660000 0.678261
11.670000 0.422835
11.680000 0.490261
11.690000 0.777820
11.700000 0.369365
11.710000 0.451310
11.720000 0.520408
11.730000 0.463610
11.740000 0.605231
11.750000 0.788220
11.760000 0.730618
11.770000 0.600556
11.780000 0.686421
11.790000 0.890741
11.800000 0.884018
11.810000 0.853137
11.820000 0.838642
11.830000 0.915361
11.840000 0.963787
11.850000 0.860946
11.860000 0.713765
11.870000 0.548984
11.880000 0.405426
11.890000 0.404276
11.900000 0.434277
11.910000 0.415074
11.920000 0.364995
11.930000 0.295335
11.940000 0.350959
11.950000 0.543577
11.960000 0.694292
11.970000 1.050439
11.980000 1.424885
11.990000 1.410446
12.000000 1.493006
12.010000 1.674398
12.020000 1.710071
12.030000 1.764394
12.040000 1.826354
12.050000 1.888745
12.060000 1.809805
12.070000 1.802882
12.080000 1.758470
12.090000 1.412997
12.100000 1.337196
12.110000 1.251760
12.120000 1.207144
12.130000 0.996231
12.140000 0.775418
12.150000 0.770160
12.160000 1.088126
12.170000 1.164294
12.180000 0.991558
12.190000 0.554999
12.200000 0.304483
12.210000 0.395265
12.220000 0.574555
12.230000 0.394629
12.240000 0.136989
12.250000 0.109965
12.260000 0.421556
12.270000 0.771239
12.280000 0.525014
12.290000 0.447427
12.300000 0.253461
12.310000 0.117073
12.320000 0.135458
12.330000 0.181197
12.340000 0.499867
12.350000 0.611073
12.360000 0.420763
12.370000 0.274612
12.380000 0.189562
12.390000 0.569204
12.400000 0.715147
12.410000 0.643935
12.420000 0.325824
12.430000 0.270119
12.440000 0.297197
12.450000 0.264062
12.460000 0.067836
12.470000 0.164059
12.480000 0.293910
12.490000 0.485244
12.500000 0.288372
12.510000 0.195323
12.520000 0.207112
12.530000 0.655082
12.540000 0.399366
12.550000 0.694077
12.560000 0.688177
12.570000 0.362865
12.580000 0.295265
12.590000 0.380939
12.600000 0.283778
12.610000 0.167531
12.620000 0.213533
12.630000 0.183388
12.640000 0.298947
12.650000 0.524845
12.660000 0.530593
12.670000 0.553662
12.680000 0.588040
12.690000 0.678764
12.700000 0.871314
12.710000 1.026092
12.720000 0.979833
12.730000 0.993499
12.740000 1.119603
12.750000 1.571037
12.760000 1.753441
12.770000 1.744360
12.780000 1.843101
12.790000 1.883199
12.800000 1.785528
12.810000 1.717176
12.820000 1.728807
12.830000 1.773129
12.840000 1.578928
12.850000 1.359507
12.860000 0.981350
12.870000 0.722128
12.880000 0.719528
12.890000 0.534808
12.900000 0.334667
12.910000 0.491784
12.920000 0.682610
12.930000 0.633323
12.940000 0.660472
12.950000 0.593732
12.960000 0.397612
12.970000 0.651994
12.980000 0.695140
12.990000 0.893850
13.000000 0.981975
13.010000 0.529331
13.020000 0.307938
13.030000 0.366712
13.040000 0.225334
13.050000 0.374811
13.060000 0.505981
13.070000 0.376519
13.080000 0.234425
13.090000 0.171275
13.100000 0.166247
13.110000 0.364034
13.120000 0.418799
13.130000 0.302872
13.140000 0.347039
13.150000 0.364394
13.160000 0.279830
13.170000 0.508072
13.180000 0.352833
13.190000 0.526983
13.200000 0.635997
13.210000 0.815837
13.220000 0.913411
13.230000 0.717489
13.240000 0.437636
13.250000 0.606265
13.260000 0.457293
13.270000 0.348668
13.280000 0.333616
13.290000 0.433926
13.300000 0.408908
13.310000 0.575321
13.320000 0.540860
13.330000 0.498623
13.340000 0.715395
13.350000 0.782954
13.360000 0.912660
13.370000 0.948669
13.380000 0.816522
13.390000 0.713169
13.400000 0.732367
13.410000 0.871881
13.420000 0.915287
13.430000 0.926427
13.440000 1.065062
13.450000 1.027640
13.460000 0.933352
13.470000 1.074030
13.480000 1.259333
13.490000 1.381436
13.500000 1.585638
13.510000 1.504627
13.520000 1.488259
13.530000 1.478672
13.540000 1.494991
13.550000 1.497083
13.560000 1.657587
13.570000 1.833359
13.580000 2.045020
13.590000 2.150531
13.600000 2.367558
13.610000 2.469344
13.620000 2.236662
13.630000 2.196820
13.640000 2.367230
13.650000 1.960709
13.660000 1.490257
13.670000 1.136650
13.680000 1.030453
13.690000 0.832495
13.700000 0.631751
13.710000 0.538054
13.720000 0.564239
13.730000 0.750644
13.740000 0.611239
13.750000 0.239707
13.760000 0.189168
13.770000 0.243388
13.780000 0.408941
13.790000 0.812058
13.800000 0.522396
13.810000 0.352859
13.820000 0.347759
13.830000 0.425866
13.840000 0.435171
13.850000 0.193429
13.860000 0.317360
13.870000 0.379039
13.880000 0.290681
13.890000 0.150155
13.900000 0.267015
13.910000 0.292891
13.920000 0.411964
13.930000 0.469264
13.940000 0.326373
13.950000 0.198839
13.960000 0.225439
13.970000 0.530042
13.980000 0.472273
13.990000 0.434772
14.000000 0.443513
14.010000 0.236179
14.020000 0.693306
14.030000 0.873162
14.040000 0.471343
14.050000 0.401625
14.060000 0.376782
14.070000 0.478410
14.080000 0.671073
14.090000 0.800684
14.100000 0.780884
14.110000 0.803990
14.120000 0.857589
14.130000 0.711751
14.140000 0.759014
14.150000 0.962888
14.160000 1.208303
14.170000 1.069842
14.180000 1.037664
14.190000 1.054478
14.200000 0.995472
14.210000 0.941638
14.220000 1.050424
14.230000 0.888863
14.240000 0.734459
14.250000 0.656578
14.260000 0.603354
14.270000 0.608222
14.280000 0.757491
14.290000 0.775626
14.300000 0.712043
14.310000 0.731852
14.320000 0.844415
14.330000 0.836062
14.340000 1.200675
14.350000 1.286722
14.360000 1.126225
14.370000 0.787220
14.380000 0.781648
14.390000 0.868423
14.400000 0.950673
14.410000 0.879775
14.420000 0.656018
14.430000 0.482319
14.440000 0.447551
14.450000 0.301299
14.460000 0.214321
14.470000 0.581085
14.480000 0.552203
14.490000 0.150693
14.500000 0.348943
14.510000 0.332691
14.520000 0.340262
14.530000 0.247809
14.540000 0.198388
14.550000 0.468023
14.560000 0.476542
14.570000 0.173531
14.580000 0.086451
14.590000 0.545179
14.600000 0.779828
14.610000 0.496229
14.620000 0.518895
14.630000 0.273669
14.640000 0.217197
14.650000 0.374603
14.660000 0.380935
14.670000 0.277607
14.680000 0.326943
14.690000 0.436141
14.700000 0.138845
14.710000 0.218191
14.720000 0.104285
14.730000 0.203877
14.740000 0.288924
14.750000 0.570683
14.760000 0.186030
14.770000 0.202022
14.780000 0.244119
14.790000 0.642286
14.800000 0.676171
14.810000 0.595335
14.820000 0.567528
14.830000 0.450336
14.840000 0.192448
14.850000 0.174754
14.860000 0.189896
14.870000 0.237529
14.880000 0.384782
14.890000 0.485286
14.900000 0.559992
14.910000 0.613858
14.920000 0.655353
14.930000 0.720495
14.940000 0.628653
14.950000 0.571955
14.960000 0.558403
14.970000 0.568562
14.980000 0.641426
14.990000 0.695571
15.000000 0.736263
15.010000 0.816043
15.020000 0.851471
15.030000 0.903938
15.040000 0.997908
15.050000 1.209357
15.060000 1.461272
15.070000 1.645040
15.080000 1.617303
15.090000 1.586694
15.100000 1.464966
15.110000 1.327471
15.120000 1.098129
15.130000 0.847778
15.140000 0.883897
15.150000 0.975628
15.160000 1.042310
15.170000 1.153309
15.180000 1.243723
15.190000 1.320794
15.200000 1.368608
15.210000 1.541642
15.220000 1.817255
15.230000 1.869550
15.240000 1.755603
15.250000 1.812634
15.260000 1.854344
15.270000 1.840493
15.280000 1.702560
15.290000 1.433099
15.300000 1.087572
15.310000 0.710841
15.320000 0.500528
15.330000 0.434013
15.340000 0.344423
15.350000 0.656396
15.360000 0.456602
15.370000 0.177627
15.380000 0.229787
15.390000 0.294076
15.400000 0.321010
15.410000 0.468941
15.420000 0.503939
15.430000 0.574109
15.440000 0.476873
15.450000 0.418419
15.460000 0.301774
15.470000 0.490726
15.480000 0.471564
15.490000 0.320915
15.500000 0.526986
15.510000 0.390465
15.520000 0.268008
15.530000 0.212423
15.540000 0.161404
15.550000 0.085884
15.560000 0.121972
15.570000 0.421932
15.580000 0.356334
15.590000 0.483380
15.600000 0.145855
15.610000 0.337190
15.620000 0.197668
15.630000 0.271048
15.640000 0.483054
15.650000 0.511594
15.660000 0.381844
15.670000 0.239549
15.680000 0.356936
15.690000 0.341324
15.700000 0.383262
15.710000 0.742160
15.720000 0.733472
15.730000 0.958875
15.740000 1.087819
15.750000 0.996292
15.760000 1.072601
15.770000 0.747942
15.780000 0.568825
15.790000 0.607830
15.800000 0.660457
15.810000 0.845151
15.820000 1.062507
15.830000 1.096325
15.840000 1.279681
15.850000 1.453089
15.860000 1.515553
15.870000 1.527888
15.880000 1.540230
15.890000 1.559346
15.900000 1.449780
15.910000 1.134714
15.920000 0.983789
15.930000 0.827062
15.940000 0.725874
15.950000 0.676764
15.960000 0.684569
15.970000 0.757894
15.980000 0.507090
15.990000 0.610501
16.000000 0.889560
16.010000 0.956904
16.020000 0.911814
16.030000 0.680092
16.040000 0.387249
16.050000 0.447625
16.060000 0.471821
16.070000 0.354574
16.080000 0.249695
16.090000 0.587611
16.100000 0.811410
16.110000 0.743842
16.120000 0.323621
16.130000 0.211454
16.140000 0.137735
16.150000 0.243552
16.160000 0.097683
16.170000 0.093631
16.180000 0.191206
16.190000 0.302992
16.200000 0.586918
16.210000 0.664765
16.220000 0.389068
16.230000 0.380542
16.240000 0.473796
16.250000 0.390118
16.260000 0.103824
16.270000 0.077874
16.280000 0.338928
16.290000 0.317456
16.300000 0.369626
16.310000 0.283668
16.320000 0.278580
16.330000 0.420236
16.340000 0.989037
16.350000 0.957201
16.360000 0.722805
16.370000 0.293665
16.380000 0.271722
16.390000 0.164483
16.400000 0.225138
16.410000 0.189228
16.420000 0.420563
16.430000 0.479653
16.440000 0.572854
16.450000 0.428468
16.460000 0.378936
16.470000 0.302190
16.480000 0.134218
16.490000 0.160684
16.500000 0.303083
16.510000 0.649535
16.520000 0.839971
16.530000 1.027921
16.540000 1.069929
16.550000 1.084013
16.560000 1.086877
16.570000 1.092205
16.580000 1.188420
16.590000 1.233011
16.600000 1.093714
16.610000 1.056787
16.620000 1.067986
16.630000 1.305570
16.640000 1.215966
16.650000 1.094012
16.660000 1.146301
16.670000 1.039604
16.680000 0.847664
16.690000 0.832134
16.700000 0.711904
16.710000 0.641438
16.720000 0.552132
16.730000 0.346992
16.740000 0.368131
16.750000 0.394626
16.760000 0.503857
16.770000 0.434906
16.780000 0.188413
16.790000 0.486403
16.800000 0.386359
16.810000 0.322334
16.820000 0.231209
16.830000 0.187174
16.840000 0.491257
16.850000 0.588553
16.860000 0.323359
16.870000 0.079575
16.880000 0.387807
16.890000 0.715756
16.900000 0.332855
16.910000 0.338483
16.920000 0.575014
16.930000 0.474698
16.940000 0.396102
16.950000 0.121638
16.960000 0.354742
16.970000 0.296464
16.980000 0.402600
16.990000 0.336779
17.000000 0.243641
17.010000 0.056380
17.020000 0.167706
17.030000 0.317849
17.040000 0.460520
17.050000 0.063272
17.060000 0.181788
17.070000 0.314324
17.080000 0.670782
17.090000 0.741018
17.100000 0.654974
17.110000 0.469295
17.120000 0.302443
17.130000 0.289298
17.140000 0.145384
17.150000 0.238197
17.160000 0.360004
17.170000 0.422466
17.180000 0.469195
17.190000 0.592549
17.200000 0.697677
17.210000 0.739142
17.220000 0.753522
17.230000 0.755562
17.240000 0.677043
17.250000 0.523549
17.260000 0.415709
17.270000 0.318810
17.280000 0.396049
17.290000 0.555709
17.300000 0.738482
17.310000 0.734942
17.320000 0.685276
17.330000 0.673880
17.340000 0.667464
17.350000 0.779967
17.360000 1.044516
17.370000 1.307172
17.380000 1.624680
17.390000 1.813468
17.400000 1.736433
17.410000 1.682571
17.420000 1.719427
17.430000 1.748231
17.440000 1.880832
17.450000 2.005363
17.460000 2.165858
17.470000 2.343501
17.480000 2.549584
17.490000 2.797949
17.500000 3.072577
17.510000 3.419086
17.520000 3.585133
17.530000 3.730618
17.540000 3.915251
17.550000 4.042531
17.560000 4.185503
17.570000 4.461207
17.580000 4.856807
17.590000 5.285326
17.600000 5.639677
17.610000 5.927147
17.620000 5.953238
17.630000 5.689435
17.640000 5.318971
17.650000 4.864345
17.660000 4.143787
17.670000 3.523905
17.680000 3.184824
17.690000 2.700800
17.700000 2.491299
17.710000 2.406598
17.720000 1.889545
17.730000 1.692232
17.740000 1.477126
17.750000 1.357670
17.760000 1.069699
17.770000 0.946335
17.780000 1.374909
17.790000 1.346768
17.800000 1.031799
17.810000 0.866890
17.820000 0.587758
17.830000 0.439554
17.840000 0.293166
17.850000 0.187390
17.860000 0.701710
17.870000 0.831388
17.880000 0.595731
17.890000 0.823642
17.900000 1.009063
17.910000 1.102511
17.920000 1.179945
17.930000 1.348986
17.940000 1.732057
17.950000 1.539515
17.960000 1.862237
17.970000 2.374216
17.980000 2.491468
17.990000 2.172028
18.000000 1.847182
18.010000 1.200626
18.020000 0.906520
18.030000 0.910115
18.040000 0.628264
18.050000 0.813134
18.060000 0.626339
18.070000 0.432343
18.080000 0.596448
18.090000 0.754229
18.100000 0.779681
18.110000 0.452089
18.120000 0.446451
18.130000 0.774282
18.140000 0.804073
18.150000 0.553330
18.160000 0.345249
18.170000 0.472826
18.180000 0.690988
18.190000 0.600222
18.200000 0.611142
18.210000 0.561377
18.220000 0.506771
18.230000 0.418846
18.240000 0.748127
18.250000 1.038264
18.260000 1.201800
18.270000 1.043262
18.280000 0.924088
18.290000 0.814975
18.300000 0.512393
18.310000 0.319024
18.320000 0.307834
18.330000 0.357594
18.340000 0.305035
18.350000 0.455035
18.360000 0.577067
18.370000 0.659892
18.380000 0.476303
18.390000 0.606600
18.400000 0.857079
18.410000 1.318861
18.420000 1.429356
18.430000 1.154590
18.440000 1.049704
18.450000 1.116950
18.460000 1.220039
18.470000 1.201313
18.480000 1.157077
18.490000 1.118438
18.500000 1.296044
18.510000 1.640983
18.520000 2.134314
18.530000 2.696800
18.540000 2.817230
18.550000 2.298419
18.560000 1.731657
18.570000 1.098924
18.580000 0.589084
18.590000 0.559919
18.600000 0.663108
18.610000 0.809588
18.620000 0.735232
18.630000 0.742706
18.640000 0.838828
18.650000 1.182491
18.660000 1.365852
18.670000 1.205232
18.680000 1.132862
18.690000 1.417834
18.700000 1.642450
18.710000 1.744498
18.720000 1.778685
18.730000 1.673682
18.740000 1.684710
18.750000 1.471077
18.760000 0.965703
18.770000 0.832962
18.780000 0.965569
18.790000 0.887587
18.800000 0.855934
18.810000 0.785185
18.820000 0.927795
18.830000 0.921748
18.840000 0.853889
18.850000 1.009169
18.860000 1.418389
18.870000 1.251443
18.880000 1.225916
18.890000 1.232026
18.900000 1.320793
18.910000 1.454661
18.920000 1.509979
18.930000 1.403623
18.940000 1.369676
18.950000 1.241381
18.960000 0.957369
18.970000 0.564322
18.980000 0.320394
18.990000 0.300258
19.000000 0.355439
19.010000 0.215411
19.020000 0.472226
19.030000 0.324370
19.040000 0.408828
19.050000 0.516911
19.060000 0.744410
19.070000 1.220822
19.080000 1.268382
19.090000 1.030966
19.100000 0.861377
19.110000 0.869295
19.120000 1.147635
19.130000 1.058861
19.140000 0.904693
19.150000 1.133111
19.160000 1.514024
19.170000 1.866367
19.180000 2.458222
19.190000 2.348591
19.200000 1.890450
19.210000 1.381067
19.220000 0.999008
19.230000 0.536423
19.240000 0.453108
19.250000 0.516975
19.260000 0.794097
19.270000 0.600915
19.280000 0.502926
19.290000 0.472563
19.300000 0.741349
19.310000 0.930178
19.320000 0.851959
19.330000 0.740633
19.340000 1.095592
19.350000 1.354145
19.360000 1.510176
19.370000 1.543682
19.380000 1.547471
19.390000 1.411619
19.400000 1.161359
19.410000 0.836693
19.420000 0.868021
19.430000 0.803021
19.440000 0.788414
19.450000 0.553572
19.460000 0.585745
19.470000 0.668290
19.480000 0.711071
19.490000 0.781406
19.500000 1.138858
19.510000 0.982661
19.520000 0.908051
19.530000 0.970692
19.540000 1.022727
19.550000 1.147158
19.560000 1.458480
19.570000 1.544142
19.580000 1.599012
19.590000 1.451674
19.600000 1.320074
19.610000 1.094042
19.620000 0.944129
19.630000 0.839239
19.640000 0.439765
19.650000 0.251529
19.660000 0.427748
19.670000 0.308263
19.680000 0.233360
19.690000 0.334121
19.700000 0.420967
19.710000 0.477401
19.720000 0.343236
19.730000 0.722670
19.740000 0.993916
19.750000 1.181172
19.760000 0.884452
19.770000 0.832442
19.780000 1.110450
19.790000 1.001066
19.800000 0.960890
19.810000 1.183836
19.820000 1.486202
19.830000 1.565265
19.840000 2.051774
19.850000 1.885502
19.860000 1.634013
19.870000 1.087547
19.880000 0.836140
19.890000 0.625182
19.900000 0.341950
19.910000 0.421128
19.920000 0.680326
19.930000 0.642435
19.940000 0.354214
19.950000 0.284666
19.960000 0.436663
19.970000 0.545704
19.980000 0.302667
19.990000 0.530145
