0.000000 0.680111
0.010000 0.688791
0.020000 0.698670
0.030000 0.709847
0.040000 0.722047
0.050000 0.735536
0.060000 0.750196
0.070000 0.766020
0.080000 0.783164
0.090000 0.801342
0.100000 0.820673
0.110000 0.841193
0.120000 0.862970
0.130000 0.880727
0.140000 0.899475
0.150000 0.919322
0.160000 0.935767
0.170000 0.949239
0.180000 0.963912
0.190000 0.979630
0.200000 0.976997
0.210000 0.974491
0.220000 0.972249
0.230000 0.970301
0.240000 0.968447
0.250000 0.967121
0.260000 0.966992
0.270000 0.971727
0.280000 0.976662
0.290000 0.981975
0.300000 0.987404
0.310000 0.993166
0.320000 0.999371
0.330000 1.005673
0.340000 1.012384
0.350000 1.019265
0.360000 1.026542
0.370000 1.034076
0.380000 1.041788
0.390000 1.049810
0.400000 1.058156
0.410000 1.066352
0.420000 1.074910
0.430000 1.083453
0.440000 1.092516
0.450000 1.099819
0.460000 1.078326
0.470000 1.056578
0.480000 1.028967
0.490000 1.000882
0.500000 0.972427
0.510000 0.943770
0.520000 0.914611
0.530000 0.885339
0.540000 0.855755
0.550000 0.791324
0.560000 0.717922
0.570000 0.694572
0.580000 0.665568
0.590000 0.637760
0.600000 0.607298
0.610000 0.571153
0.620000 0.567473
0.630000 0.639798
0.640000 0.705101
0.650000 0.744498
0.660000 0.772528
0.670000 0.809755
0.680000 0.831307
0.690000 0.821339
0.700000 0.799586
0.710000 0.778058
0.720000 0.759593
0.730000 0.747653
0.740000 0.722085
0.750000 0.652265
0.760000 0.572644
0.770000 0.573240
0.780000 0.595434
0.790000 0.624721
0.800000 0.673348
0.810000 0.714091
0.820000 0.710611
0.830000 0.705617
0.840000 0.702648
0.850000 0.701117
0.860000 0.717826
0.870000 0.817425
0.880000 0.925800
0.890000 0.949624
0.900000 0.967370
0.910000 0.947508
0.920000 0.930469
0.930000 0.913908
0.940000 0.883782
0.950000 0.821966
0.960000 0.746441
0.970000 0.749742
0.980000 0.786905
0.990000 0.817645
1.000000 0.847123
1.010000 0.816886
1.020000 0.771753
1.030000 0.737318
1.040000 0.702599
1.050000 0.653111
1.060000 0.590662
1.070000 0.510052
1.080000 0.546325
1.090000 0.585725
1.100000 0.627427
1.110000 0.671353
1.120000 0.716811
1.130000 0.768837
1.140000 0.817311
1.150000 0.816205
1.160000 0.755467
1.170000 0.653084
1.180000 0.549447
1.190000 0.442877
1.200000 0.353292
1.210000 0.257199
1.220000 0.188794
1.230000 0.155032
1.240000 0.135226
1.250000 0.107077
1.260000 0.124459
1.270000 0.206479
1.280000 0.169742
1.290000 0.112212
1.300000 0.087706
1.310000 0.127350
1.320000 0.167719
1.330000 0.148085
1.340000 0.200002
1.350000 0.244438
1.360000 0.283347
1.370000 0.372234
1.380000 0.464976
1.390000 0.542802
1.400000 0.599484
1.410000 0.533331
1.420000 0.449039
1.430000 0.386598
1.440000 0.333852
1.450000 0.285137
1.460000 0.240197
1.470000 0.266215
1.480000 0.351751
1.490000 0.428060
1.500000 0.471060
1.510000 0.489086
1.520000 0.517734
1.530000 0.594610
1.540000 0.653478
1.550000 0.653085
1.560000 0.649439
1.570000 0.570529
1.580000 0.493922
1.590000 0.451415
1.600000 0.448371
1.610000 0.449190
1.620000 0.405808
1.630000 0.354333
1.640000 0.311008
1.650000 0.226703
1.660000 0.158395
1.670000 0.195887
1.680000 0.214655
1.690000 0.211819
1.700000 0.213047
1.710000 0.211417
1.720000 0.230415
1.730000 0.241418
1.740000 0.266431
1.750000 0.313333
1.760000 0.362992
1.770000 0.429869
1.780000 0.475512
1.790000 0.492740
1.800000 0.489914
1.810000 0.444228
1.820000 0.419512
1.830000 0.388305
1.840000 0.318436
1.850000 0.257954
1.860000 0.200356
1.870000 0.183402
1.880000 0.291917
1.890000 0.412605
1.900000 0.474048
1.910000 0.472627
1.920000 0.474128
1.930000 0.472768
1.940000 0.509134
1.950000 0.536051
1.960000 0.508268
1.970000 0.532600
1.980000 0.608426
1.990000 0.715216
2.000000 0.782934
2.010000 0.795233
2.020000 0.814804
2.030000 0.800620
2.040000 0.658163
2.050000 0.561857
2.060000 0.489350
2.070000 0.417873
2.080000 0.345714
2.090000 0.298248
2.100000 0.298178
2.110000 0.289696
2.120000 0.252852
2.130000 0.206139
2.140000 0.186030
2.150000 0.160002
2.160000 0.157771
2.170000 0.166555
2.180000 0.201599
2.190000 0.237925
2.200000 0.235395
2.210000 0.247235
2.220000 0.264907
2.230000 0.286684
2.240000 0.311372
2.250000 0.316678
2.260000 0.285089
2.270000 0.257464
2.280000 0.271825
2.290000 0.326796
2.300000 0.355825
2.310000 0.363095
2.320000 0.371563
2.330000 0.381025
2.340000 0.397456
2.350000 0.423571
2.360000 0.434936
2.370000 0.431715
2.380000 0.431640
2.390000 0.409903
2.400000 0.380239
2.410000 0.354086
2.420000 0.333105
2.430000 0.319670
2.440000 0.320119
2.450000 0.342564
2.460000 0.391143
2.470000 0.449994
2.480000 0.468445
2.490000 0.466819
2.500000 0.412984
2.510000 0.368999
2.520000 0.337711
2.530000 0.322800
2.540000 0.316749
2.550000 0.305081
2.560000 0.296133
2.570000 0.292975
2.580000 0.292890
2.590000 0.298675
2.600000 0.307620
2.610000 0.314444
2.620000 0.319087
2.630000 0.318156
2.640000 0.317690
2.650000 0.324082
2.660000 0.336474
2.670000 0.353901
2.680000 0.346766
2.690000 0.341971
2.700000 0.338860
2.710000 0.335707
2.720000 0.327835
2.730000 0.325934
2.740000 0.323936
2.750000 0.321900
2.760000 0.319885
2.770000 0.317705
2.780000 0.315334
2.790000 0.315998
2.800000 0.317750
2.810000 0.319392
2.820000 0.320996
2.830000 0.329385
2.840000 0.315585
2.850000 0.304307
2.860000 0.295017
2.870000 0.280660
2.880000 0.254087
2.890000 0.219420
2.900000 0.186467
2.910000 0.158737
2.920000 0.138730
2.930000 0.129369
2.940000 0.132521
2.950000 0.148956
2.960000 0.179666
2.970000 0.217778
2.980000 0.259301
2.990000 0.285166
3.000000 0.314283
3.010000 0.345568
3.020000 0.385118
3.030000 0.449194
3.040000 0.518780
3.050000 0.587442
3.060000 0.655924
3.070000 0.745871
3.080000 0.810750
3.090000 0.869567
3.100000 0.925574
3.110000 0.981948
3.120000 1.036934
3.130000 1.090336
3.140000 1.142005
3.150000 1.191794
3.160000 1.247657
3.170000 1.313197
3.180000 1.376713
3.190000 1.450097
3.200000 1.524653
3.210000 1.580397
3.220000 1.590189
3.230000 1.597485
3.240000 1.602521
3.250000 1.605176
3.260000 1.602780
3.270000 1.596035
3.280000 1.580041
3.290000 1.560551
3.300000 1.539104
3.310000 1.515595
3.320000 1.485023
3.330000 1.439098
3.340000 1.386977
3.350000 1.337862
3.360000 1.287814
3.370000 1.234340
3.380000 1.209162
3.390000 1.192982
3.400000 1.174557
3.410000 1.148894
3.420000 1.122093
3.430000 1.107178
3.440000 1.091815
3.450000 1.075925
3.460000 1.059354
3.470000 1.045525
3.480000 1.030819
3.490000 1.015044
3.500000 0.989360
3.510000 0.922754
3.520000 0.850460
3.530000 0.778666
3.540000 0.706588
3.550000 0.644652
3.560000 0.589367
3.570000 0.541523
3.580000 0.511778
3.590000 0.492430
3.600000 0.482557
3.610000 0.483118
3.620000 0.544260
3.630000 0.531188
3.640000 0.517357
3.650000 0.503535
3.660000 0.489828
3.670000 0.478493
3.680000 0.469340
3.690000 0.463322
3.700000 0.458604
3.710000 0.455120
3.720000 0.454752
3.730000 0.453829
3.740000 0.451756
3.750000 0.448423
3.760000 0.422688
3.770000 0.412315
3.780000 0.426692
3.790000 0.484571
3.800000 0.565743
3.810000 0.651105
3.820000 0.717498
3.830000 0.750096
3.840000 0.777269
3.850000 0.804298
3.860000 0.818141
3.870000 0.824497
3.880000 0.831668
3.890000 0.839734
3.900000 0.853789
3.910000 0.890498
3.920000 0.931582
3.930000 0.966557
3.940000 0.969007
3.950000 0.947532
3.960000 0.948482
3.970000 0.950801
3.980000 0.931448
3.990000 0.907963
4.000000 0.888464
4.010000 0.880721
4.020000 0.863119
4.030000 0.827634
4.040000 0.778909
4.050000 0.727641
4.060000 0.654619
4.070000 0.593284
4.080000 0.541273
4.090000 0.515135
4.100000 0.492998
4.110000 0.439047
4.120000 0.392595
4.130000 0.356255
4.140000 0.334096
4.150000 0.327181
4.160000 0.332584
4.170000 0.345450
4.180000 0.334104
4.190000 0.312264
4.200000 0.277915
4.210000 0.264907
4.220000 0.281371
4.230000 0.327463
4.240000 0.394114
4.250000 0.473424
4.260000 0.492495
4.270000 0.447294
4.280000 0.388619
4.290000 0.296723
4.300000 0.227534
4.310000 0.175929
4.320000 0.114152
4.330000 0.098691
4.340000 0.125218
4.350000 0.166014
4.360000 0.216744
4.370000 0.210361
4.380000 0.191585
4.390000 0.137864
4.400000 0.085185
4.410000 0.077298
4.420000 0.048256
4.430000 0.062847
4.440000 0.069005
4.450000 0.060327
4.460000 0.060811
4.470000 0.093644
4.480000 0.144904
4.490000 0.176293
4.500000 0.186365
4.510000 0.212473
4.520000 0.211952
4.530000 0.212970
4.540000 0.244808
4.550000 0.311090
4.560000 0.322664
4.570000 0.285870
4.580000 0.219408
4.590000 0.195099
4.600000 0.187594
4.610000 0.105269
4.620000 0.105231
4.630000 0.132045
4.640000 0.117837
4.650000 0.189271
4.660000 0.240364
4.670000 0.336350
4.680000 0.418238
4.690000 0.344458
4.700000 0.299438
4.710000 0.303429
4.720000 0.311229
4.730000 0.294692
4.740000 0.350533
4.750000 0.379280
4.760000 0.337207
4.770000 0.264247
4.780000 0.237623
4.790000 0.260721
4.800000 0.280509
4.810000 0.287966
4.820000 0.301244
4.830000 0.298948
4.840000 0.312599
4.850000 0.358432
4.860000 0.372860
4.870000 0.352254
4.880000 0.290957
4.890000 0.247458
4.900000 0.243525
4.910000 0.244307
4.920000 0.228307
4.930000 0.213534
4.940000 0.210641
4.950000 0.205493
4.960000 0.205481
4.970000 0.268150
4.980000 0.321807
4.990000 0.324924
5.000000 0.265947
5.010000 0.191491
5.020000 0.192820
5.030000 0.247095
5.040000 0.322684
5.050000 0.423021
5.060000 0.534315
5.070000 0.562009
5.080000 0.475809
5.090000 0.404966
5.100000 0.522241
5.110000 0.660584
5.120000 0.742273
5.130000 0.814863
5.140000 0.906411
5.150000 1.002729
5.160000 0.960808
5.170000 0.923660
5.180000 0.821389
5.190000 0.699550
5.200000 0.612478
5.210000 0.677232
5.220000 0.732148
5.230000 0.738364
5.240000 0.745774
5.250000 0.754208
5.260000 0.763766
5.270000 0.774362
5.280000 0.786033
5.290000 0.769799
5.300000 0.731859
5.310000 0.644223
5.320000 0.568955
5.330000 0.525963
5.340000 0.522896
5.350000 0.552602
5.360000 0.569098
5.370000 0.564729
5.380000 0.570166
5.390000 0.570978
5.400000 0.483825
5.410000 0.339915
5.420000 0.260439
5.430000 0.183423
5.440000 0.121396
5.450000 0.075783
5.460000 0.036594
5.470000 0.028899
5.480000 0.064854
5.490000 0.106833
5.500000 0.149785
5.510000 0.193516
5.520000 0.217503
5.530000 0.236985
5.540000 0.261399
5.550000 0.301487
5.560000 0.346178
5.570000 0.390622
5.580000 0.423589
5.590000 0.411948
5.600000 0.392680
5.610000 0.379914
5.620000 0.370270
5.630000 0.377617
5.640000 0.422136
5.650000 0.483937
5.660000 0.560423
5.670000 0.652620
5.680000 0.764257
5.690000 0.888677
5.700000 0.851766
5.710000 0.791925
5.720000 0.718627
5.730000 0.638048
5.740000 0.558695
5.750000 0.480599
5.760000 0.403625
5.770000 0.353739
5.780000 0.345596
5.790000 0.341767
5.800000 0.342269
5.810000 0.340883
5.820000 0.332601
5.830000 0.329667
5.840000 0.327195
5.850000 0.324870
5.860000 0.322624
5.870000 0.320698
5.880000 0.318857
5.890000 0.317484
5.900000 0.316118
5.910000 0.314690
5.920000 0.312069
5.930000 0.309677
5.940000 0.307354
5.950000 0.305264
5.960000 0.303369
5.970000 0.301528
5.980000 0.299828
5.990000 0.298284
6.000000 0.296974
6.010000 0.295645
6.020000 0.294527
6.030000 0.293571
6.040000 0.292717
6.050000 0.291963
6.060000 0.291319
6.070000 0.292623
6.080000 0.301153
6.090000 0.306378
6.100000 0.303233
6.110000 0.278252
6.120000 0.254637
6.130000 0.234105
6.140000 0.245642
6.150000 0.264264
6.160000 0.282356
6.170000 0.299902
6.180000 0.316944
6.190000 0.333282
6.200000 0.334103
6.210000 0.333021
6.220000 0.332256
6.230000 0.331995
6.240000 0.332114
6.250000 0.332542
6.260000 0.333305
6.270000 0.334497
6.280000 0.336011
6.290000 0.337786
6.300000 0.338868
6.310000 0.336081
6.320000 0.334213
6.330000 0.332738
6.340000 0.328684
6.350000 0.324273
6.360000 0.320230
6.370000 0.316575
6.380000 0.313287
6.390000 0.310324
6.400000 0.307837
6.410000 0.305583
6.420000 0.303701
6.430000 0.302419
6.440000 0.304378
6.450000 0.306551
6.460000 0.308756
6.470000 0.311064
6.480000 0.313580
6.490000 0.317519
6.500000 0.322634
6.510000 0.328042
6.520000 0.333702
6.530000 0.339632
6.540000 0.345934
6.550000 0.352400
6.560000 0.359219
6.570000 0.366411
6.580000 0.373815
6.590000 0.381542
6.600000 0.389518
6.610000 0.392755
6.620000 0.386628
6.630000 0.380345
6.640000 0.367496
6.650000 0.352002
6.660000 0.337044
6.670000 0.323044
6.680000 0.316845
6.690000 0.310950
6.700000 0.305305
6.710000 0.300108
6.720000 0.295432
6.730000 0.291521
6.740000 0.288529
6.750000 0.286637
6.760000 0.286015
6.770000 0.286751
6.780000 0.288516
6.790000 0.291370
6.800000 0.295366
6.810000 0.300618
6.820000 0.307169
6.830000 0.315015
6.840000 0.223828
6.850000 0.202881
6.860000 0.217956
6.870000 0.219978
6.880000 0.216770
6.890000 0.214079
6.900000 0.211465
6.910000 0.184148
6.920000 0.157867
6.930000 0.139358
6.940000 0.131809
6.950000 0.120274
6.960000 0.096326
6.970000 0.094693
6.980000 0.099508
6.990000 0.111694
7.000000 0.105765
7.010000 0.203046
7.020000 0.330876
7.030000 0.466239
7.040000 0.574545
7.050000 0.612361
7.060000 0.651201
7.070000 0.703967
7.080000 0.772644
7.090000 0.837256
7.100000 0.895520
7.110000 0.948484
7.120000 0.998799
7.130000 1.055638
7.140000 1.076406
7.150000 1.059561
7.160000 1.041809
7.170000 1.023968
7.180000 1.005906
7.190000 0.976809
7.200000 0.942866
7.210000 0.908554
7.220000 0.851141
7.230000 0.791309
7.240000 0.723752
7.250000 0.584000
7.260000 0.439294
7.270000 0.332470
7.280000 0.251723
7.290000 0.211746
7.300000 0.225232
7.310000 0.217523
7.320000 0.167012
7.330000 0.141218
7.340000 0.131568
7.350000 0.123263
7.360000 0.107403
7.370000 0.110415
7.380000 0.130963
7.390000 0.173248
7.400000 0.232227
7.410000 0.214922
7.420000 0.205305
7.430000 0.191838
7.440000 0.191417
7.450000 0.190999
7.460000 0.193717
7.470000 0.185694
7.480000 0.179380
7.490000 0.174568
7.500000 0.187038
7.510000 0.250274
7.520000 0.353372
7.530000 0.451080
7.540000 0.447300
7.550000 0.507420
7.560000 0.562219
7.570000 0.590398
7.580000 0.568661
7.590000 0.507975
7.600000 0.473893
7.610000 0.543853
7.620000 0.660524
7.630000 0.793491
7.640000 0.792420
7.650000 0.731126
7.660000 0.629291
7.670000 0.558378
7.680000 0.494926
7.690000 0.459141
7.700000 0.461563
7.710000 0.445910
7.720000 0.454966
7.730000 0.399972
7.740000 0.350253
7.750000 0.307523
7.760000 0.293804
7.770000 0.322341
7.780000 0.371135
7.790000 0.414646
7.800000 0.379270
7.810000 0.327820
7.820000 0.270278
7.830000 0.237680
7.840000 0.200833
7.850000 0.150699
7.860000 0.153618
7.870000 0.236902
7.880000 0.259480
7.890000 0.270554
7.900000 0.291358
7.910000 0.287985
7.920000 0.269446
7.930000 0.302504
7.940000 0.362273
7.950000 0.483529
7.960000 0.544230
7.970000 0.549856
7.980000 0.454179
7.990000 0.286549
8.000000 0.179376
8.010000 0.104303
8.020000 0.060748
8.030000 0.048186
8.040000 0.076621
8.050000 0.141868
8.060000 0.247918
8.070000 0.270323
8.080000 0.291930
8.090000 0.324753
8.100000 0.366116
8.110000 0.334489
8.120000 0.350839
8.130000 0.363579
8.140000 0.353264
8.150000 0.398877
8.160000 0.361521
8.170000 0.221095
8.180000 0.153538
8.190000 0.110945
8.200000 0.168308
8.210000 0.219051
8.220000 0.265752
8.230000 0.325410
8.240000 0.387381
8.250000 0.477029
8.260000 0.589679
8.270000 0.638090
8.280000 0.566781
8.290000 0.550932
8.300000 0.605506
8.310000 0.681970
8.320000 0.697421
8.330000 0.649044
8.340000 0.602040
8.350000 0.567127
8.360000 0.547113
8.370000 0.547147
8.380000 0.507749
8.390000 0.453131
8.400000 0.372378
8.410000 0.272623
8.420000 0.232172
8.430000 0.256203
8.440000 0.263413
8.450000 0.279851
8.460000 0.274250
8.470000 0.324008
8.480000 0.419292
8.490000 0.513758
8.500000 0.462729
8.510000 0.388178
8.520000 0.307604
8.530000 0.255174
8.540000 0.234965
8.550000 0.267760
8.560000 0.275019
8.570000 0.183293
8.580000 0.183994
8.590000 0.229114
8.600000 0.257006
8.610000 0.279955
8.620000 0.299304
8.630000 0.310249
8.640000 0.304901
8.650000 0.310134
8.660000 0.314672
8.670000 0.339494
8.680000 0.346911
8.690000 0.291412
8.700000 0.219802
8.710000 0.148895
8.720000 0.107255
8.730000 0.132588
8.740000 0.174880
8.750000 0.218368
8.760000 0.238081
8.770000 0.253155
8.780000 0.264526
8.790000 0.272207
8.800000 0.276203
8.810000 0.276483
8.820000 0.306920
8.830000 0.323047
8.840000 0.374060
8.850000 0.392176
8.860000 0.396961
8.870000 0.417768
8.880000 0.435931
8.890000 0.450989
8.900000 0.467033
8.910000 0.493216
8.920000 0.516079
8.930000 0.535635
8.940000 0.563310
8.950000 0.622163
8.960000 0.662662
8.970000 0.652099
8.980000 0.628812
8.990000 0.588169
9.000000 0.539787
9.010000 0.493471
9.020000 0.462612
9.030000 0.430589
9.040000 0.421684
9.050000 0.434878
9.060000 0.471142
9.070000 0.490128
9.080000 0.515359
9.090000 0.543693
9.100000 0.553187
9.110000 0.554183
9.120000 0.554174
9.130000 0.559527
9.140000 0.557645
9.150000 0.540714
9.160000 0.527981
9.170000 0.526494
9.180000 0.545335
9.190000 0.521644
9.200000 0.455992
9.210000 0.389912
9.220000 0.339368
9.230000 0.299731
9.240000 0.270587
9.250000 0.259382
9.260000 0.252643
9.270000 0.250049
9.280000 0.251089
9.290000 0.254186
9.300000 0.256314
9.310000 0.263969
9.320000 0.276531
9.330000 0.294210
9.340000 0.303503
9.350000 0.299718
9.360000 0.304997
9.370000 0.318212
9.380000 0.321273
9.390000 0.307561
9.400000 0.299412
9.410000 0.304575
9.420000 0.314966
9.430000 0.323033
9.440000 0.305198
9.450000 0.284681
9.460000 0.252257
9.470000 0.253362
9.480000 0.249688
9.490000 0.256646
9.500000 0.276544
9.510000 0.304871
9.520000 0.345358
9.530000 0.384476
9.540000 0.351396
9.550000 0.304740
9.560000 0.260596
9.570000 0.219264
9.580000 0.204152
9.590000 0.176044
9.600000 0.152637
9.610000 0.138322
9.620000 0.131645
9.630000 0.136229
9.640000 0.150189
9.650000 0.169106
9.660000 0.186801
9.670000 0.200422
9.680000 0.216382
9.690000 0.228308
9.700000 0.233970
9.710000 0.196115
9.720000 0.148918
9.730000 0.082862
9.740000 0.062901
9.750000 0.118002
9.760000 0.127808
9.770000 0.138700
9.780000 0.148094
9.790000 0.203919
9.800000 0.272316
9.810000 0.333297
9.820000 0.392409
9.830000 0.461965
9.840000 0.529022
9.850000 0.602870
9.860000 0.689395
9.870000 0.765095
9.880000 0.823217
9.890000 0.823747
9.900000 0.855624
9.910000 0.828051
9.920000 0.797427
9.930000 0.745772
9.940000 0.670767
9.950000 0.596165
9.960000 0.522450
9.970000 0.487531
9.980000 0.468235
9.990000 0.446548
10.000000 0.451074
10.010000 0.431509
10.020000 0.435834
10.030000 0.443862
10.040000 0.445763
10.050000 0.440283
10.060000 0.432621
10.070000 0.426259
10.080000 0.417090
10.090000 0.414172
10.100000 0.429531
10.110000 0.445265
10.120000 0.461878
10.130000 0.482492
10.140000 0.444214
10.150000 0.492633
10.160000 0.572196
10.170000 0.621332
10.180000 0.621402
10.190000 0.568998
10.200000 0.499206
10.210000 0.380794
10.220000 0.305807
10.230000 0.338179
10.240000 0.490616
10.250000 0.697047
10.260000 0.897610
10.270000 0.983533
10.280000 1.014311
10.290000 1.030365
10.300000 0.959829
10.310000 0.823105
10.320000 0.708028
10.330000 0.598871
10.340000 0.505600
10.350000 0.443924
10.360000 0.455174
10.370000 0.500637
10.380000 0.560405
10.390000 0.651464
10.400000 0.705876
10.410000 0.717264
10.420000 0.691824
10.430000 0.592226
10.440000 0.436151
10.450000 0.255336
10.460000 0.174870
10.470000 0.350303
10.480000 0.519106
10.490000 0.642031
10.500000 0.714909
10.510000 0.787287
10.520000 0.841494
10.530000 0.867435
10.540000 0.880076
10.550000 0.846984
10.560000 0.838334
10.570000 0.937679
10.580000 1.016225
10.590000 1.044728
10.600000 1.023626
10.610000 0.962794
10.620000 0.859109
10.630000 0.716077
10.640000 0.582178
10.650000 0.571580
10.660000 0.605224
10.670000 0.639307
10.680000 0.756666
10.690000 0.861883
10.700000 0.887613
10.710000 0.918228
10.720000 0.919235
10.730000 0.836031
10.740000 0.679644
10.750000 0.587306
10.760000 0.532694
10.770000 0.477042
10.780000 0.470640
10.790000 0.511983
10.800000 0.603201
10.810000 0.654682
10.820000 0.652250
10.830000 0.565057
10.840000 0.372385
10.850000 0.298576
10.860000 0.178308
10.870000 0.126602
10.880000 0.100935
10.890000 0.127960
10.900000 0.228580
10.910000 0.309241
10.920000 0.392001
10.930000 0.406330
10.940000 0.402061
10.950000 0.351339
10.960000 0.386509
10.970000 0.430783
10.980000 0.471576
10.990000 0.503519
11.000000 0.511690
11.010000 0.504047
11.020000 0.400859
11.030000 0.275921
11.040000 0.230342
11.050000 0.185186
11.060000 0.147330
11.070000 0.152999
11.080000 0.134836
11.090000 0.112832
11.100000 0.093921
11.110000 0.064017
11.120000 0.045409
11.130000 0.028831
11.140000 0.082042
11.150000 0.245761
11.160000 0.200085
11.170000 0.115114
11.180000 0.096880
11.190000 0.239716
11.200000 0.237434
11.210000 0.114675
11.220000 0.079755
11.230000 0.117936
11.240000 0.192978
11.250000 0.245486
11.260000 0.241722
11.270000 0.231991
11.280000 0.211875
11.290000 0.182605
11.300000 0.189902
11.310000 0.260597
11.320000 0.317133
11.330000 0.358088
11.340000 0.402830
11.350000 0.356658
11.360000 0.273549
11.370000 0.268675
11.380000 0.277271
11.390000 0.308521
11.400000 0.353193
11.410000 0.418508
11.420000 0.498460
11.430000 0.504790
11.440000 0.493674
11.450000 0.456312
11.460000 0.379540
11.470000 0.322267
11.480000 0.315936
11.490000 0.383100
11.500000 0.303975
11.510000 0.268378
11.520000 0.274447
11.530000 0.306061
11.540000 0.362758
11.550000 0.442997
11.560000 0.476144
11.570000 0.512114
11.580000 0.564480
11.590000 0.522289
11.600000 0.445583
11.610000 0.364843
11.620000 0.286667
11.630000 0.188212
11.640000 0.083746
11.650000 0.048436
11.660000 0.068526
11.670000 0.114915
11.680000 0.166651
11.690000 0.202261
11.700000 0.185660
11.710000 0.174883
11.720000 0.167130
11.730000 0.182091
11.740000 0.209742
11.750000 0.253612
11.760000 0.306399
11.770000 0.328763
11.780000 0.316342
11.790000 0.307763
11.800000 0.289103
11.810000 0.270681
11.820000 0.255488
11.830000 0.244294
11.840000 0.231489
11.850000 0.227355
11.860000 0.226586
11.870000 0.229131
11.880000 0.256524
11.890000 0.306246
11.900000 0.319652
11.910000 0.365395
11.920000 0.416633
11.930000 0.465344
11.940000 0.515779
11.950000 0.567239
11.960000 0.563425
11.970000 0.557175
11.980000 0.557331
11.990000 0.557081
12.000000 0.551566
12.010000 0.543117
12.020000 0.519284
12.030000 0.488508
12.040000 0.455101
12.050000 0.415386
12.060000 0.376598
12.070000 0.338456
12.080000 0.303269
12.090000 0.273918
12.100000 0.245595
12.110000 0.229724
12.120000 0.223669
12.130000 0.218184
12.140000 0.213383
12.150000 0.209379
12.160000 0.206283
12.170000 0.203839
12.180000 0.202086
12.190000 0.201292
12.200000 0.201469
12.210000 0.203459
12.220000 0.220176
12.230000 0.242530
12.240000 0.267783
12.250000 0.288822
12.260000 0.311179
12.270000 0.323591
12.280000 0.333230
12.290000 0.343291
12.300000 0.353761
12.310000 0.365281
12.320000 0.366585
12.330000 0.366393
12.340000 0.366926
12.350000 0.368130
12.360000 0.369936
12.370000 0.371772
12.380000 0.374385
12.390000 0.377364
12.400000 0.376787
12.410000 0.384548
12.420000 0.390377
12.430000 0.389985
12.440000 0.386135
12.450000 0.382145
12.460000 0.378125
12.470000 0.374658
12.480000 0.370987
12.490000 0.367356
12.500000 0.364321
12.510000 0.367681
12.520000 0.370926
12.530000 0.374610
12.540000 0.379429
12.550000 0.382837
12.560000 0.392575
12.570000 0.402335
12.580000 0.410991
12.590000 0.418714
12.600000 0.425687
12.610000 0.431631
12.620000 0.442669
12.630000 0.454359
12.640000 0.463706
12.650000 0.467955
12.660000 0.471808
12.670000 0.475373
12.680000 0.478894
12.690000 0.482296
12.700000 0.485427
12.710000 0.488298
12.720000 0.489218
12.730000 0.481083
12.740000 0.471564
12.750000 0.462090
12.760000 0.452741
12.770000 0.443564
12.780000 0.439961
12.790000 0.442235
12.800000 0.442837
12.810000 0.436920
12.820000 0.431564
12.830000 0.426735
12.840000 0.423772
12.850000 0.423203
12.860000 0.421299
12.870000 0.414157
12.880000 0.407149
12.890000 0.406086
12.900000 0.407712
12.910000 0.409009
12.920000 0.410647
12.930000 0.410604
12.940000 0.410526
12.950000 0.410590
12.960000 0.404351
12.970000 0.398686
12.980000 0.395720
12.990000 0.391468
13.000000 0.379943
13.010000 0.369268
13.020000 0.357587
13.030000 0.332580
13.040000 0.234420
13.050000 0.159598
13.060000 0.133303
13.070000 0.109634
13.080000 0.091985
13.090000 0.085883
13.100000 0.093027
13.110000 0.108053
13.120000 0.127623
13.130000 0.152939
13.140000 0.180250
13.150000 0.209373
13.160000 0.230538
13.170000 0.238753
13.180000 0.251537
13.190000 0.261458
13.200000 0.266891
13.210000 0.283205
13.220000 0.319555
13.230000 0.358817
13.240000 0.409284
13.250000 0.455643
13.260000 0.478960
13.270000 0.502125
13.280000 0.511492
13.290000 0.545909
13.300000 0.486857
13.310000 0.417455
13.320000 0.357240
13.330000 0.304381
13.340000 0.271439
13.350000 0.238818
13.360000 0.212153
13.370000 0.190584
13.380000 0.175340
13.390000 0.147730
13.400000 0.122977
13.410000 0.120673
13.420000 0.132349
13.430000 0.151783
13.440000 0.179652
13.450000 0.220823
13.460000 0.286783
13.470000 0.299417
13.480000 0.318284
13.490000 0.286247
13.500000 0.272540
13.510000 0.256004
13.520000 0.245345
13.530000 0.251787
13.540000 0.260872
13.550000 0.248646
13.560000 0.264970
13.570000 0.280839
13.580000 0.138531
13.590000 0.080402
13.600000 0.141368
13.610000 0.250699
13.620000 0.368014
13.630000 0.488062
13.640000 0.609482
13.650000 0.652791
13.660000 0.654131
13.670000 0.599379
13.680000 0.501920
13.690000 0.403065
13.700000 0.235971
13.710000 0.114654
13.720000 0.129760
13.730000 0.158610
13.740000 0.166775
13.750000 0.205897
13.760000 0.260856
13.770000 0.289698
13.780000 0.271807
13.790000 0.178305
13.800000 0.128344
13.810000 0.128223
13.820000 0.151256
13.830000 0.112342
13.840000 0.181007
13.850000 0.221408
13.860000 0.283872
13.870000 0.465507
13.880000 0.410547
13.890000 0.239168
13.900000 0.111803
13.910000 0.134414
13.920000 0.110725
13.930000 0.061190
13.940000 0.075874
13.950000 0.170478
13.960000 0.258182
13.970000 0.353178
13.980000 0.320101
13.990000 0.322103
14.000000 0.322059
14.010000 0.310512
14.020000 0.343295
14.030000 0.383059
14.040000 0.485134
14.050000 0.567204
14.060000 0.664993
14.070000 0.691724
14.080000 0.726118
14.090000 0.680563
14.100000 0.624972
14.110000 0.598574
14.120000 0.591498
14.130000 0.570584
14.140000 0.551813
14.150000 0.577778
14.160000 0.585711
14.170000 0.484905
14.180000 0.456143
14.190000 0.499786
14.200000 0.549280
14.210000 0.637028
14.220000 0.695303
14.230000 0.647932
14.240000 0.538414
14.250000 0.450278
14.260000 0.417140
14.270000 0.418201
14.280000 0.444624
14.290000 0.533600
14.300000 0.675202
14.310000 0.636487
14.320000 0.586106
14.330000 0.541315
14.340000 0.450611
14.350000 0.313643
14.360000 0.275657
14.370000 0.320080
14.380000 0.367034
14.390000 0.407157
14.400000 0.462070
14.410000 0.461744
14.420000 0.466356
14.430000 0.473947
14.440000 0.477488
14.450000 0.470845
14.460000 0.469512
14.470000 0.500784
14.480000 0.520982
14.490000 0.506082
14.500000 0.459491
14.510000 0.424146
14.520000 0.469929
14.530000 0.438741
14.540000 0.386414
14.550000 0.355254
14.560000 0.363754
14.570000 0.386103
14.580000 0.376927
14.590000 0.311604
14.600000 0.283593
14.610000 0.301332
14.620000 0.334616
14.630000 0.377135
14.640000 0.460168
14.650000 0.507470
14.660000 0.479260
14.670000 0.430670
14.680000 0.407666
14.690000 0.360541
14.700000 0.367765
14.710000 0.489469
14.720000 0.556197
14.730000 0.585774
14.740000 0.610689
14.750000 0.628558
14.760000 0.634858
14.770000 0.696290
14.780000 0.758176
14.790000 0.742042
14.800000 0.756974
14.810000 0.701810
14.820000 0.659783
14.830000 0.599195
14.840000 0.603067
14.850000 0.637223
14.860000 0.715019
14.870000 0.661541
14.880000 0.494850
14.890000 0.379278
14.900000 0.327807
14.910000 0.320478
14.920000 0.301475
14.930000 0.298133
14.940000 0.315362
14.950000 0.320983
14.960000 0.324222
14.970000 0.299742
14.980000 0.300454
14.990000 0.310230
15.000000 0.326655
15.010000 0.345348
15.020000 0.367806
15.030000 0.399669
15.040000 0.373198
15.050000 0.349275
15.060000 0.344110
15.070000 0.369667
15.080000 0.410772
15.090000 0.463928
15.100000 0.528477
15.110000 0.507199
15.120000 0.455141
15.130000 0.390154
15.140000 0.384410
15.150000 0.301147
15.160000 0.217624
15.170000 0.186427
15.180000 0.159775
15.190000 0.160921
15.200000 0.265331
15.210000 0.410367
15.220000 0.453878
15.230000 0.496584
15.240000 0.481851
15.250000 0.417913
15.260000 0.302319
15.270000 0.267068
15.280000 0.259781
15.290000 0.249480
15.300000 0.256136
15.310000 0.260574
15.320000 0.241128
15.330000 0.246396
15.340000 0.245686
15.350000 0.251521
15.360000 0.276524
15.370000 0.330602
15.380000 0.385315
15.390000 0.420724
15.400000 0.514049
15.410000 0.572906
15.420000 0.687736
15.430000 0.793266
15.440000 0.808216
15.450000 0.716640
15.460000 0.618882
15.470000 0.474102
15.480000 0.321089
15.490000 0.159042
15.500000 0.333720
15.510000 0.607974
15.520000 0.892382
15.530000 1.059494
15.540000 1.113175
15.550000 1.080925
15.560000 1.109092
15.570000 1.133509
15.580000 1.175968
15.590000 1.170231
15.600000 1.125372
15.610000 0.890966
15.620000 0.737545
15.630000 0.799060
15.640000 0.849837
15.650000 0.979564
15.660000 1.055697
15.670000 1.007730
15.680000 0.915549
15.690000 0.847840
15.700000 0.895042
15.710000 1.034304
15.720000 1.179534
15.730000 1.298450
15.740000 1.271483
15.750000 1.134586
15.760000 1.044519
15.770000 1.047724
15.780000 1.011526
15.790000 1.076444
15.800000 1.022623
15.810000 0.855858
15.820000 0.636004
15.830000 0.489111
15.840000 0.400165
15.850000 0.397385
15.860000 0.392568
15.870000 0.575067
15.880000 0.655106
15.890000 0.844936
15.900000 0.961025
15.910000 0.980575
15.920000 1.019641
15.930000 1.161833
15.940000 1.041656
15.950000 0.738644
15.960000 0.651199
15.970000 0.533037
15.980000 0.344018
15.990000 0.436146
16.000000 0.257212
16.010000 0.243263
16.020000 0.346849
16.030000 0.321300
16.040000 0.252623
16.050000 0.324836
16.060000 0.229440
16.070000 0.194930
16.080000 0.200186
16.090000 0.144577
16.100000 0.141256
16.110000 0.208179
16.120000 0.268554
16.130000 0.212515
16.140000 0.212228
16.150000 0.232248
16.160000 0.224659
16.170000 0.187841
16.180000 0.170463
16.190000 0.152340
16.200000 0.244156
16.210000 0.306990
16.220000 0.261089
16.230000 0.219713
16.240000 0.241557
16.250000 0.252786
16.260000 0.166966
16.270000 0.197168
16.280000 0.275452
16.290000 0.258118
16.300000 0.200750
16.310000 0.300697
16.320000 0.237578
16.330000 0.318944
16.340000 0.457675
16.350000 0.440645
16.360000 0.366878
16.370000 0.324629
16.380000 0.339972
16.390000 0.348478
16.400000 0.306810
16.410000 0.277377
16.420000 0.294496
16.430000 0.522980
16.440000 0.773918
16.450000 0.744772
16.460000 0.627367
16.470000 0.552680
16.480000 0.584837
16.490000 0.606723
16.500000 0.601003
16.510000 0.761200
16.520000 0.922031
16.530000 1.013451
16.540000 1.105384
16.550000 1.305551
16.560000 1.463439
16.570000 1.698257
16.580000 1.823347
16.590000 1.834391
16.600000 1.888623
16.610000 1.858475
16.620000 1.828156
16.630000 1.775954
16.640000 1.688525
16.650000 1.581777
16.660000 1.516895
16.670000 1.356755
16.680000 1.205902
16.690000 1.068391
16.700000 0.904530
16.710000 0.762238
16.720000 0.682287
16.730000 0.627555
16.740000 0.597793
16.750000 0.592251
16.760000 0.665065
16.770000 0.723918
16.780000 0.676490
16.790000 0.541660
16.800000 0.427991
16.810000 0.337909
16.820000 0.274547
16.830000 0.240112
16.840000 0.232352
16.850000 0.242336
16.860000 0.260341
16.870000 0.301405
16.880000 0.355988
16.890000 0.409332
16.900000 0.458167
16.910000 0.495379
16.920000 0.525247
16.930000 0.549312
16.940000 0.568580
16.950000 0.591567
16.960000 0.611080
16.970000 0.626343
16.980000 0.638321
16.990000 0.647410
17.000000 0.653648
17.010000 0.657821
17.020000 0.660108
17.030000 0.660597
17.040000 0.660036
17.050000 0.658228
17.060000 0.645992
17.070000 0.623341
17.080000 0.601391
17.090000 0.579771
17.100000 0.558935
17.110000 0.539045
17.120000 0.520232
17.130000 0.502420
17.140000 0.485803
17.150000 0.470464
17.160000 0.456404
17.170000 0.443499
17.180000 0.432041
17.190000 0.421950
17.200000 0.412924
17.210000 0.405144
17.220000 0.398638
17.230000 0.393116
17.240000 0.388614
17.250000 0.385170
17.260000 0.393227
17.270000 0.403505
17.280000 0.413175
17.290000 0.422406
17.300000 0.431061
17.310000 0.439060
17.320000 0.446382
17.330000 0.452920
17.340000 0.458790
17.350000 0.463879
17.360000 0.468306
17.370000 0.474295
17.380000 0.480897
17.390000 0.486774
17.400000 0.491918
17.410000 0.496551
17.420000 0.500523
17.430000 0.503761
17.440000 0.506364
17.450000 0.508352
17.460000 0.519224
17.470000 0.539448
17.480000 0.558701
17.490000 0.577810
17.500000 0.598490
17.510000 0.620409
17.520000 0.643723
17.530000 0.668408
17.540000 0.694625
17.550000 0.722313
17.560000 0.751180
17.570000 0.781426
17.580000 0.809904
17.590000 0.839599
17.600000 0.856740
17.610000 0.867559
17.620000 0.878477
17.630000 0.889731
17.640000 0.901353
17.650000 0.913211
17.660000 0.925449
17.670000 0.938101
17.680000 0.949490
17.690000 0.961011
17.700000 0.972812
17.710000 0.983996
17.720000 0.995267
17.730000 1.007004
17.740000 1.018834
17.750000 1.030929
17.760000 1.043247
17.770000 1.055832
17.780000 1.068887
17.790000 1.082321
17.800000 1.095884
17.810000 1.114733
17.820000 1.134833
17.830000 1.137578
17.840000 1.124587
17.850000 1.111361
17.860000 1.096069
17.870000 1.078327
17.880000 1.031904
17.890000 1.014844
17.900000 1.008594
17.910000 1.002303
17.920000 0.996082
17.930000 0.967745
17.940000 0.934695
17.950000 0.892991
17.960000 0.862920
17.970000 0.845886
17.980000 0.831501
17.990000 0.886413
18.000000 0.920791
18.010000 0.904000
18.020000 0.886252
18.030000 0.868754
18.040000 0.853967
18.050000 0.842892
18.060000 0.821359
18.070000 0.771486
18.080000 0.736801
18.090000 0.739323
18.100000 0.742490
18.110000 0.746243
18.120000 0.750927
18.130000 0.756074
18.140000 0.783515
18.150000 0.854375
18.160000 0.914958
18.170000 0.965193
18.180000 0.994795
18.190000 0.990069
18.200000 0.960688
18.210000 0.931069
18.220000 0.905073
18.230000 0.887728
18.240000 0.876838
18.250000 0.845446
18.260000 0.814840
18.270000 0.785063
18.280000 0.831442
18.290000 0.900125
18.300000 0.931764
18.310000 0.960674
18.320000 0.989906
18.330000 0.974221
18.340000 0.959772
18.350000 0.962262
18.360000 0.976637
18.370000 0.989106
18.380000 0.952252
18.390000 0.899625
18.400000 0.818469
18.410000 0.726137
18.420000 0.607604
18.430000 0.496722
18.440000 0.393769
18.450000 0.310787
18.460000 0.273509
18.470000 0.273980
18.480000 0.276787
18.490000 0.302368
18.500000 0.326576
18.510000 0.369772
18.520000 0.425000
18.530000 0.475913
18.540000 0.405962
18.550000 0.324181
18.560000 0.308142
18.570000 0.378536
18.580000 0.413979
18.590000 0.457274
18.600000 0.504052
18.610000 0.553916
18.620000 0.569987
18.630000 0.623893
18.640000 0.692048
18.650000 0.768896
18.660000 0.806468
18.670000 0.833463
18.680000 0.863957
18.690000 0.888573
18.700000 0.910230
18.710000 0.830841
18.720000 0.766894
18.730000 0.664686
18.740000 0.541759
18.750000 0.446718
18.760000 0.395921
18.770000 0.452957
18.780000 0.532856
18.790000 0.526090
18.800000 0.537645
18.810000 0.598155
18.820000 0.648805
18.830000 0.716259
18.840000 0.767550
18.850000 0.841459
18.860000 0.869096
18.870000 0.872881
18.880000 0.856041
18.890000 0.836434
18.900000 0.835487
18.910000 0.825517
18.920000 0.751977
18.930000 0.694057
18.940000 0.643644
18.950000 0.600868
18.960000 0.559230
18.970000 0.498508
18.980000 0.421122
18.990000 0.340408
19.000000 0.295668
19.010000 0.307009
19.020000 0.332132
19.030000 0.367436
19.040000 0.399175
19.050000 0.444690
19.060000 0.458500
19.070000 0.456550
19.080000 0.467291
19.090000 0.444277
19.100000 0.427490
19.110000 0.418641
19.120000 0.437334
19.130000 0.448703
19.140000 0.453624
19.150000 0.452033
19.160000 0.436455
19.170000 0.445785
19.180000 0.453967
19.190000 0.424808
19.200000 0.396835
19.210000 0.343662
19.220000 0.299444
19.230000 0.243565
19.240000 0.190322
19.250000 0.182479
19.260000 0.220834
19.270000 0.291911
19.280000 0.356729
19.290000 0.378900
19.300000 0.392474
19.310000 0.442028
19.320000 0.500332
19.330000 0.563720
19.340000 0.572782
19.350000 0.599263
19.360000 0.599016
19.370000 0.633629
19.380000 0.708944
19.390000 0.774845
19.400000 0.843163
19.410000 0.893305
19.420000 0.834126
19.430000 0.785560
19.440000 0.781666
19.450000 0.774222
19.460000 0.729015
19.470000 0.693736
19.480000 0.662887
19.490000 0.646454
19.500000 0.642837
19.510000 0.596094
19.520000 0.528335
19.530000 0.441524
19.540000 0.376923
19.550000 0.342230
19.560000 0.311661
19.570000 0.292361
19.580000 0.286799
19.590000 0.291669
19.600000 0.298188
19.610000 0.308222
19.620000 0.321983
19.630000 0.336104
19.640000 0.341641
19.650000 0.345912
19.660000 0.360240
19.670000 0.380413
19.680000 0.388536
19.690000 0.387435
19.700000 0.405865
19.710000 0.434377
19.720000 0.461551
19.730000 0.485084
19.740000 0.510376
19.750000 0.539043
19.760000 0.535016
19.770000 0.532185
19.780000 0.530357
19.790000 0.529624
19.800000 0.525315
19.810000 0.518278
19.820000 0.505182
19.830000 0.487412
19.840000 0.477702
19.850000 0.475095
19.860000 0.475063
19.870000 0.481386
19.880000 0.493094
19.890000 0.496397
19.900000 0.507597
19.910000 0.526284
19.920000 0.554153
19.930000 0.599230
19.940000 0.646400
19.950000 0.690927
19.960000 0.691586
19.970000 0.689128
19.980000 0.686881
19.990000 0.685096
