0.000000 21.445520
0.010000 20.892574
0.020000 22.146608
0.030000 24.715981
0.040000 27.290096
0.050000 28.814453
0.060000 29.721022
0.070000 29.253002
0.080000 28.475687
0.090000 28.203762
0.100000 25.464907
0.110000 22.318687
0.120000 19.932913
0.130000 18.274235
0.140000 17.185722
0.150000 16.304476
0.160000 15.331586
0.170000 14.330585
0.180000 13.258439
0.190000 12.310582
0.200000 11.380057
0.210000 10.458762
0.220000 9.765526
0.230000 9.206923
0.240000 8.954387
0.250000 9.131793
0.260000 10.663898
0.270000 12.557618
0.280000 12.157509
0.290000 11.010210
0.300000 9.835552
0.310000 9.156773
0.320000 8.585245
0.330000 8.377669
0.340000 7.502917
0.350000 6.625880
0.360000 7.297937
0.370000 7.680901
0.380000 5.826547
0.390000 4.862060
0.400000 4.810817
0.410000 5.362318
0.420000 5.659959
0.430000 5.636098
0.440000 5.210472
0.450000 4.439849
0.460000 3.951807
0.470000 3.646745
0.480000 3.465240
0.490000 3.340748
0.500000 3.538842
0.510000 3.902689
0.520000 4.430409
0.530000 5.066667
0.540000 5.782907
0.550000 6.951717
0.560000 8.690198
0.570000 11.775619
0.580000 14.652902
0.590000 17.578804
0.600000 20.574879
0.610000 21.138399
0.620000 20.072628
0.630000 18.138199
0.640000 18.286657
0.650000 20.049814
0.660000 23.167959
0.670000 25.987846
0.680000 27.209049
0.690000 28.061331
0.700000 27.073181
0.710000 27.669025
0.720000 25.079805
0.730000 21.641087
0.740000 19.095001
0.750000 17.476934
0.760000 16.308252
0.770000 15.777514
0.780000 14.799873
0.790000 13.497025
0.800000 12.443378
0.810000 11.558813
0.820000 10.737608
0.830000 10.304265
0.840000 9.677737
0.850000 8.981806
0.860000 8.162290
0.870000 7.669258
0.880000 7.951848
0.890000 8.768140
0.900000 11.115219
0.910000 10.327153
0.920000 9.366177
0.930000 8.716944
0.940000 8.006057
0.950000 7.602152
0.960000 7.216437
0.970000 6.208437
0.980000 6.087113
0.990000 7.299541
1.000000 6.299767
1.010000 5.136023
1.020000 5.225700
1.030000 5.387722
1.040000 5.682034
1.050000 5.890696
1.060000 5.424221
1.070000 4.714275
1.080000 4.111460
1.090000 3.632934
1.100000 3.456028
1.110000 3.252237
1.120000 3.117155
1.130000 3.200619
1.140000 3.522585
1.150000 4.174095
1.160000 4.852598
1.170000 5.574947
1.180000 6.752222
1.190000 8.713020
1.200000 11.702707
1.210000 14.577757
1.220000 17.536659
1.230000 20.039820
1.240000 18.888000
1.250000 17.312248
1.260000 15.155634
1.270000 15.795180
1.280000 18.133072
1.290000 21.506289
1.300000 24.403791
1.310000 25.662539
1.320000 26.253283
1.330000 26.613417
1.340000 25.649292
1.350000 21.808680
1.360000 18.746086
1.370000 16.871389
1.380000 15.594736
1.390000 15.201600
1.400000 14.466318
1.410000 12.914893
1.420000 11.865488
1.430000 11.109360
1.440000 10.232486
1.450000 9.658925
1.460000 9.058196
1.470000 8.653086
1.480000 8.337231
1.490000 7.511261
1.500000 6.530870
1.510000 6.541762
1.520000 6.841117
1.530000 9.439386
1.540000 8.930655
1.550000 8.268583
1.560000 7.698143
1.570000 7.112996
1.580000 6.757794
1.590000 6.423399
1.600000 5.208241
1.610000 6.131942
1.620000 6.765903
1.630000 5.201277
1.640000 5.447768
1.650000 5.531729
1.660000 5.974313
1.670000 6.122695
1.680000 5.454261
1.690000 4.845056
1.700000 4.421057
1.710000 3.891512
1.720000 3.450142
1.730000 3.263916
1.740000 3.073493
1.750000 2.750319
1.760000 2.751476
1.770000 2.972114
1.780000 3.649404
1.790000 4.234006
1.800000 4.807088
1.810000 5.958199
1.820000 7.913800
1.830000 10.848595
1.840000 14.255254
1.850000 17.249002
1.860000 18.033247
1.870000 16.597219
1.880000 14.780214
1.890000 12.831161
1.900000 13.495028
1.910000 15.965913
1.920000 19.579115
1.930000 22.691771
1.940000 24.631927
1.950000 25.822687
1.960000 26.155457
1.970000 22.863997
1.980000 19.235846
1.990000 16.651070
2.000000 15.103144
2.010000 14.624781
2.020000 13.482709
2.030000 12.486218
2.040000 11.623537
2.050000 10.868036
2.060000 9.793591
2.070000 8.990082
2.080000 8.445513
2.090000 7.822491
2.100000 7.506131
2.110000 7.179800
2.120000 6.921719
2.130000 5.870116
2.140000 5.067282
2.150000 5.325209
2.160000 7.050750
2.170000 7.894488
2.180000 7.496460
2.190000 6.955601
2.200000 6.404855
2.210000 6.341191
2.220000 5.433256
2.230000 4.257965
2.240000 6.023934
2.250000 5.770020
2.260000 5.007085
2.270000 5.626402
2.280000 5.726727
2.290000 6.114044
2.300000 5.845093
2.310000 5.189469
2.320000 4.552761
2.330000 4.281124
2.340000 3.822213
2.350000 3.349881
2.360000 3.036890
2.370000 2.580876
2.380000 2.285846
2.390000 2.238656
2.400000 2.411448
2.410000 2.770607
2.420000 3.231127
2.430000 3.660351
2.440000 4.638187
2.450000 6.505085
2.460000 9.279959
2.470000 12.656027
2.480000 15.196087
2.490000 15.813297
2.500000 14.190766
2.510000 12.414906
2.520000 10.665891
2.530000 10.924164
2.540000 13.763004
2.550000 17.128971
2.560000 20.746721
2.570000 23.533260
2.580000 25.542906
2.590000 24.444681
2.600000 20.967266
2.610000 17.513588
2.620000 15.096669
2.630000 13.788256
2.640000 12.936057
2.650000 11.981901
2.660000 11.660889
2.670000 11.082633
2.680000 9.655556
2.690000 8.482649
2.700000 8.042459
2.710000 7.694163
2.720000 7.316127
2.730000 6.446987
2.740000 5.984720
2.750000 5.567556
2.760000 5.306458
2.770000 4.261222
2.780000 3.514633
2.790000 4.440011
2.800000 7.208818
2.810000 7.037334
2.820000 6.537787
2.830000 6.105676
2.840000 5.889424
2.850000 4.781121
2.860000 3.436422
2.870000 5.536439
2.880000 5.124281
2.890000 4.982840
2.900000 5.317977
2.910000 5.694145
2.920000 5.676132
2.930000 5.510625
2.940000 5.113056
2.950000 4.623340
2.960000 4.152907
2.970000 3.676973
2.980000 3.307072
2.990000 2.579176
3.000000 2.051080
3.010000 1.790952
3.020000 1.685373
3.030000 1.761403
3.040000 2.147810
3.050000 2.440966
3.060000 2.972640
3.070000 3.685174
3.080000 5.065395
3.090000 7.260841
3.100000 9.292715
3.110000 11.854133
3.120000 13.039101
3.130000 11.593476
3.140000 10.450678
3.150000 8.603798
3.160000 7.478013
3.170000 10.309825
3.180000 13.574611
3.190000 18.191252
3.200000 21.506922
3.210000 25.317690
3.220000 23.707855
3.230000 19.771088
3.240000 16.660904
3.250000 14.023746
3.260000 12.231761
3.270000 11.524058
3.280000 11.356344
3.290000 10.977795
3.300000 9.972713
3.310000 8.723963
3.320000 7.371368
3.330000 6.640066
3.340000 6.207354
3.350000 5.898229
3.360000 5.553699
3.370000 5.554534
3.380000 4.477623
3.390000 4.026169
3.400000 3.849162
3.410000 2.927358
3.420000 2.076954
3.430000 4.672259
3.440000 6.738652
3.450000 6.435639
3.460000 6.075044
3.470000 5.660380
3.480000 4.657977
3.490000 2.584303
3.500000 4.394384
3.510000 4.705799
3.520000 4.715009
3.530000 4.801964
3.540000 5.091878
3.550000 5.279058
3.560000 5.360146
3.570000 5.202687
3.580000 4.846305
3.590000 4.221924
3.600000 3.528656
3.610000 3.008506
3.620000 2.126560
3.630000 1.565728
3.640000 1.465729
3.650000 1.381299
3.660000 1.462906
3.670000 1.720782
3.680000 1.987846
3.690000 2.363471
3.700000 2.754735
3.710000 3.477692
3.720000 4.844286
3.730000 6.519514
3.740000 8.444396
3.750000 10.725459
3.760000 9.711224
3.770000 8.319815
3.780000 7.160922
3.790000 5.657834
3.800000 6.147138
3.810000 9.530937
3.820000 13.233990
3.830000 18.066942
3.840000 22.765537
3.850000 24.421425
3.860000 19.882526
3.870000 16.762451
3.880000 13.266218
3.890000 10.687875
3.900000 10.908221
3.910000 10.794422
3.920000 10.128060
3.930000 9.225288
3.940000 7.899561
3.950000 6.373374
3.960000 5.422518
3.970000 4.757240
3.980000 4.416505
3.990000 4.113310
4.000000 3.696097
4.010000 4.049053
4.020000 3.843934
4.030000 3.130023
4.040000 3.025368
4.050000 2.940928
4.060000 0.950016
4.070000 4.211236
4.080000 6.682381
4.090000 6.426149
4.100000 5.989859
4.110000 4.978384
4.120000 3.293645
4.130000 2.086155
4.140000 4.159840
4.150000 4.249604
4.160000 4.160885
4.170000 4.054333
4.180000 4.713351
4.190000 5.024618
4.200000 5.175000
4.210000 5.001389
4.220000 4.471283
4.230000 3.613464
4.240000 2.347852
4.250000 1.436902
4.260000 0.989970
4.270000 0.936451
4.280000 0.855066
4.290000 0.814066
4.300000 1.075805
4.310000 1.281309
4.320000 1.590815
4.330000 2.096559
4.340000 3.136509
4.350000 3.648477
4.360000 4.581957
4.370000 5.862491
4.380000 7.533619
4.390000 8.988229
4.400000 7.525452
4.410000 6.249561
4.420000 4.925955
4.430000 3.672959
4.440000 4.385190
4.450000 8.090040
4.460000 11.810880
4.470000 16.812500
4.480000 21.906048
4.490000 21.684923
4.500000 18.241688
4.510000 14.657843
4.520000 9.689064
4.530000 9.842881
4.540000 9.891694
4.550000 8.734766
4.560000 8.039494
4.570000 7.275562
4.580000 5.962794
4.590000 4.679804
4.600000 3.549046
4.610000 2.925628
4.620000 2.723916
4.630000 2.732958
4.640000 2.759943
4.650000 3.065134
4.660000 3.406326
4.670000 2.939009
4.680000 2.446853
4.690000 2.792431
4.700000 0.968230
4.710000 2.971158
4.720000 5.706592
4.730000 6.737658
4.740000 6.127583
4.750000 4.886919
4.760000 2.753071
4.770000 1.861056
4.780000 3.495921
4.790000 3.514789
4.800000 3.111154
4.810000 3.530110
4.820000 4.179924
4.830000 4.624351
4.840000 4.887691
4.850000 4.473347
4.860000 3.912794
4.870000 2.480838
4.880000 1.146785
4.890000 0.943666
4.900000 0.851338
4.910000 0.771187
4.920000 0.400883
4.930000 0.168786
4.940000 0.241262
4.950000 0.369963
4.960000 0.889880
4.970000 1.776249
4.980000 2.564053
4.990000 3.824435
5.000000 4.826015
5.010000 5.601647
5.020000 6.608737
5.030000 7.976826
5.040000 6.577236
5.050000 5.302724
5.060000 4.180579
5.070000 3.276714
5.080000 2.675269
5.090000 5.463421
5.100000 9.103026
5.110000 13.505514
5.120000 19.239553
5.130000 20.126270
5.140000 17.518845
5.150000 12.806468
5.160000 7.780009
5.170000 8.795953
5.180000 7.782985
5.190000 7.058372
5.200000 6.770971
5.210000 6.153339
5.220000 5.052795
5.230000 4.585896
5.240000 3.939460
5.250000 2.721040
5.260000 1.526801
5.270000 1.554702
5.280000 2.050318
5.290000 2.525132
5.300000 2.317996
5.310000 2.263628
5.320000 2.277832
5.330000 1.527007
5.340000 2.331394
5.350000 1.203310
5.360000 3.488623
5.370000 5.379226
5.380000 5.764774
5.390000 5.144087
5.400000 3.539821
5.410000 0.325429
5.420000 2.931897
5.430000 2.764796
5.440000 2.076654
5.450000 2.327948
5.460000 3.258325
5.470000 3.857829
5.480000 4.357420
5.490000 4.270854
5.500000 3.447417
5.510000 1.852527
5.520000 0.942718
5.530000 1.019150
5.540000 0.937150
5.550000 1.139344
5.560000 1.017447
5.570000 0.521298
5.580000 0.239707
5.590000 0.155797
5.600000 0.760464
5.610000 1.332290
5.620000 2.061275
5.630000 3.221589
5.640000 4.467415
5.650000 5.288052
5.660000 5.960360
5.670000 6.789427
5.680000 7.297272
5.690000 5.914341
5.700000 4.561028
5.710000 3.779587
5.720000 3.405862
5.730000 3.574872
5.740000 5.021384
5.750000 8.662896
5.760000 13.054769
5.770000 18.713427
5.780000 17.228607
5.790000 13.649358
5.800000 7.876053
5.810000 5.852333
5.820000 5.531909
5.830000 4.607585
5.840000 5.308489
5.850000 4.915910
5.860000 5.034820
5.870000 5.014772
5.880000 4.253336
5.890000 2.177300
5.900000 0.749299
5.910000 1.175757
5.920000 1.276967
5.930000 1.007087
5.940000 2.241176
5.950000 2.441797
5.960000 1.611521
5.970000 1.171637
5.980000 0.959724
5.990000 2.080426
6.000000 3.240244
6.010000 1.187667
6.020000 3.658373
6.030000 4.419302
6.040000 3.937657
6.050000 2.407407
6.060000 1.375696
6.070000 3.082229
6.080000 1.616711
6.090000 1.188116
6.100000 1.454812
6.110000 2.317396
6.120000 3.348474
6.130000 3.734727
6.140000 3.336794
6.150000 1.910921
6.160000 1.276944
6.170000 1.010320
6.180000 1.195011
6.190000 1.576932
6.200000 1.670075
6.210000 1.264991
6.220000 0.847789
6.230000 0.673342
6.240000 0.206159
6.250000 0.511494
6.260000 1.120520
6.270000 1.971021
6.280000 2.923078
6.290000 4.031300
6.300000 5.054040
6.310000 5.903495
6.320000 6.629948
6.330000 7.482707
6.340000 6.636941
6.350000 5.526971
6.360000 4.338655
6.370000 3.818136
6.380000 3.966377
6.390000 4.787825
6.400000 5.640028
6.410000 9.228494
6.420000 13.814834
6.430000 16.187193
6.440000 13.122047
6.450000 6.744931
6.460000 4.697341
6.470000 3.037925
6.480000 2.326432
6.490000 3.482714
6.500000 3.885239
6.510000 4.986340
6.520000 3.802031
6.530000 2.117034
6.540000 0.656746
6.550000 0.388473
6.560000 0.981288
6.570000 1.623855
6.580000 1.908547
6.590000 1.785331
6.600000 1.770224
6.610000 1.139078
6.620000 1.327451
6.630000 1.473954
6.640000 1.268339
6.650000 2.159624
6.660000 3.160043
6.670000 0.588302
6.680000 2.485740
6.690000 3.235416
6.700000 2.637841
6.710000 0.906971
6.720000 3.245471
6.730000 2.544021
6.740000 2.212733
6.750000 1.273022
6.760000 0.723200
6.770000 2.023538
6.780000 2.741330
6.790000 2.532083
6.800000 1.777264
6.810000 1.556603
6.820000 1.421975
6.830000 1.297886
6.840000 1.546142
6.850000 1.788714
6.860000 1.802926
6.870000 1.782422
6.880000 1.652703
6.890000 0.994559
6.900000 0.585659
6.910000 0.461775
6.920000 0.985400
6.930000 1.738614
6.940000 2.608833
6.950000 3.355454
6.960000 4.002281
6.970000 4.777874
6.980000 5.702516
6.990000 6.679462
7.000000 6.555385
7.010000 5.303918
7.020000 4.365541
7.030000 4.113207
7.040000 3.760739
7.050000 4.080355
7.060000 5.120054
7.070000 5.975252
7.080000 9.262127
7.090000 12.967541
7.100000 12.764650
7.110000 7.050844
7.120000 4.265847
7.130000 2.663224
7.140000 1.573865
7.150000 1.857744
7.160000 2.351501
7.170000 3.363561
7.180000 1.458266
7.190000 1.569257
7.200000 1.328871
7.210000 0.858710
7.220000 0.841051
7.230000 1.227281
7.240000 1.598090
7.250000 2.288540
7.260000 2.304282
7.270000 1.776642
7.280000 1.270916
7.290000 0.719751
7.300000 0.339508
7.310000 1.439364
7.320000 1.632708
7.330000 2.967737
7.340000 1.654888
7.350000 1.729731
7.360000 2.395913
7.370000 1.737533
7.380000 0.592658
7.390000 3.430775
7.400000 1.576506
7.410000 2.652117
7.420000 1.942865
7.430000 0.096902
7.440000 1.452382
7.450000 1.808440
7.460000 2.111298
7.470000 2.022124
7.480000 1.909432
7.490000 2.002203
7.500000 1.640154
7.510000 1.687871
7.520000 2.170664
7.530000 2.261920
7.540000 2.307981
7.550000 2.016851
7.560000 1.452843
7.570000 0.858538
7.580000 0.439742
7.590000 0.762819
7.600000 1.393006
7.610000 2.001115
7.620000 2.744561
7.630000 3.422295
7.640000 3.870895
7.650000 4.374725
7.660000 5.034020
7.670000 5.783378
7.680000 5.880408
7.690000 4.483060
7.700000 3.292278
7.710000 2.497167
7.720000 3.271293
7.730000 4.007388
7.740000 5.204665
7.750000 6.357998
7.760000 6.708249
7.770000 8.704589
7.780000 9.386687
7.790000 5.979785
7.800000 3.981051
7.810000 2.448539
7.820000 1.277458
7.830000 1.701928
7.840000 1.840088
7.850000 2.275225
7.860000 2.018406
7.870000 1.395033
7.880000 0.735133
7.890000 0.486271
7.900000 1.229436
7.910000 1.351599
7.920000 1.608873
7.930000 1.642441
7.940000 1.748258
7.950000 1.559514
7.960000 1.367792
7.970000 1.953068
7.980000 1.497185
7.990000 0.621271
8.000000 0.771101
8.010000 0.618535
8.020000 2.546746
8.030000 2.354878
8.040000 1.138581
8.050000 1.694404
8.060000 0.576675
8.070000 2.267048
8.080000 2.777130
8.090000 1.642527
8.100000 2.845571
8.110000 1.268423
8.120000 0.331977
8.130000 0.714358
8.140000 1.980921
8.150000 2.483942
8.160000 1.800697
8.170000 1.494299
8.180000 1.866642
8.190000 2.065604
8.200000 2.805148
8.210000 3.502094
8.220000 3.320458
8.230000 2.450889
8.240000 1.819974
8.250000 1.529946
8.260000 1.312434
8.270000 0.720493
8.280000 0.607575
8.290000 0.869357
8.300000 1.291248
8.310000 1.748638
8.320000 2.259232
8.330000 2.732847
8.340000 3.091079
8.350000 3.393022
8.360000 3.708000
8.370000 4.033977
8.380000 4.465442
8.390000 4.192759
8.400000 3.140482
8.410000 1.651384
8.420000 0.830791
8.430000 2.500584
8.440000 4.790408
8.450000 6.430559
8.460000 7.163908
8.470000 6.298916
8.480000 6.318943
8.490000 7.007695
8.500000 4.248281
8.510000 3.159885
8.520000 3.013813
8.530000 2.998569
8.540000 3.661095
8.550000 4.282696
8.560000 3.642257
8.570000 2.762305
8.580000 1.791417
8.590000 2.069553
8.600000 2.177207
8.610000 1.796931
8.620000 1.502030
8.630000 1.420525
8.640000 0.954724
8.650000 0.649413
8.660000 1.183929
8.670000 0.730845
8.680000 0.640112
8.690000 0.633026
8.700000 1.764719
8.710000 1.426171
8.720000 0.537546
8.730000 0.200465
8.740000 0.949482
8.750000 2.590565
8.760000 1.429092
8.770000 1.349900
8.780000 1.132076
8.790000 1.703545
8.800000 2.101858
8.810000 1.768315
8.820000 2.487472
8.830000 1.127289
8.840000 1.646871
8.850000 2.266689
8.860000 1.997540
8.870000 1.580463
8.880000 0.865559
8.890000 1.535485
8.900000 1.691316
8.910000 1.529971
8.920000 1.716351
8.930000 2.252808
8.940000 2.639984
8.950000 2.548078
8.960000 2.353955
8.970000 2.042494
8.980000 1.634604
8.990000 1.283381
9.000000 0.894738
9.010000 0.727220
9.020000 1.168496
9.030000 1.570351
9.040000 1.631019
9.050000 1.595335
9.060000 1.612283
9.070000 1.611782
9.080000 1.535694
9.090000 1.432612
9.100000 1.403044
9.110000 1.440908
9.120000 1.638077
9.130000 1.858883
9.140000 2.170641
9.150000 2.502585
9.160000 2.814385
9.170000 3.059071
9.180000 3.340917
9.190000 3.665213
9.200000 4.610590
9.210000 5.532023
9.220000 5.682379
9.230000 5.924552
9.240000 5.906464
9.250000 6.104104
9.260000 6.047348
9.270000 4.248029
9.280000 1.268890
9.290000 1.747412
9.300000 2.873649
9.310000 2.959796
9.320000 3.234319
9.330000 4.391450
9.340000 4.279906
9.350000 4.223645
9.360000 2.209047
9.370000 0.887562
9.380000 0.861865
9.390000 0.435683
9.400000 1.072805
9.410000 1.369400
9.420000 0.990914
9.430000 0.356578
9.440000 0.659091
9.450000 0.750228
9.460000 1.104078
9.470000 1.189238
9.480000 0.889754
9.490000 0.400702
9.500000 1.735207
9.510000 3.311053
9.520000 2.063011
9.530000 0.578534
9.540000 0.488621
9.550000 0.729994
9.560000 0.470604
9.570000 0.951129
9.580000 1.747109
9.590000 1.473004
9.600000 1.764022
9.610000 2.308820
9.620000 3.303237
9.630000 1.029673
9.640000 3.264034
9.650000 1.325099
9.660000 1.783852
9.670000 2.494135
9.680000 2.274736
9.690000 1.354112
9.700000 0.775611
9.710000 0.305477
9.720000 0.439665
9.730000 1.094162
9.740000 1.333283
9.750000 0.446519
9.760000 0.867666
9.770000 1.276645
9.780000 1.337811
9.790000 1.174676
9.800000 1.124015
9.810000 1.172967
9.820000 1.336583
9.830000 1.668575
9.840000 1.519544
9.850000 1.172639
9.860000 1.370319
9.870000 1.543272
9.880000 2.112735
9.890000 2.472710
9.900000 2.860012
9.910000 3.367470
9.920000 3.508085
9.930000 2.813211
9.940000 2.068863
9.950000 2.511672
9.960000 2.683973
9.970000 3.880724
9.980000 5.339473
9.990000 6.256576
10.000000 6.540705
10.010000 6.851348
10.020000 6.890906
10.030000 7.081503
10.040000 8.521739
10.050000 9.486407
10.060000 10.706897
10.070000 10.131764
10.080000 10.067815
10.090000 9.959220
10.100000 9.034636
10.110000 7.825544
10.120000 5.823102
10.130000 3.791749
10.140000 2.703815
10.150000 2.213471
10.160000 1.303887
10.170000 0.730632
10.180000 0.935849
10.190000 0.776284
10.200000 0.654041
10.210000 0.729483
10.220000 0.715426
10.230000 0.684532
10.240000 0.344275
10.250000 0.881736
10.260000 0.675862
10.270000 0.888668
10.280000 1.269883
10.290000 2.890404
10.300000 1.932158
10.310000 1.767489
10.320000 2.223393
10.330000 1.039149
10.340000 2.651254
10.350000 2.168104
10.360000 3.787202
10.370000 0.856077
10.380000 0.377056
10.390000 0.771777
10.400000 0.913327
10.410000 1.258966
10.420000 2.489017
10.430000 2.609803
10.440000 3.202093
10.450000 2.938022
10.460000 1.923349
10.470000 1.661050
10.480000 2.114543
10.490000 2.194678
10.500000 2.164724
10.510000 2.051464
10.520000 1.684917
10.530000 1.248422
10.540000 0.636742
10.550000 0.409755
10.560000 0.969916
10.570000 1.564038
10.580000 2.048216
10.590000 2.413967
10.600000 2.660932
10.610000 2.731301
10.620000 2.629759
10.630000 2.445781
10.640000 2.212207
10.650000 1.841854
10.660000 1.427868
10.670000 1.122230
10.680000 1.015640
10.690000 1.230556
10.700000 1.723660
10.710000 2.321786
10.720000 3.261967
10.730000 4.185196
10.740000 5.081985
10.750000 6.172136
10.760000 7.885483
10.770000 11.110113
10.780000 14.245333
10.790000 16.605619
10.800000 17.814045
10.810000 17.330357
10.820000 15.944552
10.830000 14.412701
10.840000 11.660546
10.850000 8.571685
10.860000 7.040107
10.870000 3.857997
10.880000 1.139565
10.890000 1.636701
10.900000 2.529016
10.910000 3.116964
10.920000 1.881784
10.930000 1.711595
10.940000 2.457037
10.950000 3.816122
10.960000 5.231371
10.970000 5.677827
10.980000 5.232384
10.990000 4.806890
11.000000 4.123121
11.010000 3.101418
11.020000 2.178718
11.030000 1.944036
11.040000 1.758467
11.050000 1.691787
11.060000 1.171025
11.070000 0.479815
11.080000 0.892030
11.090000 1.249059
11.100000 1.235073
11.110000 0.734544
11.120000 0.955495
11.130000 1.392781
11.140000 1.359713
11.150000 1.564936
11.160000 2.784519
11.170000 2.921992
11.180000 0.647995
11.190000 1.936323
11.200000 3.430511
11.210000 2.547486
11.220000 1.686302
11.230000 2.049036
11.240000 1.963603
11.250000 2.726560
11.260000 3.002258
11.270000 2.666686
11.280000 1.773142
11.290000 1.447296
11.300000 2.125695
11.310000 3.223742
11.320000 3.976035
11.330000 3.597474
11.340000 3.146954
11.350000 2.535080
11.360000 2.050556
11.370000 1.891864
11.380000 1.332404
11.390000 1.093448
11.400000 1.139626
11.410000 1.579848
11.420000 2.507019
11.430000 3.194164
11.440000 3.462967
11.450000 3.186202
11.460000 2.475195
11.470000 2.215839
11.480000 2.919121
11.490000 3.502394
11.500000 3.791607
11.510000 4.461442
11.520000 4.919622
11.530000 5.643633
11.540000 6.271687
11.550000 4.744619
11.560000 2.129704
11.570000 2.938473
11.580000 1.966518
11.590000 3.591563
11.600000 5.339484
11.610000 5.178550
11.620000 6.120171
11.630000 6.380949
11.640000 6.294228
11.650000 5.041507
11.660000 3.772604
11.670000 2.701192
11.680000 2.896199
11.690000 2.464026
11.700000 1.880177
11.710000 1.504076
11.720000 1.463997
11.730000 0.660793
11.740000 0.871312
11.750000 0.702611
11.760000 0.434692
11.770000 0.734116
11.780000 1.413995
11.790000 1.366352
11.800000 0.925055
11.810000 0.388414
11.820000 1.455953
11.830000 1.971088
11.840000 2.516409
11.850000 1.500875
11.860000 1.491095
11.870000 0.698299
11.880000 3.779905
11.890000 0.322346
11.900000 2.786399
11.910000 1.604813
11.920000 1.254645
11.930000 1.737356
11.940000 2.090349
11.950000 1.949277
11.960000 1.308938
11.970000 1.225176
11.980000 1.731788
11.990000 1.529714
12.000000 1.682110
12.010000 2.134315
12.020000 2.694975
12.030000 2.761629
12.040000 2.527185
12.050000 2.062001
12.060000 1.803288
12.070000 1.379585
12.080000 1.009929
12.090000 0.687412
12.100000 0.850130
12.110000 1.415341
12.120000 1.614565
12.130000 1.588326
12.140000 1.608627
12.150000 1.661740
12.160000 1.867158
12.170000 1.981039
12.180000 2.106263
12.190000 2.270994
12.200000 2.437931
12.210000 2.674314
12.220000 2.944905
12.230000 3.081493
12.240000 3.269904
12.250000 3.462563
12.260000 3.629827
12.270000 4.413912
12.280000 4.693291
12.290000 4.987403
12.300000 5.662514
12.310000 6.016953
12.320000 6.235353
12.330000 5.071156
12.340000 2.406192
12.350000 1.027742
12.360000 1.997051
12.370000 2.104756
12.380000 3.322327
12.390000 4.817403
12.400000 5.439179
12.410000 5.330605
12.420000 4.025052
12.430000 2.014886
12.440000 0.768122
12.450000 0.358665
12.460000 1.326027
12.470000 1.474903
12.480000 1.670976
12.490000 0.648566
12.500000 0.495114
12.510000 0.622511
12.520000 0.778103
12.530000 0.889880
12.540000 0.607526
12.550000 1.303922
12.560000 2.454008
12.570000 2.196927
12.580000 0.900756
12.590000 0.128159
12.600000 0.818351
12.610000 0.993476
12.620000 0.862981
12.630000 1.351239
12.640000 2.558494
12.650000 1.424488
12.660000 1.971176
12.670000 2.406869
12.680000 2.569475
12.690000 2.262786
12.700000 2.690593
12.710000 0.950820
12.720000 2.335669
12.730000 2.595475
12.740000 2.375240
12.750000 1.133163
12.760000 0.911386
12.770000 0.691653
12.780000 0.920990
12.790000 0.570318
12.800000 1.001755
12.810000 1.379727
12.820000 0.866045
12.830000 0.979730
12.840000 1.284590
12.850000 1.029330
12.860000 0.891661
12.870000 0.787334
12.880000 1.018262
12.890000 1.137939
12.900000 1.262115
12.910000 1.125961
12.920000 0.864644
12.930000 0.783085
12.940000 0.810750
12.950000 0.909124
12.960000 1.222093
12.970000 1.395226
12.980000 1.575494
12.990000 2.044917
13.000000 2.908824
13.010000 2.738642
13.020000 2.352342
13.030000 1.461555
13.040000 1.918665
13.050000 2.788895
13.060000 3.046438
13.070000 2.814936
13.080000 2.726425
13.090000 2.078535
13.100000 1.723434
13.110000 1.762576
13.120000 2.708573
13.130000 4.721096
13.140000 7.509574
13.150000 9.001205
13.160000 8.723643
13.170000 8.978843
13.180000 8.791196
13.190000 7.282232
13.200000 5.154394
13.210000 3.077856
13.220000 2.100260
13.230000 1.317254
13.240000 0.983110
13.250000 0.996596
13.260000 1.273806
13.270000 1.512552
13.280000 1.365614
13.290000 1.238807
13.300000 1.543738
13.310000 1.214455
13.320000 0.475060
13.330000 0.294940
13.340000 0.854771
13.350000 1.278618
13.360000 0.835023
13.370000 0.417943
13.380000 2.396442
13.390000 1.510557
13.400000 1.454034
13.410000 1.614846
13.420000 0.857376
13.430000 3.363380
13.440000 1.358944
13.450000 2.255821
13.460000 0.820721
13.470000 1.001438
13.480000 0.570932
13.490000 0.874807
13.500000 1.919525
13.510000 2.230241
13.520000 3.314079
13.530000 3.699437
13.540000 2.839171
13.550000 1.573441
13.560000 0.770663
13.570000 1.630774
13.580000 2.098350
13.590000 2.183933
13.600000 2.018806
13.610000 1.737458
13.620000 1.281487
13.630000 0.961071
13.640000 0.405616
13.650000 0.344447
13.660000 0.756782
13.670000 1.257178
13.680000 1.606475
13.690000 1.712902
13.700000 1.655601
13.710000 1.502107
13.720000 1.452852
13.730000 1.470327
13.740000 1.519724
13.750000 1.612437
13.760000 1.687694
13.770000 1.774213
13.780000 1.921352
13.790000 2.138217
13.800000 2.371020
13.810000 2.650892
13.820000 2.926311
13.830000 3.271846
13.840000 3.569624
13.850000 3.893267
13.860000 4.318350
13.870000 4.816746
13.880000 7.098701
13.890000 8.267776
13.900000 8.053266
13.910000 7.424565
13.920000 6.439079
13.930000 6.025285
13.940000 4.844971
13.950000 2.889027
13.960000 1.437070
13.970000 3.178464
13.980000 4.707058
13.990000 5.063037
14.000000 4.889928
14.010000 4.579666
14.020000 3.753760
14.030000 3.045193
14.040000 2.393934
14.050000 2.127810
14.060000 2.415973
14.070000 0.959962
14.080000 1.245387
14.090000 1.278816
14.100000 0.907799
14.110000 1.081542
14.120000 1.689536
14.130000 1.666118
14.140000 1.231545
14.150000 0.813426
14.160000 0.919949
14.170000 0.932995
14.180000 1.167254
14.190000 1.575523
14.200000 2.938737
14.210000 3.561734
14.220000 1.434608
14.230000 0.738897
14.240000 1.354387
14.250000 1.327637
14.260000 1.575986
14.270000 2.215773
14.280000 1.619140
14.290000 1.103855
14.300000 2.571619
14.310000 3.220499
14.320000 1.329598
14.330000 2.243096
14.340000 0.558347
14.350000 1.733043
14.360000 1.876673
14.370000 1.450158
14.380000 1.112612
14.390000 0.487887
14.400000 0.821341
14.410000 2.258742
14.420000 0.937405
14.430000 1.106186
14.440000 1.672994
14.450000 1.862995
14.460000 1.596791
14.470000 1.710973
14.480000 1.369341
14.490000 0.863778
14.500000 0.835599
14.510000 1.499902
14.520000 2.397054
14.530000 3.136185
14.540000 4.062927
14.550000 4.843132
14.560000 5.305562
14.570000 6.371550
14.580000 6.618771
14.590000 6.378530
14.600000 7.085688
14.610000 8.114993
14.620000 9.329202
14.630000 11.429070
14.640000 13.091366
14.650000 12.833221
14.660000 12.869845
14.670000 12.474409
14.680000 12.415661
14.690000 13.462658
14.700000 12.707512
14.710000 11.930169
14.720000 11.808161
14.730000 11.266822
14.740000 11.592475
14.750000 11.800591
14.760000 10.731313
14.770000 8.888014
14.780000 7.476871
14.790000 5.383361
14.800000 3.569016
14.810000 2.283724
14.820000 1.743232
14.830000 1.297564
14.840000 0.274284
14.850000 0.876201
14.860000 1.650267
14.870000 1.281533
14.880000 1.049107
14.890000 0.598143
14.900000 1.287403
14.910000 0.881573
14.920000 1.008137
14.930000 3.173345
14.940000 1.549070
14.950000 2.346348
14.960000 2.157961
14.970000 2.863553
14.980000 0.860697
14.990000 2.908275
15.000000 2.174166
15.010000 5.875525
15.020000 3.780577
15.030000 2.384706
15.040000 2.063453
15.050000 1.378345
15.060000 1.182325
15.070000 1.423352
15.080000 1.960011
15.090000 2.213903
15.100000 2.087143
15.110000 2.564190
15.120000 2.427337
15.130000 2.200002
15.140000 2.100422
15.150000 1.743490
15.160000 1.409636
15.170000 1.138103
15.180000 1.049484
15.190000 1.580354
15.200000 1.975498
15.210000 2.304501
15.220000 2.582511
15.230000 2.719049
15.240000 2.828281
15.250000 2.852221
15.260000 2.617637
15.270000 2.191675
15.280000 1.604402
15.290000 0.967254
15.300000 1.058032
15.310000 1.194901
15.320000 1.666393
15.330000 2.982186
15.340000 3.174147
15.350000 3.084559
15.360000 3.285745
15.370000 4.069496
15.380000 3.683451
15.390000 3.652782
15.400000 3.174026
15.410000 3.731474
15.420000 4.426452
15.430000 5.733074
15.440000 5.743340
15.450000 6.620778
15.460000 7.389057
15.470000 6.895808
15.480000 6.043061
15.490000 4.509253
15.500000 2.743254
15.510000 1.898328
15.520000 1.788692
15.530000 1.176512
15.540000 1.008080
15.550000 1.190097
15.560000 1.029258
15.570000 0.787778
15.580000 0.326437
15.590000 0.358768
15.600000 0.380882
15.610000 0.959619
15.620000 0.628198
15.630000 0.743827
15.640000 0.712300
15.650000 2.004097
15.660000 2.037250
15.670000 2.054240
15.680000 1.449120
15.690000 2.152414
15.700000 1.866543
15.710000 2.005060
15.720000 2.763426
15.730000 3.441738
15.740000 0.739349
15.750000 0.272191
15.760000 1.025189
15.770000 0.922606
15.780000 1.463759
15.790000 2.604389
15.800000 2.680937
15.810000 3.130263
15.820000 2.728194
15.830000 1.884867
15.840000 1.797035
15.850000 2.129293
15.860000 2.174422
15.870000 2.181376
15.880000 1.967103
15.890000 1.618231
15.900000 1.145483
15.910000 0.636864
15.920000 0.691912
15.930000 1.240851
15.940000 1.840304
15.950000 2.315642
15.960000 2.699023
15.970000 2.906034
15.980000 2.852440
15.990000 2.649760
16.000000 2.340301
16.010000 1.960378
16.020000 1.525115
16.030000 1.126343
16.040000 0.922022
16.050000 1.018020
16.060000 1.426594
16.070000 2.210868
16.080000 2.984314
16.090000 3.822956
16.100000 4.770144
16.110000 6.279584
16.120000 8.916404
16.130000 11.693515
16.140000 13.768644
16.150000 14.941245
16.160000 14.170536
16.170000 12.958497
16.180000 12.193306
16.190000 9.597821
16.200000 6.264815
16.210000 4.992839
16.220000 1.194140
16.230000 1.742976
16.240000 3.194027
16.250000 3.874614
16.260000 4.550412
16.270000 3.389238
16.280000 1.398753
16.290000 1.310455
16.300000 2.424235
16.310000 3.507529
16.320000 4.315119
16.330000 4.093557
16.340000 3.916536
16.350000 3.512781
16.360000 2.814204
16.370000 1.999431
16.380000 2.038505
16.390000 2.123801
16.400000 1.698919
16.410000 0.910885
16.420000 0.832330
16.430000 0.806843
16.440000 1.016761
16.450000 0.710788
16.460000 0.505628
16.470000 1.016654
16.480000 2.421107
16.490000 2.201030
16.500000 1.592669
16.510000 1.072822
16.520000 2.787157
16.530000 0.346252
16.540000 1.662831
16.550000 2.723688
16.560000 2.117819
16.570000 1.292948
16.580000 2.139856
16.590000 2.034643
16.600000 2.749497
16.610000 3.309427
16.620000 2.750188
16.630000 1.725359
16.640000 1.039283
16.650000 1.684689
16.660000 2.810103
16.670000 3.489117
16.680000 2.974266
16.690000 2.374680
16.700000 1.737150
16.710000 1.091528
16.720000 0.718174
16.730000 1.734530
16.740000 2.696358
16.750000 3.313649
16.760000 3.420687
16.770000 3.784911
16.780000 4.376652
16.790000 4.564647
16.800000 4.445633
16.810000 3.933862
16.820000 2.935740
16.830000 2.127316
16.840000 2.751023
16.850000 3.581965
16.860000 4.086117
16.870000 4.821659
16.880000 5.511322
16.890000 5.928100
16.900000 6.445119
16.910000 6.179904
16.920000 3.145819
16.930000 1.827716
16.940000 2.000050
16.950000 2.947421
16.960000 4.937752
16.970000 5.632737
16.980000 5.818665
16.990000 6.211944
17.000000 6.680573
17.010000 5.343200
17.020000 3.685833
17.030000 2.598733
17.040000 2.584348
17.050000 2.808902
17.060000 2.318484
17.070000 2.313071
17.080000 1.758002
17.090000 1.246214
17.100000 0.836468
17.110000 0.726327
17.120000 1.181446
17.130000 0.627629
17.140000 0.609612
17.150000 0.485274
17.160000 1.352315
17.170000 1.423908
17.180000 0.777677
17.190000 0.804066
17.200000 2.059831
17.210000 2.576051
17.220000 1.734004
17.230000 1.424482
17.240000 1.005149
17.250000 2.563442
17.260000 0.887693
17.270000 2.706501
17.280000 1.115955
17.290000 1.689096
17.300000 2.568033
17.310000 2.443182
17.320000 1.420387
17.330000 0.617435
17.340000 1.319955
17.350000 1.838933
17.360000 1.466069
17.370000 1.399464
17.380000 1.806086
17.390000 2.096661
17.400000 2.223693
17.410000 2.119275
17.420000 2.284900
17.430000 1.931530
17.440000 1.551115
17.450000 1.033152
17.460000 0.575628
17.470000 1.027460
17.480000 1.479733
17.490000 1.722515
17.500000 1.916101
17.510000 2.098751
17.520000 2.228123
17.530000 2.286257
17.540000 2.066240
17.550000 1.550669
17.560000 0.957083
17.570000 0.512609
17.580000 0.618693
17.590000 1.040170
17.600000 1.537409
17.610000 2.039787
17.620000 2.587383
17.630000 3.093137
17.640000 3.606723
17.650000 4.138113
17.660000 4.622611
17.670000 5.139093
17.680000 5.605331
17.690000 6.024157
17.700000 6.479148
17.710000 6.987797
17.720000 7.508974
17.730000 8.359928
17.740000 9.139731
17.750000 8.935436
17.760000 7.970016
17.770000 7.091702
17.780000 5.720900
17.790000 3.986397
17.800000 1.795241
17.810000 2.478295
17.820000 4.665500
17.830000 5.742958
17.840000 6.048142
17.850000 6.557018
17.860000 5.784962
17.870000 5.067594
17.880000 4.800981
17.890000 4.356216
17.900000 3.832092
17.910000 2.510294
17.920000 0.885054
17.930000 0.939710
17.940000 1.174814
17.950000 1.230690
17.960000 1.513804
17.970000 2.268442
17.980000 2.445910
17.990000 2.029323
18.000000 2.380959
18.010000 2.536524
18.020000 2.093329
18.030000 1.605201
18.040000 1.475383
18.050000 2.240414
18.060000 3.362546
18.070000 2.122726
18.080000 0.884941
18.090000 1.392046
18.100000 1.846700
18.110000 1.795816
18.120000 3.693943
18.130000 2.916152
18.140000 0.176110
18.150000 2.111364
18.160000 3.253051
18.170000 1.324786
18.180000 2.447553
18.190000 0.686113
18.200000 1.323350
18.210000 1.565074
18.220000 1.263037
18.230000 0.993255
18.240000 0.666825
18.250000 1.667690
18.260000 1.958586
18.270000 0.784152
18.280000 1.439371
18.290000 1.953610
18.300000 1.977986
18.310000 1.841798
18.320000 1.732530
18.330000 1.185634
18.340000 0.545847
18.350000 0.957570
18.360000 2.071266
18.370000 3.526100
18.380000 5.063532
18.390000 6.383632
18.400000 7.327144
18.410000 8.794344
18.420000 8.955934
18.430000 8.896214
18.440000 8.995030
18.450000 10.101107
18.460000 12.424390
18.470000 14.519365
18.480000 15.502773
18.490000 15.021561
18.500000 14.742472
18.510000 13.968050
18.520000 14.267984
18.530000 15.153103
18.540000 14.191474
18.550000 12.866407
18.560000 12.219787
18.570000 11.790166
18.580000 11.574987
18.590000 12.221470
18.600000 11.443613
18.610000 9.437536
18.620000 7.643813
18.630000 6.349153
18.640000 4.461903
18.650000 2.997853
18.660000 2.346633
18.670000 1.539112
18.680000 0.662347
18.690000 1.098805
18.700000 1.320876
18.710000 1.417319
18.720000 0.886064
18.730000 1.186392
18.740000 1.006539
18.750000 0.874331
18.760000 2.662369
18.770000 2.322163
18.780000 1.905094
18.790000 2.393087
18.800000 2.966725
18.810000 3.516670
18.820000 1.202249
18.830000 2.384016
18.840000 2.827006
18.850000 6.397808
18.860000 4.629827
18.870000 3.319173
18.880000 2.605136
18.890000 1.378364
18.900000 0.929142
18.910000 1.534834
18.920000 1.866332
18.930000 1.921650
18.940000 2.160980
18.950000 3.008004
18.960000 3.073126
18.970000 3.023263
18.980000 2.344384
18.990000 1.449739
19.000000 1.083769
19.010000 0.787629
19.020000 0.661931
19.030000 1.237820
19.040000 1.963847
19.050000 2.502477
19.060000 2.761658
19.070000 2.768195
19.080000 2.638371
19.090000 2.714406
19.100000 2.786452
19.110000 2.518972
19.120000 3.079901
19.130000 3.983757
19.140000 4.069739
19.150000 3.568856
19.160000 2.409444
19.170000 2.082115
19.180000 2.534218
19.190000 3.674281
19.200000 4.690832
19.210000 4.651580
19.220000 4.008113
19.230000 4.981196
19.240000 4.899293
19.250000 5.332907
19.260000 5.145002
19.270000 6.511910
19.280000 7.384633
19.290000 6.957878
19.300000 5.898176
19.310000 4.823459
19.320000 3.246180
19.330000 1.999823
19.340000 0.994605
19.350000 0.630037
19.360000 1.095503
19.370000 1.061518
19.380000 0.839931
19.390000 1.207671
19.400000 1.506961
19.410000 1.109822
19.420000 0.738947
19.430000 0.755365
19.440000 0.947098
19.450000 0.456319
19.460000 2.303448
19.470000 2.077665
19.480000 1.861684
19.490000 1.866892
19.500000 2.528367
19.510000 0.961673
19.520000 3.167986
19.530000 1.559939
19.540000 4.728924
19.550000 3.496512
19.560000 1.757404
19.570000 1.577190
19.580000 1.550661
19.590000 1.125072
19.600000 1.329183
19.610000 2.284640
19.620000 2.515746
19.630000 2.334160
19.640000 2.058924
19.650000 1.954842
19.660000 1.914410
19.670000 1.813931
19.680000 1.884462
19.690000 1.679056
19.700000 1.367284
19.710000 1.137942
19.720000 1.321432
19.730000 1.779888
19.740000 2.160918
19.750000 2.451359
19.760000 2.686701
19.770000 2.879413
19.780000 2.932898
19.790000 2.814290
19.800000 2.592909
19.810000 2.191209
19.820000 1.532033
19.830000 0.967569
19.840000 0.634243
19.850000 1.070385
19.860000 1.777392
19.870000 3.152178
19.880000 3.989398
19.890000 4.404341
19.900000 4.802851
19.910000 4.963540
19.920000 4.816622
19.930000 3.992672
19.940000 3.484046
19.950000 2.543312
19.960000 2.793049
19.970000 3.957778
19.980000 6.174420
19.990000 6.256516
