0.000000 13.672214
0.010000 15.395601
0.020000 17.409573
0.030000 19.573025
0.040000 21.583418
0.050000 23.482435
0.060000 24.330372
0.070000 23.596996
0.080000 23.199316
0.090000 23.085526
0.100000 22.426260
0.110000 20.864738
0.120000 19.192698
0.130000 17.838818
0.140000 17.168903
0.150000 16.496954
0.160000 16.003393
0.170000 15.519176
0.180000 15.248616
0.190000 15.138597
0.200000 15.050025
0.210000 14.944792
0.220000 14.910306
0.230000 14.704108
0.240000 14.296831
0.250000 14.878400
0.260000 16.344154
0.270000 17.284588
0.280000 17.026159
0.290000 16.729855
0.300000 16.411383
0.310000 16.252195
0.320000 12.494998
0.330000 8.857983
0.340000 6.247478
0.350000 4.662174
0.360000 4.335957
0.370000 4.061626
0.380000 4.003386
0.390000 5.297144
0.400000 7.348266
0.410000 9.215352
0.420000 11.161887
0.430000 13.282804
0.440000 15.127868
0.450000 16.425356
0.460000 17.289316
0.470000 17.661211
0.480000 17.100149
0.490000 16.104132
0.500000 15.130610
0.510000 14.266616
0.520000 13.432942
0.530000 12.594684
0.540000 11.813422
0.550000 11.113316
0.560000 10.217719
0.570000 9.594207
0.580000 9.678856
0.590000 10.239305
0.600000 10.880687
0.610000 11.426903
0.620000 12.122458
0.630000 13.388531
0.640000 15.434096
0.650000 17.717207
0.660000 19.848598
0.670000 21.842270
0.680000 23.829689
0.690000 23.528629
0.700000 23.355570
0.710000 22.949783
0.720000 22.452972
0.730000 20.532209
0.740000 18.703709
0.750000 17.072601
0.760000 16.126541
0.770000 15.497478
0.780000 14.963605
0.790000 14.520058
0.800000 14.194382
0.810000 13.999250
0.820000 13.943344
0.830000 13.969090
0.840000 13.967407
0.850000 13.940046
0.860000 13.617677
0.870000 13.185315
0.880000 13.506636
0.890000 15.026058
0.900000 15.998155
0.910000 15.468375
0.920000 15.059538
0.930000 14.763153
0.940000 13.937786
0.950000 9.959724
0.960000 6.768062
0.970000 4.327283
0.980000 3.710381
0.990000 3.521667
1.000000 3.349298
1.010000 4.095908
1.020000 6.158116
1.030000 8.244315
1.040000 10.398952
1.050000 12.579123
1.060000 14.584703
1.070000 16.015976
1.080000 16.338055
1.090000 16.687361
1.100000 15.722939
1.110000 14.687924
1.120000 13.778983
1.130000 12.863998
1.140000 12.021652
1.150000 11.572734
1.160000 10.842411
1.170000 10.103624
1.180000 9.479186
1.190000 9.011759
1.200000 8.607018
1.210000 8.892732
1.220000 9.718743
1.230000 10.547367
1.240000 11.156897
1.250000 11.646493
1.260000 12.888147
1.270000 15.057479
1.280000 17.344803
1.290000 19.752975
1.300000 22.017551
1.310000 23.589493
1.320000 23.229261
1.330000 23.057676
1.340000 22.684155
1.350000 20.669565
1.360000 18.602829
1.370000 16.979616
1.380000 15.360117
1.390000 14.681103
1.400000 14.031855
1.410000 13.501273
1.420000 12.942970
1.430000 12.539983
1.440000 12.265790
1.450000 12.186234
1.460000 12.258964
1.470000 12.516867
1.480000 12.756732
1.490000 12.521315
1.500000 12.055035
1.510000 11.908864
1.520000 13.393551
1.530000 14.528179
1.540000 13.829763
1.550000 13.373690
1.560000 13.118665
1.570000 11.758334
1.580000 7.988902
1.590000 5.072731
1.600000 3.007068
1.610000 2.976299
1.620000 3.073213
1.630000 3.198546
1.640000 4.501697
1.650000 6.805973
1.660000 9.186275
1.670000 11.368470
1.680000 13.527593
1.690000 14.946477
1.700000 15.333375
1.710000 15.462007
1.720000 14.461350
1.730000 13.238727
1.740000 12.253260
1.750000 11.350731
1.760000 10.572181
1.770000 10.221228
1.780000 9.742996
1.790000 9.137683
1.800000 8.529835
1.810000 8.019974
1.820000 7.934196
1.830000 8.234702
1.840000 8.500525
1.850000 9.309310
1.860000 10.135826
1.870000 10.757121
1.880000 11.146815
1.890000 12.306787
1.900000 14.343943
1.910000 16.725452
1.920000 19.152390
1.930000 21.560246
1.940000 23.329189
1.950000 22.933783
1.960000 23.051094
1.970000 21.435188
1.980000 19.289968
1.990000 17.307249
2.000000 15.623660
2.010000 14.077303
2.020000 13.147696
2.030000 12.283164
2.040000 11.746448
2.050000 11.102695
2.060000 10.690512
2.070000 10.538855
2.080000 10.447136
2.090000 10.475819
2.100000 10.747404
2.110000 11.171923
2.120000 11.005754
2.130000 10.874695
2.140000 10.306886
2.150000 11.408854
2.160000 12.913349
2.170000 12.279871
2.180000 11.669515
2.190000 11.506862
2.200000 10.130583
2.210000 6.421712
2.220000 3.650606
2.230000 2.256234
2.240000 2.504475
2.250000 2.910747
2.260000 3.191995
2.270000 4.659825
2.280000 7.264554
2.290000 9.776134
2.300000 11.788032
2.310000 13.528794
2.320000 14.246541
2.330000 14.151619
2.340000 13.026373
2.350000 11.735383
2.360000 10.722980
2.370000 9.776373
2.380000 8.919864
2.390000 8.390184
2.400000 8.008745
2.410000 7.636248
2.420000 7.545806
2.430000 7.110430
2.440000 7.142164
2.450000 7.456549
2.460000 7.871976
2.470000 8.274448
2.480000 8.831705
2.490000 9.594193
2.500000 10.192991
2.510000 10.668747
2.520000 11.554077
2.530000 13.398064
2.540000 15.821831
2.550000 18.174850
2.560000 20.548792
2.570000 21.936550
2.580000 22.306923
2.590000 22.797806
2.600000 20.827906
2.610000 18.701191
2.620000 16.368685
2.630000 14.472827
2.640000 12.753955
2.650000 11.703835
2.660000 10.978289
2.670000 10.269194
2.680000 9.377269
2.690000 8.889261
2.700000 8.871696
2.710000 8.850004
2.720000 8.775887
2.730000 8.776616
2.740000 9.354959
2.750000 9.389140
2.760000 9.087179
2.770000 9.152312
2.780000 9.026403
2.790000 10.561905
2.800000 10.787924
2.810000 10.005786
2.820000 9.813099
2.830000 9.155644
2.840000 5.396645
2.850000 2.640210
2.860000 1.923099
2.870000 2.309448
2.880000 2.662898
2.890000 2.965109
2.900000 4.573245
2.910000 7.191621
2.920000 9.492913
2.930000 11.491460
2.940000 12.685132
2.950000 12.982932
2.960000 11.819725
2.970000 10.649661
2.980000 9.380081
2.990000 8.358685
3.000000 7.225495
3.010000 6.624461
3.020000 6.143205
3.030000 5.915197
3.040000 5.858585
3.050000 5.820385
3.060000 6.170986
3.070000 6.574772
3.080000 6.792853
3.090000 7.217950
3.100000 7.775280
3.110000 8.324440
3.120000 9.074260
3.130000 9.693702
3.140000 10.109409
3.150000 10.717595
3.160000 12.034440
3.170000 14.088078
3.180000 16.256741
3.190000 18.504419
3.200000 19.938938
3.210000 20.806629
3.220000 21.302864
3.230000 20.072027
3.240000 17.707596
3.250000 15.422737
3.260000 13.694747
3.270000 11.834977
3.280000 10.646590
3.290000 9.677352
3.300000 8.705536
3.310000 8.075171
3.320000 7.833235
3.330000 8.064408
3.340000 8.055195
3.350000 7.836005
3.360000 7.501489
3.370000 7.347881
3.380000 7.587098
3.390000 7.408978
3.400000 7.111658
3.410000 7.396702
3.420000 7.950357
3.430000 9.636023
3.440000 8.935944
3.450000 8.205930
3.460000 7.977066
3.470000 5.005542
3.480000 2.114983
3.490000 2.008280
3.500000 2.467603
3.510000 2.341602
3.520000 2.557031
3.530000 3.814855
3.540000 6.126884
3.550000 8.462532
3.560000 10.200788
3.570000 11.015939
3.580000 11.117622
3.590000 9.746137
3.600000 8.376372
3.610000 7.127395
3.620000 5.906314
3.630000 5.047881
3.640000 4.435850
3.650000 4.160828
3.660000 4.234180
3.670000 4.417967
3.680000 4.660123
3.690000 5.081365
3.700000 5.467440
3.710000 5.812027
3.720000 6.202663
3.730000 6.602568
3.740000 7.129474
3.750000 7.993161
3.760000 8.764416
3.770000 9.325867
3.780000 10.049828
3.790000 10.712792
3.800000 11.981053
3.810000 13.974216
3.820000 16.130238
3.830000 17.640873
3.840000 18.802549
3.850000 19.754175
3.860000 18.804710
3.870000 17.408836
3.880000 15.207916
3.890000 13.214289
3.900000 11.427782
3.910000 9.991425
3.920000 8.483851
3.930000 7.262835
3.940000 6.945930
3.950000 7.180681
3.960000 7.957865
3.970000 8.231703
3.980000 8.100951
3.990000 7.721243
4.000000 7.003737
4.010000 6.156857
4.020000 5.650896
4.030000 5.577626
4.040000 5.224001
4.050000 5.677573
4.060000 6.518503
4.070000 7.995780
4.080000 7.125632
4.090000 6.426855
4.100000 6.085147
4.110000 2.302027
4.120000 1.545464
4.130000 3.054356
4.140000 2.794260
4.150000 2.240287
4.160000 2.425923
4.170000 4.340707
4.180000 6.521012
4.190000 8.261484
4.200000 8.871702
4.210000 9.102299
4.220000 7.671385
4.230000 6.430345
4.240000 5.162033
4.250000 4.039174
4.260000 3.202735
4.270000 2.711079
4.280000 2.691009
4.290000 2.997968
4.300000 3.318633
4.310000 3.533513
4.320000 3.834118
4.330000 4.191649
4.340000 4.708792
4.350000 5.363106
4.360000 5.899261
4.370000 6.124669
4.380000 6.384121
4.390000 7.071474
4.400000 8.153752
4.410000 8.946768
4.420000 9.587739
4.430000 10.363837
4.440000 11.527252
4.450000 13.264194
4.460000 14.720586
4.470000 16.257347
4.480000 18.242485
4.490000 17.563980
4.500000 16.541056
4.510000 15.457517
4.520000 13.645993
4.530000 11.813719
4.540000 10.086619
4.550000 7.710412
4.560000 6.237192
4.570000 5.673974
4.580000 6.358319
4.590000 7.076916
4.600000 7.266734
4.610000 7.232112
4.620000 7.240004
4.630000 7.277628
4.640000 7.279231
4.650000 6.020944
4.660000 4.253687
4.670000 3.751083
4.680000 3.777251
4.690000 4.214993
4.700000 4.933381
4.710000 6.769432
4.720000 5.718669
4.730000 4.739012
4.740000 4.498919
4.750000 0.963428
4.760000 2.978343
4.770000 4.242028
4.780000 3.159739
4.790000 2.119284
4.800000 1.977497
4.810000 3.661830
4.820000 5.294893
4.830000 6.449257
4.840000 6.960441
4.850000 6.183346
4.860000 4.843472
4.870000 3.697012
4.880000 2.614360
4.890000 1.592942
4.900000 1.357611
4.910000 1.746151
4.920000 2.040094
4.930000 2.429621
4.940000 2.803587
4.950000 2.776895
4.960000 2.882370
4.970000 3.071816
4.980000 3.442428
4.990000 4.149247
5.000000 4.721360
5.010000 5.050234
5.020000 5.374604
5.030000 6.148831
5.040000 7.256211
5.050000 7.868902
5.060000 8.620459
5.070000 9.383370
5.080000 10.308009
5.090000 11.715823
5.100000 13.154236
5.110000 14.451051
5.120000 16.112726
5.130000 15.518875
5.140000 14.587465
5.150000 14.072709
5.160000 12.788685
5.170000 11.365463
5.180000 9.044394
5.190000 6.520613
5.200000 5.235601
5.210000 5.728472
5.220000 5.012142
5.230000 4.284800
5.240000 3.830287
5.250000 3.282283
5.260000 2.990068
5.270000 3.217755
5.280000 3.777371
5.290000 4.325238
5.300000 4.789817
5.310000 3.888848
5.320000 2.699095
5.330000 3.065872
5.340000 3.504180
5.350000 4.798202
5.360000 5.565550
5.370000 3.890920
5.380000 2.888642
5.390000 0.794459
5.400000 3.392739
5.410000 4.137196
5.420000 2.485036
5.430000 1.206186
5.440000 2.065549
5.450000 3.793588
5.460000 4.034748
5.470000 4.148065
5.480000 4.679119
5.490000 3.873654
5.500000 2.606932
5.510000 1.648657
5.520000 0.727738
5.530000 0.416677
5.540000 0.920796
5.550000 1.082156
5.560000 1.303030
5.570000 1.666738
5.580000 1.944375
5.590000 2.004171
5.600000 2.085819
5.610000 2.107959
5.620000 2.255409
5.630000 2.554194
5.640000 3.044542
5.650000 3.555902
5.660000 4.195690
5.670000 5.026923
5.680000 5.582156
5.690000 6.453882
5.700000 7.157849
5.710000 7.690366
5.720000 8.668248
5.730000 9.710589
5.740000 10.747602
5.750000 12.194943
5.760000 13.546181
5.770000 13.870963
5.780000 13.153839
5.790000 12.757456
5.800000 12.269470
5.810000 11.423122
5.820000 9.301262
5.830000 7.041891
5.840000 5.138369
5.850000 4.758592
5.860000 3.956497
5.870000 2.616925
5.880000 2.026879
5.890000 1.704639
5.900000 1.813989
5.910000 1.836463
5.920000 2.095859
5.930000 2.586607
5.940000 2.549319
5.950000 2.002723
5.960000 3.029028
5.970000 3.367443
5.980000 2.493062
5.990000 2.673438
6.000000 2.767723
6.010000 4.498858
6.020000 2.802319
6.030000 1.548446
6.040000 0.826216
6.050000 2.959946
6.060000 3.919101
6.070000 1.505682
6.080000 1.364574
6.090000 2.847629
6.100000 4.482168
6.110000 3.905331
6.120000 3.440569
6.130000 1.942965
6.140000 1.068344
6.150000 0.773640
6.160000 0.653861
6.170000 0.905542
6.180000 0.672400
6.190000 0.749118
6.200000 0.831675
6.210000 1.025008
6.220000 1.164549
6.230000 1.286981
6.240000 1.169050
6.250000 1.060374
6.260000 1.145603
6.270000 1.637743
6.280000 2.173384
6.290000 2.659421
6.300000 3.063319
6.310000 3.409235
6.320000 3.784821
6.330000 4.332821
6.340000 4.892272
6.350000 5.651861
6.360000 6.512414
6.370000 7.381663
6.380000 8.331738
6.390000 9.228743
6.400000 10.246621
6.410000 11.594077
6.420000 11.962555
6.430000 11.708392
6.440000 11.137323
6.450000 10.906034
6.460000 10.760461
6.470000 8.661749
6.480000 6.406795
6.490000 4.713291
6.500000 3.892604
6.510000 2.843138
6.520000 2.470613
6.530000 1.614708
6.540000 1.249891
6.550000 0.929224
6.560000 1.263184
6.570000 1.142205
6.580000 1.164438
6.590000 2.063028
6.600000 2.640934
6.610000 2.236071
6.620000 1.382474
6.630000 1.683623
6.640000 1.684817
6.650000 2.320528
6.660000 2.282047
6.670000 2.677111
6.680000 1.210730
6.690000 1.279169
6.700000 0.947015
6.710000 3.325408
6.720000 2.609645
6.730000 1.130718
6.740000 1.698942
6.750000 3.791707
6.760000 3.828274
6.770000 2.951746
6.780000 1.595876
6.790000 0.872546
6.800000 2.237118
6.810000 2.163361
6.820000 1.717792
6.830000 1.025193
6.840000 0.561098
6.850000 0.426481
6.860000 0.590058
6.870000 0.661366
6.880000 0.865834
6.890000 1.201610
6.900000 1.310233
6.910000 1.101444
6.920000 0.908092
6.930000 1.239648
6.940000 1.886677
6.950000 2.471045
6.960000 2.939612
6.970000 3.265997
6.980000 3.394059
6.990000 3.534752
7.000000 3.664878
7.010000 4.099339
7.020000 4.930224
7.030000 6.029782
7.040000 7.126634
7.050000 7.973309
7.060000 8.569957
7.070000 9.515910
7.080000 10.494329
7.090000 10.038289
7.100000 9.254577
7.110000 8.764629
7.120000 8.314209
7.130000 7.165849
7.140000 5.804490
7.150000 4.920958
7.160000 3.552075
7.170000 1.982065
7.180000 2.027009
7.190000 2.135263
7.200000 1.886265
7.210000 1.430867
7.220000 0.772973
7.230000 1.374272
7.240000 2.345735
7.250000 2.941847
7.260000 1.764827
7.270000 0.571410
7.280000 2.746900
7.290000 1.874777
7.300000 0.760365
7.310000 1.104303
7.320000 1.686584
7.330000 2.601253
7.340000 1.421099
7.350000 0.628249
7.360000 1.472781
7.370000 0.868362
7.380000 3.587390
7.390000 2.293566
7.400000 0.920702
7.410000 1.633906
7.420000 2.750576
7.430000 2.174681
7.440000 1.462864
7.450000 0.757054
7.460000 1.672816
7.470000 3.224581
7.480000 3.131903
7.490000 2.190926
7.500000 1.319240
7.510000 0.522070
7.520000 0.467924
7.530000 0.847058
7.540000 0.494386
7.550000 0.625433
7.560000 0.848847
7.570000 0.921486
7.580000 0.956380
7.590000 1.132484
7.600000 1.312861
7.610000 1.399390
7.620000 1.535478
7.630000 1.996450
7.640000 2.593813
7.650000 2.977434
7.660000 3.256677
7.670000 3.336520
7.680000 3.506143
7.690000 3.801634
7.700000 4.444580
7.710000 5.211158
7.720000 5.430367
7.730000 6.016630
7.740000 6.493296
7.750000 6.897777
7.760000 7.469905
7.770000 7.130294
7.780000 6.616230
7.790000 5.770304
7.800000 5.556583
7.810000 5.083238
7.820000 4.765300
7.830000 4.804156
7.840000 2.557975
7.850000 2.700658
7.860000 2.404526
7.870000 3.087454
7.880000 2.508453
7.890000 1.843300
7.900000 1.532756
7.910000 1.526408
7.920000 1.681117
7.930000 1.959463
7.940000 2.537940
7.950000 2.352470
7.960000 1.946164
7.970000 3.007790
7.980000 4.599664
7.990000 2.104480
8.000000 1.344195
8.010000 1.178508
8.020000 3.093835
8.030000 1.846237
8.040000 0.454912
8.050000 1.239405
8.060000 1.762052
8.070000 3.650992
8.080000 0.848066
8.090000 0.776971
8.100000 1.299397
8.110000 0.513309
8.120000 0.728772
8.130000 1.330066
8.140000 1.640036
8.150000 2.192769
8.160000 2.621484
8.170000 2.864971
8.180000 1.728618
8.190000 0.964153
8.200000 1.053958
8.210000 0.971610
8.220000 0.613758
8.230000 0.371818
8.240000 0.267314
8.250000 0.670256
8.260000 1.099541
8.270000 1.446833
8.280000 1.603769
8.290000 1.602431
8.300000 1.644674
8.310000 1.693453
8.320000 1.658565
8.330000 1.528721
8.340000 1.459866
8.350000 1.450077
8.360000 1.597529
8.370000 1.752267
8.380000 2.071894
8.390000 2.510959
8.400000 2.546885
8.410000 2.309442
8.420000 2.177316
8.430000 2.157146
8.440000 2.363223
8.450000 2.736114
8.460000 2.981142
8.470000 3.032826
8.480000 3.235265
8.490000 2.973533
8.500000 3.561562
8.510000 4.116873
8.520000 4.024483
8.530000 3.784652
8.540000 2.703924
8.550000 2.137283
8.560000 3.424868
8.570000 3.712276
8.580000 3.115800
8.590000 2.155184
8.600000 1.958983
8.610000 1.787464
8.620000 1.608148
8.630000 0.923149
8.640000 0.847663
8.650000 1.080116
8.660000 1.409010
8.670000 1.130732
8.680000 0.319956
8.690000 1.779731
8.700000 2.924912
8.710000 4.080412
8.720000 2.976950
8.730000 1.626837
8.740000 1.978001
8.750000 3.152265
8.760000 1.849503
8.770000 2.116639
8.780000 0.845035
8.790000 2.315817
8.800000 0.469632
8.810000 1.478018
8.820000 0.946655
8.830000 0.860017
8.840000 1.752717
8.850000 2.220733
8.860000 1.884981
8.870000 1.320166
8.880000 0.890088
8.890000 1.242739
8.900000 1.754922
8.910000 1.289834
8.920000 1.674044
8.930000 1.266422
8.940000 0.893257
8.950000 0.717151
8.960000 0.681096
8.970000 0.367011
8.980000 0.703407
8.990000 1.208441
9.000000 1.335157
9.010000 1.344284
9.020000 1.283212
9.030000 1.170911
9.040000 1.055355
9.050000 0.929763
9.060000 0.878936
9.070000 1.059573
9.080000 1.369672
9.090000 1.686633
9.100000 2.056576
9.110000 2.231942
9.120000 2.360991
9.130000 2.547419
9.140000 2.764294
9.150000 2.842815
9.160000 2.947712
9.170000 3.029829
9.180000 2.990159
9.190000 3.024171
9.200000 2.783369
9.210000 2.528382
9.220000 2.555118
9.230000 2.628131
9.240000 1.746358
9.250000 2.311214
9.260000 2.504415
9.270000 2.429380
9.280000 1.859318
9.290000 0.840778
9.300000 1.921495
9.310000 2.790862
9.320000 2.073757
9.330000 2.203693
9.340000 2.484866
9.350000 3.662550
9.360000 4.458401
9.370000 4.360436
9.380000 3.611049
9.390000 2.800364
9.400000 2.823378
9.410000 2.594614
9.420000 1.666214
9.430000 1.551196
9.440000 1.527163
9.450000 1.363574
9.460000 1.329710
9.470000 1.366235
9.480000 1.497659
9.490000 2.100653
9.500000 2.031095
9.510000 1.237172
9.520000 0.771734
9.530000 0.718422
9.540000 0.457938
9.550000 1.793635
9.560000 2.313128
9.570000 4.248064
9.580000 3.346975
9.590000 3.233547
9.600000 4.310167
9.610000 1.457672
9.620000 0.841612
9.630000 1.682607
9.640000 2.082536
9.650000 1.954756
9.660000 1.949891
9.670000 2.430386
9.680000 2.829260
9.690000 2.747582
9.700000 1.785689
9.710000 1.609800
9.720000 1.908442
9.730000 2.631818
9.740000 3.043096
9.750000 3.073228
9.760000 2.595327
9.770000 1.688199
9.780000 0.881994
9.790000 0.926068
9.800000 0.973869
9.810000 0.594660
9.820000 0.584587
9.830000 1.213022
9.840000 1.861386
9.850000 2.342366
9.860000 2.584922
9.870000 3.024162
9.880000 3.287766
9.890000 3.769206
9.900000 3.994833
9.910000 3.931453
9.920000 3.964159
9.930000 4.115611
9.940000 4.247068
9.950000 3.488397
9.960000 3.594022
9.970000 4.900309
9.980000 5.779320
9.990000 5.666879
10.000000 5.515521
10.010000 5.228815
10.020000 3.643154
10.030000 2.264637
10.040000 3.689352
10.050000 1.690539
10.060000 4.658968
10.070000 2.784129
10.080000 3.436404
10.090000 5.241444
10.100000 3.510094
10.110000 3.295523
10.120000 2.179085
10.130000 1.797703
10.140000 1.536950
10.150000 0.846374
10.160000 0.426587
10.170000 0.266919
10.180000 0.402613
10.190000 0.747045
10.200000 1.062759
10.210000 1.590519
10.220000 0.587026
10.230000 1.677735
10.240000 2.115070
10.250000 0.712597
10.260000 0.461392
10.270000 0.384798
10.280000 2.541404
10.290000 3.897741
10.300000 0.770358
10.310000 1.543604
10.320000 1.439309
10.330000 1.715031
10.340000 0.879318
10.350000 1.375517
10.360000 2.505090
10.370000 2.107782
10.380000 1.907240
10.390000 2.715185
10.400000 2.703433
10.410000 2.433956
10.420000 1.671645
10.430000 0.470360
10.440000 0.704809
10.450000 0.973880
10.460000 1.531547
10.470000 1.812445
10.480000 1.859822
10.490000 1.466474
10.500000 1.103609
10.510000 0.878841
10.520000 0.909534
10.530000 1.016888
10.540000 1.296401
10.550000 1.464390
10.560000 1.536416
10.570000 1.548312
10.580000 1.155892
10.590000 0.649177
10.600000 0.578839
10.610000 0.797715
10.620000 1.047659
10.630000 1.303459
10.640000 1.491824
10.650000 1.863693
10.660000 2.335390
10.670000 2.774152
10.680000 3.030383
10.690000 3.373668
10.700000 3.706490
10.710000 3.805807
10.720000 4.080075
10.730000 4.372292
10.740000 4.966722
10.750000 5.501069
10.760000 5.554073
10.770000 5.230614
10.780000 4.674620
10.790000 3.841195
10.800000 2.636003
10.810000 1.415588
10.820000 1.032436
10.830000 1.859324
10.840000 5.202311
10.850000 8.293353
10.860000 9.050999
10.870000 7.578681
10.880000 7.751928
10.890000 6.149678
10.900000 4.942111
10.910000 4.057134
10.920000 2.647953
10.930000 1.849204
10.940000 1.681804
10.950000 1.130681
10.960000 1.135155
10.970000 2.602946
10.980000 3.002180
10.990000 3.063589
11.000000 2.990222
11.010000 2.960107
11.020000 2.543286
11.030000 1.878913
11.040000 1.401987
11.050000 0.928568
11.060000 0.405744
11.070000 0.579247
11.080000 1.115316
11.090000 1.428572
11.100000 2.116380
11.110000 1.060249
11.120000 1.061833
11.130000 0.355514
11.140000 1.659434
11.150000 1.019851
11.160000 0.913962
11.170000 0.225250
11.180000 0.332382
11.190000 0.646045
11.200000 2.845344
11.210000 2.204031
11.220000 1.335459
11.230000 0.942940
11.240000 0.748967
11.250000 0.404462
11.260000 0.478982
11.270000 0.979249
11.280000 1.497279
11.290000 1.878134
11.300000 1.976524
11.310000 1.970017
11.320000 1.761982
11.330000 1.551374
11.340000 1.151850
11.350000 0.616627
11.360000 0.633115
11.370000 1.459530
11.380000 2.264434
11.390000 2.995589
11.400000 2.912076
11.410000 2.872082
11.420000 3.203901
11.430000 3.466485
11.440000 3.938987
11.450000 4.293482
11.460000 4.634272
11.470000 4.450441
11.480000 4.564251
11.490000 4.697218
11.500000 4.636219
11.510000 4.582417
11.520000 5.076787
11.530000 5.113746
11.540000 3.902796
11.550000 2.697562
11.560000 3.518158
11.570000 4.587458
11.580000 3.293420
11.590000 3.363615
11.600000 3.350575
11.610000 3.186149
11.620000 3.609549
11.630000 3.283797
11.640000 3.718554
11.650000 4.670575
11.660000 4.311866
11.670000 3.506245
11.680000 2.695760
11.690000 2.164258
11.700000 1.994773
11.710000 1.753601
11.720000 1.088462
11.730000 0.961957
11.740000 1.217229
11.750000 1.485567
11.760000 0.803554
11.770000 1.256220
11.780000 2.499286
11.790000 3.426610
11.800000 4.863481
11.810000 0.452321
11.820000 2.587602
11.830000 3.894004
11.840000 1.482975
11.850000 1.475202
11.860000 1.624055
11.870000 2.403529
11.880000 1.107818
11.890000 1.393092
11.900000 1.258795
11.910000 0.624091
11.920000 1.087044
11.930000 1.880087
11.940000 2.307390
11.950000 1.698951
11.960000 1.253581
11.970000 1.165025
11.980000 1.913964
11.990000 1.414735
12.000000 1.368001
12.010000 1.335981
12.020000 0.978145
12.030000 0.507889
12.040000 0.633019
12.050000 0.654107
12.060000 0.714619
12.070000 1.053478
12.080000 1.333196
12.090000 1.397791
12.100000 1.384683
12.110000 1.308078
12.120000 1.195941
12.130000 1.028592
12.140000 0.950543
12.150000 0.949801
12.160000 1.127199
12.170000 1.389636
12.180000 1.754591
12.190000 2.224604
12.200000 2.656215
12.210000 2.855565
12.220000 3.003845
12.230000 2.959787
12.240000 2.756029
12.250000 2.658360
12.260000 2.456801
12.270000 2.280052
12.280000 2.136994
12.290000 1.959402
12.300000 1.624391
12.310000 2.295874
12.320000 2.181824
12.330000 1.998792
12.340000 1.687825
12.350000 0.557039
12.360000 1.898457
12.370000 3.077133
12.380000 2.478186
12.390000 1.697347
12.400000 2.358591
12.410000 3.021712
12.420000 4.381101
12.430000 4.642821
12.440000 4.112329
12.450000 3.412189
12.460000 2.972084
12.470000 3.094831
12.480000 2.406077
12.490000 1.660571
12.500000 1.287769
12.510000 1.177943
12.520000 0.881872
12.530000 1.055911
12.540000 2.121964
12.550000 2.307869
12.560000 1.442914
12.570000 0.775310
12.580000 0.820427
12.590000 0.820180
12.600000 1.889347
12.610000 2.044117
12.620000 2.476339
12.630000 4.025019
12.640000 1.495394
12.650000 4.354284
12.660000 4.110186
12.670000 0.504598
12.680000 0.645582
12.690000 1.344190
12.700000 1.994113
12.710000 2.441625
12.720000 2.441969
12.730000 2.188988
12.740000 2.318521
12.750000 2.001806
12.760000 1.571994
12.770000 1.484843
12.780000 1.812742
12.790000 2.610248
12.800000 2.916736
12.810000 2.927569
12.820000 2.488053
12.830000 1.614634
12.840000 0.895173
12.850000 0.375340
12.860000 0.393660
12.870000 0.458976
12.880000 0.748142
12.890000 1.263856
12.900000 1.806291
12.910000 2.039972
12.920000 2.290738
12.930000 2.608368
12.940000 2.772743
12.950000 2.826571
12.960000 3.006034
12.970000 3.375154
12.980000 3.723939
12.990000 4.076325
13.000000 4.274395
13.010000 4.683186
13.020000 5.323554
13.030000 5.514082
13.040000 5.086063
13.050000 4.944875
13.060000 5.042731
13.070000 5.065961
13.080000 5.234086
13.090000 4.196862
13.100000 3.196333
13.110000 0.666670
13.120000 3.926625
13.130000 4.367023
13.140000 1.021429
13.150000 1.816146
13.160000 2.976782
13.170000 4.946276
13.180000 4.317085
13.190000 4.120541
13.200000 2.976753
13.210000 2.509832
13.220000 1.945712
13.230000 1.964249
13.240000 2.246620
13.250000 1.780595
13.260000 1.282147
13.270000 0.926336
13.280000 0.444754
13.290000 1.308858
13.300000 0.928977
13.310000 0.704957
13.320000 0.404180
13.330000 0.530274
13.340000 2.161960
13.350000 0.459277
13.360000 1.269271
13.370000 0.904030
13.380000 0.335880
13.390000 1.565936
13.400000 1.395864
13.410000 1.184677
13.420000 2.159370
13.430000 1.557634
13.440000 0.537530
13.450000 1.814615
13.460000 1.513867
13.470000 2.209386
13.480000 2.481999
13.490000 2.094634
13.500000 1.774491
13.510000 1.199554
13.520000 0.288002
13.530000 0.328629
13.540000 0.785213
13.550000 1.070921
13.560000 1.353779
13.570000 1.897586
13.580000 1.751695
13.590000 1.551107
13.600000 1.437168
13.610000 1.182352
13.620000 1.097216
13.630000 1.243686
13.640000 1.530442
13.650000 1.876834
13.660000 1.819924
13.670000 1.824187
13.680000 1.862323
13.690000 1.809445
13.700000 1.818947
13.710000 1.917711
13.720000 1.961545
13.730000 1.904893
13.740000 1.861310
13.750000 1.815563
13.760000 1.649473
13.770000 1.515445
13.780000 1.452823
13.790000 1.579625
13.800000 1.829348
13.810000 2.189651
13.820000 2.654899
13.830000 3.033819
13.840000 3.187325
13.850000 3.324814
13.860000 3.280959
13.870000 3.311974
13.880000 3.244181
13.890000 3.106218
13.900000 3.064515
13.910000 3.131708
13.920000 3.172132
13.930000 3.522434
13.940000 4.182071
13.950000 4.422195
13.960000 3.833480
13.970000 2.387125
13.980000 1.922459
13.990000 2.052553
14.000000 2.346348
14.010000 3.152570
14.020000 3.681203
14.030000 4.292262
14.040000 4.926614
14.050000 4.762698
14.060000 3.834163
14.070000 2.334559
14.080000 2.281184
14.090000 1.475165
14.100000 1.008819
14.110000 1.155314
14.120000 1.687872
14.130000 2.370278
14.140000 3.099348
14.150000 3.355745
14.160000 3.147478
14.170000 2.625451
14.180000 2.203390
14.190000 2.253975
14.200000 1.006102
14.210000 1.059845
14.220000 0.853057
14.230000 0.338078
14.240000 0.746583
14.250000 0.329096
14.260000 2.287450
14.270000 4.416638
14.280000 1.439299
14.290000 3.733579
14.300000 1.597340
14.310000 1.215720
14.320000 2.405634
14.330000 2.447176
14.340000 1.445325
14.350000 1.132507
14.360000 2.799200
14.370000 3.462461
14.380000 3.668977
14.390000 2.339521
14.400000 1.276135
14.410000 2.222032
14.420000 2.902705
14.430000 3.462575
14.440000 2.977520
14.450000 2.236979
14.460000 1.452619
14.470000 1.428670
14.480000 1.444710
14.490000 1.304809
14.500000 1.062131
14.510000 0.865996
14.520000 1.719025
14.530000 2.496653
14.540000 3.392229
14.550000 4.197823
14.560000 4.405365
14.570000 4.772690
14.580000 4.924531
14.590000 4.206186
14.600000 3.354892
14.610000 1.839431
14.620000 2.280554
14.630000 3.627631
14.640000 4.482339
14.650000 4.810665
14.660000 5.980587
14.670000 5.841403
14.680000 2.960434
14.690000 2.462349
14.700000 3.018251
14.710000 5.468722
14.720000 8.495035
14.730000 5.054292
14.740000 3.385619
14.750000 4.892069
14.760000 3.916732
14.770000 2.618547
14.780000 2.070748
14.790000 1.247208
14.800000 0.313403
14.810000 0.467705
14.820000 0.898935
14.830000 0.719101
14.840000 0.872184
14.850000 0.750559
14.860000 0.217806
14.870000 0.356483
14.880000 0.351551
14.890000 0.147111
14.900000 0.511216
14.910000 0.595513
14.920000 2.866528
14.930000 3.335702
14.940000 0.480662
14.950000 2.761995
14.960000 1.319590
14.970000 1.612400
14.980000 1.917886
14.990000 0.844865
15.000000 0.641434
15.010000 2.677061
15.020000 1.867241
15.030000 1.105844
15.040000 0.896611
15.050000 1.216583
15.060000 1.767754
15.070000 1.942731
15.080000 1.435593
15.090000 0.795326
15.100000 0.920660
15.110000 1.249105
15.120000 1.412116
15.130000 1.371598
15.140000 1.152199
15.150000 0.913384
15.160000 0.607971
15.170000 0.457713
15.180000 0.691665
15.190000 0.770534
15.200000 0.815729
15.210000 0.874047
15.220000 0.802131
15.230000 0.360217
15.240000 0.608709
15.250000 1.248288
15.260000 1.693228
15.270000 1.610384
15.280000 1.197115
15.290000 0.900809
15.300000 0.929087
15.310000 1.659635
15.320000 1.975531
15.330000 2.296295
15.340000 2.761867
15.350000 3.415540
15.360000 3.251979
15.370000 3.017456
15.380000 3.689976
15.390000 2.311854
15.400000 5.014719
15.410000 6.304701
15.420000 2.703516
15.430000 2.541377
15.440000 1.442073
15.450000 1.591601
15.460000 2.846785
15.470000 1.814549
15.480000 1.941026
15.490000 1.136446
15.500000 1.085389
15.510000 1.044728
15.520000 0.423827
15.530000 0.298127
15.540000 0.490191
15.550000 0.458004
15.560000 0.700292
15.570000 1.166183
15.580000 1.431871
15.590000 0.616534
15.600000 2.381484
15.610000 1.321867
15.620000 0.402972
15.630000 0.293695
15.640000 0.430837
15.650000 0.200875
15.660000 2.054759
15.670000 1.000789
15.680000 1.368583
15.690000 1.382434
15.700000 1.387018
15.710000 0.504037
15.720000 1.660222
15.730000 2.223898
15.740000 1.970614
15.750000 1.797226
15.760000 2.793482
15.770000 2.785506
15.780000 2.336004
15.790000 1.525105
15.800000 0.532673
15.810000 0.810553
15.820000 1.165327
15.830000 1.624216
15.840000 1.869901
15.850000 1.769022
15.860000 1.185530
15.870000 0.867591
15.880000 0.852423
15.890000 0.949343
15.900000 1.045708
15.910000 1.229427
15.920000 1.472080
15.930000 1.452245
15.940000 1.370904
15.950000 0.721797
15.960000 0.303133
15.970000 0.623894
15.980000 1.004659
15.990000 1.370429
16.000000 1.758192
16.010000 2.253922
16.020000 2.606502
16.030000 2.899324
16.040000 3.243886
16.050000 3.220932
16.060000 3.419160
16.070000 3.723173
16.080000 4.300803
16.090000 5.066623
16.100000 5.073950
16.110000 4.525617
16.120000 4.204899
16.130000 3.911597
16.140000 3.290837
16.150000 2.370737
16.160000 1.429246
16.170000 0.941583
16.180000 2.721007
16.190000 6.098055
16.200000 7.908090
16.210000 6.785573
16.220000 4.740176
16.230000 4.670747
16.240000 3.973442
16.250000 3.946035
16.260000 2.923736
16.270000 2.016405
16.280000 1.822294
16.290000 1.673250
16.300000 1.626907
16.310000 2.380296
16.320000 2.970732
16.330000 2.197247
16.340000 2.122029
16.350000 2.147905
16.360000 1.951846
16.370000 1.984309
16.380000 1.431340
16.390000 0.801530
16.400000 0.846647
16.410000 0.516739
16.420000 0.868000
16.430000 0.616789
16.440000 1.346303
16.450000 1.000491
16.460000 0.687812
16.470000 1.316082
16.480000 1.730816
16.490000 1.523330
16.500000 0.581942
16.510000 0.751827
16.520000 0.541571
16.530000 0.496606
16.540000 1.879735
16.550000 2.042005
16.560000 1.270941
16.570000 1.172844
16.580000 1.198775
16.590000 0.398223
16.600000 0.232277
16.610000 0.458176
16.620000 0.783826
16.630000 1.115132
16.640000 1.322606
16.650000 1.488760
16.660000 1.671899
16.670000 1.376070
16.680000 1.062968
16.690000 0.772355
16.700000 0.807003
16.710000 1.195484
16.720000 1.907562
16.730000 2.520921
16.740000 2.534781
16.750000 2.401207
16.760000 2.333862
16.770000 2.503034
16.780000 2.532804
16.790000 2.679305
16.800000 3.092732
16.810000 3.815415
16.820000 4.588241
16.830000 4.594933
16.840000 4.540515
16.850000 4.499593
16.860000 4.476470
16.870000 4.361008
16.880000 4.136916
16.890000 3.691143
16.900000 2.932626
16.910000 1.906426
16.920000 1.525335
16.930000 2.849884
16.940000 3.158497
16.950000 3.713852
16.960000 3.613185
16.970000 2.903995
16.980000 3.354086
16.990000 3.044120
17.000000 3.992028
17.010000 5.229477
17.020000 4.773668
17.030000 3.804953
17.040000 3.036724
17.050000 2.814888
17.060000 2.769608
17.070000 2.086636
17.080000 1.053891
17.090000 0.128964
17.100000 0.257826
17.110000 0.814245
17.120000 1.405819
17.130000 1.165881
17.140000 0.794775
17.150000 1.291950
17.160000 2.609351
17.170000 3.336491
17.180000 1.617961
17.190000 3.537223
17.200000 3.093874
17.210000 1.360933
17.220000 3.187357
17.230000 2.621278
17.240000 2.637734
17.250000 0.464003
17.260000 1.224332
17.270000 1.245474
17.280000 1.522929
17.290000 2.222904
17.300000 2.313537
17.310000 1.898117
17.320000 1.369635
17.330000 0.830684
17.340000 0.453953
17.350000 1.037026
17.360000 1.635375
17.370000 1.965691
17.380000 1.874339
17.390000 1.684249
17.400000 1.372492
17.410000 0.956341
17.420000 0.368095
17.430000 0.613313
17.440000 0.653669
17.450000 0.874868
17.460000 1.035447
17.470000 1.071485
17.480000 1.009081
17.490000 1.251867
17.500000 1.650566
17.510000 2.075336
17.520000 2.250506
17.530000 2.389784
17.540000 2.450697
17.550000 2.420772
17.560000 2.283735
17.570000 2.011910
17.580000 1.669909
17.590000 1.331492
17.600000 0.985484
17.610000 0.699295
17.620000 0.706341
17.630000 0.911773
17.640000 1.210309
17.650000 1.580966
17.660000 2.018189
17.670000 2.487960
17.680000 2.985626
17.690000 3.501674
17.700000 4.034821
17.710000 4.578207
17.720000 5.147586
17.730000 5.729537
17.740000 6.326546
17.750000 6.966105
17.760000 7.649618
17.770000 8.390772
17.780000 9.174733
17.790000 9.911265
17.800000 10.626923
17.810000 11.429524
17.820000 12.202353
17.830000 12.983674
17.840000 13.819822
17.850000 14.740870
17.860000 15.821104
17.870000 16.894032
17.880000 18.027855
17.890000 19.305553
17.900000 20.661745
17.910000 22.356503
17.920000 24.267565
17.930000 26.384375
17.940000 29.294991
17.950000 31.824091
17.960000 34.468060
17.970000 36.895004
17.980000 39.317532
17.990000 41.832531
18.000000 44.347107
18.010000 45.359501
18.020000 44.939327
18.030000 41.885899
18.040000 39.114529
18.050000 36.007591
18.060000 33.356552
18.070000 32.063583
18.080000 29.203548
18.090000 25.531315
18.100000 19.939947
18.110000 14.806986
18.120000 12.366322
18.130000 11.988454
18.140000 12.105403
18.150000 11.854993
18.160000 11.181119
18.170000 11.515868
18.180000 12.091820
18.190000 12.297136
18.200000 12.021093
18.210000 11.130016
18.220000 9.894943
18.230000 8.343038
18.240000 6.743757
18.250000 5.117033
18.260000 3.427676
18.270000 1.557771
18.280000 1.390815
18.290000 1.617514
18.300000 2.686291
18.310000 4.143261
18.320000 5.100338
18.330000 4.492990
18.340000 5.341064
18.350000 4.310282
18.360000 8.141351
18.370000 6.640173
18.380000 2.648981
18.390000 2.664575
18.400000 4.236662
18.410000 5.676813
18.420000 4.759333
18.430000 3.032067
18.440000 2.531495
18.450000 3.313478
18.460000 3.523923
18.470000 2.951710
18.480000 3.446002
18.490000 3.746526
18.500000 4.347962
18.510000 4.444960
18.520000 4.589055
18.530000 3.771089
18.540000 3.410483
18.550000 4.096066
18.560000 4.604454
18.570000 4.287344
18.580000 4.157501
18.590000 4.590928
18.600000 6.010828
18.610000 8.854199
18.620000 10.698559
18.630000 10.763953
18.640000 10.759785
18.650000 11.279238
18.660000 11.929601
18.670000 11.686787
18.680000 11.561463
18.690000 11.192899
18.700000 10.357713
18.710000 10.153200
18.720000 7.222118
18.730000 5.881856
18.740000 8.266939
18.750000 11.588666
18.760000 15.027679
18.770000 16.277403
18.780000 14.041674
18.790000 10.957886
18.800000 8.574904
18.810000 6.074822
18.820000 2.390135
18.830000 3.659906
18.840000 5.742842
18.850000 6.948221
18.860000 7.722891
18.870000 7.570157
18.880000 7.004948
18.890000 5.192116
18.900000 2.883579
18.910000 2.187168
18.920000 2.295425
18.930000 0.986326
18.940000 1.291254
18.950000 2.403661
18.960000 4.361497
18.970000 1.355547
18.980000 3.118652
18.990000 3.430292
19.000000 2.248912
19.010000 4.681087
19.020000 6.091181
19.030000 5.953977
19.040000 3.384513
19.050000 0.655204
19.060000 3.149582
19.070000 2.752235
19.080000 2.187854
19.090000 1.611191
19.100000 1.119339
19.110000 0.802642
19.120000 1.035400
19.130000 1.133883
19.140000 1.325104
19.150000 1.260841
19.160000 1.139901
19.170000 0.925944
19.180000 0.613144
19.190000 0.293078
19.200000 0.522508
19.210000 0.901947
19.220000 1.374516
19.230000 1.857031
19.240000 2.421115
19.250000 3.006653
19.260000 3.571292
19.270000 4.096302
19.280000 4.142048
19.290000 3.655294
19.300000 3.108907
19.310000 2.913053
19.320000 2.807925
19.330000 3.531331
19.340000 3.313983
19.350000 1.741005
19.360000 1.643530
19.370000 4.106523
19.380000 5.173420
19.390000 7.417341
19.400000 9.828178
19.410000 8.123315
19.420000 6.560096
19.430000 5.643350
19.440000 2.979387
19.450000 2.779920
19.460000 5.109020
19.470000 5.383222
19.480000 4.457025
19.490000 4.121672
19.500000 4.114227
19.510000 4.312733
19.520000 3.340481
19.530000 2.928366
19.540000 1.090462
19.550000 1.099683
19.560000 3.857486
19.570000 2.821570
19.580000 1.158569
19.590000 1.314545
19.600000 2.263403
19.610000 1.575321
19.620000 2.779894
19.630000 1.895365
19.640000 2.568225
19.650000 5.099409
19.660000 6.522158
19.670000 4.974600
19.680000 1.728336
19.690000 1.522931
19.700000 3.191123
19.710000 2.360018
19.720000 1.552879
19.730000 1.033783
19.740000 0.989285
19.750000 1.079879
19.760000 1.285966
19.770000 1.367933
19.780000 1.467807
19.790000 1.257665
19.800000 1.042542
19.810000 0.676507
19.820000 0.466326
19.830000 0.724479
19.840000 0.697216
19.850000 0.794446
19.860000 1.182197
19.870000 1.773535
19.880000 2.393584
19.890000 3.012444
19.900000 3.645625
19.910000 4.277051
19.920000 4.358023
19.930000 4.081565
19.940000 3.642646
19.950000 3.042354
19.960000 2.883408
19.970000 3.866244
19.980000 3.751189
19.990000 2.386408
