0.000000 0.846632
0.010000 0.836368
0.020000 0.811938
0.030000 0.778075
0.040000 0.716520
0.050000 0.641790
0.060000 0.629081
0.070000 0.620914
0.080000 0.633201
0.090000 0.664446
0.100000 0.715637
0.110000 0.741669
0.120000 0.756039
0.130000 0.775811
0.140000 0.807378
0.150000 0.836248
0.160000 0.872114
0.170000 0.889820
0.180000 0.906919
0.190000 0.926161
0.200000 0.939508
0.210000 0.952872
0.220000 0.969025
0.230000 0.986961
0.240000 1.006402
0.250000 1.025964
0.260000 1.048047
0.270000 1.069784
0.280000 1.093557
0.290000 1.119326
0.300000 1.147216
0.310000 1.176984
0.320000 1.183834
0.330000 1.199360
0.340000 1.242363
0.350000 1.281060
0.360000 1.309260
0.370000 1.375039
0.380000 1.481488
0.390000 1.600339
0.400000 1.726281
0.410000 1.856350
0.420000 1.919020
0.430000 1.974881
0.440000 2.011984
0.450000 2.007928
0.460000 2.000241
0.470000 2.008497
0.480000 2.003541
0.490000 1.966751
0.500000 1.968992
0.510000 1.972903
0.520000 1.983664
0.530000 2.018732
0.540000 2.077523
0.550000 2.127792
0.560000 2.252985
0.570000 2.396340
0.580000 2.516540
0.590000 2.577040
0.600000 2.524769
0.610000 2.546115
0.620000 2.602676
0.630000 2.630795
0.640000 2.665334
0.650000 2.711500
0.660000 2.718446
0.670000 2.680854
0.680000 2.635424
0.690000 2.595364
0.700000 2.580109
0.710000 2.627724
0.720000 2.651182
0.730000 2.626481
0.740000 2.573801
0.750000 2.523423
0.760000 2.475747
0.770000 2.430893
0.780000 2.403549
0.790000 2.397788
0.800000 2.400901
0.810000 2.383437
0.820000 2.317612
0.830000 2.264561
0.840000 2.207106
0.850000 2.173706
0.860000 2.153444
0.870000 2.149716
0.880000 2.183504
0.890000 2.213007
0.900000 2.232849
0.910000 2.262540
0.920000 2.308026
0.930000 2.308805
0.940000 2.307979
0.950000 2.319569
0.960000 2.339128
0.970000 2.344653
0.980000 2.356138
0.990000 2.371010
1.000000 2.378530
1.010000 2.382061
1.020000 2.363297
1.030000 2.367483
1.040000 2.348446
1.050000 2.330467
1.060000 2.310116
1.070000 2.260372
1.080000 2.231575
1.090000 2.216292
1.100000 2.220840
1.110000 2.210465
1.120000 2.200082
1.130000 2.183767
1.140000 2.158185
1.150000 2.154387
1.160000 2.155542
1.170000 2.149588
1.180000 2.120817
1.190000 2.069077
1.200000 2.003347
1.210000 1.916144
1.220000 1.798871
1.230000 1.647170
1.240000 1.494923
1.250000 1.376453
1.260000 1.278747
1.270000 1.226419
1.280000 1.213384
1.290000 1.204923
1.300000 1.187905
1.310000 1.176728
1.320000 1.198924
1.330000 1.217584
1.340000 1.239742
1.350000 1.269698
1.360000 1.303234
1.370000 1.331433
1.380000 1.367156
1.390000 1.362025
1.400000 1.335152
1.410000 1.319072
1.420000 1.304818
1.430000 1.342048
1.440000 1.385977
1.450000 1.427108
1.460000 1.464034
1.470000 1.504163
1.480000 1.546333
1.490000 1.591159
1.500000 1.647900
1.510000 1.702013
1.520000 1.750614
1.530000 1.807731
1.540000 1.876953
1.550000 1.920634
1.560000 1.959161
1.570000 1.994332
1.580000 2.050159
1.590000 2.110874
1.600000 2.145099
1.610000 2.184446
1.620000 2.200393
1.630000 2.236521
1.640000 2.273344
1.650000 2.310650
1.660000 2.347943
1.670000 2.349553
1.680000 2.338412
1.690000 2.328128
1.700000 2.304986
1.710000 2.270482
1.720000 2.246750
1.730000 2.236297
1.740000 2.227517
1.750000 2.218387
1.760000 2.202395
1.770000 2.179896
1.780000 2.157647
1.790000 2.120742
1.800000 2.029797
1.810000 1.918841
1.820000 1.820517
1.830000 1.730293
1.840000 1.634881
1.850000 1.543696
1.860000 1.466439
1.870000 1.399890
1.880000 1.336195
1.890000 1.275815
1.900000 1.219194
1.910000 1.166385
1.920000 1.118137
1.930000 1.082622
1.940000 1.062224
1.950000 1.046821
1.960000 1.036796
1.970000 1.031199
1.980000 1.024980
1.990000 1.022000
2.000000 1.020575
2.010000 1.021204
2.020000 1.023464
2.030000 1.027602
2.040000 1.033357
2.050000 1.040579
2.060000 1.049375
2.070000 1.059694
2.080000 1.069584
2.090000 1.035237
2.100000 0.985659
2.110000 0.933817
2.120000 0.887739
2.130000 0.848054
2.140000 0.835541
2.150000 0.828600
2.160000 0.827913
2.170000 0.839685
2.180000 0.863525
2.190000 0.883687
2.200000 0.876948
2.210000 0.875955
2.220000 0.893771
2.230000 0.923655
2.240000 0.959772
2.250000 0.966445
2.260000 1.021552
2.270000 1.077118
2.280000 1.125521
2.290000 1.173220
2.300000 1.218936
2.310000 1.263002
2.320000 1.304856
2.330000 1.344941
2.340000 1.383923
2.350000 1.422424
2.360000 1.461901
2.370000 1.488827
2.380000 1.513457
2.390000 1.536077
2.400000 1.555192
2.410000 1.563180
2.420000 1.570191
2.430000 1.577410
2.440000 1.578451
2.450000 1.575577
2.460000 1.565185
2.470000 1.555030
2.480000 1.548056
2.490000 1.540761
2.500000 1.532331
2.510000 1.523169
2.520000 1.513034
2.530000 1.503187
2.540000 1.494803
2.550000 1.485699
2.560000 1.475322
2.570000 1.464367
2.580000 1.453430
2.590000 1.444223
2.600000 1.439035
2.610000 1.448053
2.620000 1.462729
2.630000 1.481466
2.640000 1.499894
2.650000 1.518286
2.660000 1.536945
2.670000 1.553854
2.680000 1.565740
2.690000 1.577649
2.700000 1.590427
2.710000 1.602965
2.720000 1.615628
2.730000 1.631169
2.740000 1.649292
2.750000 1.667470
2.760000 1.685436
2.770000 1.703465
2.780000 1.722869
2.790000 1.741666
2.800000 1.703932
2.810000 1.672097
2.820000 1.624901
2.830000 1.583370
2.840000 1.572020
2.850000 1.544690
2.860000 1.516490
2.870000 1.487061
2.880000 1.455109
2.890000 1.405306
2.900000 1.356594
2.910000 1.306603
2.920000 1.236772
2.930000 1.170148
2.940000 1.101852
2.950000 1.060798
2.960000 1.018878
2.970000 0.954834
2.980000 0.892440
2.990000 0.831339
3.000000 0.771358
3.010000 0.716248
3.020000 0.681569
3.030000 0.661178
3.040000 0.643169
3.050000 0.617234
3.060000 0.588269
3.070000 0.544064
3.080000 0.503474
3.090000 0.468393
3.100000 0.447152
3.110000 0.446309
3.120000 0.457906
3.130000 0.444519
3.140000 0.392366
3.150000 0.346596
3.160000 0.309067
3.170000 0.281655
3.180000 0.274279
3.190000 0.290543
3.200000 0.332721
3.210000 0.379706
3.220000 0.441307
3.230000 0.505154
3.240000 0.576866
3.250000 0.587043
3.260000 0.571820
3.270000 0.614529
3.280000 0.659484
3.290000 0.713026
3.300000 0.749828
3.310000 0.760375
3.320000 0.798796
3.330000 0.859023
3.340000 0.931668
3.350000 0.983314
3.360000 0.995338
3.370000 1.017568
3.380000 1.042597
3.390000 1.066326
3.400000 1.063594
3.410000 1.037707
3.420000 1.014982
3.430000 0.998945
3.440000 0.986028
3.450000 0.975238
3.460000 0.962386
3.470000 0.891583
3.480000 0.803522
3.490000 0.719937
3.500000 0.640731
3.510000 0.535823
3.520000 0.479325
3.530000 0.465534
3.540000 0.445009
3.550000 0.400129
3.560000 0.327436
3.570000 0.265748
3.580000 0.209623
3.590000 0.162137
3.600000 0.133113
3.610000 0.141317
3.620000 0.200111
3.630000 0.308409
3.640000 0.467285
3.650000 0.597176
3.660000 0.717824
3.670000 0.824803
3.680000 0.906886
3.690000 0.942755
3.700000 0.984294
3.710000 1.014833
3.720000 1.042215
3.730000 1.070877
3.740000 1.082587
3.750000 1.077045
3.760000 1.109496
3.770000 1.186498
3.780000 1.238652
3.790000 1.266599
3.800000 1.245666
3.810000 1.258296
3.820000 1.252062
3.830000 1.206518
3.840000 1.197127
3.850000 1.211133
3.860000 1.247634
3.870000 1.256495
3.880000 1.261832
3.890000 1.281481
3.900000 1.337849
3.910000 1.371695
3.920000 1.413641
3.930000 1.481066
3.940000 1.557175
3.950000 1.634371
3.960000 1.748216
3.970000 1.875315
3.980000 1.970665
3.990000 1.997497
4.000000 2.024561
4.010000 2.055133
4.020000 2.016183
4.030000 1.974146
4.040000 1.849278
4.050000 1.708153
4.060000 1.588576
4.070000 1.577909
4.080000 1.600296
4.090000 1.639753
4.100000 1.669290
4.110000 1.721589
4.120000 1.815466
4.130000 1.932987
4.140000 1.960420
4.150000 1.994081
4.160000 1.992288
4.170000 1.961083
4.180000 1.979429
4.190000 2.011999
4.200000 2.044565
4.210000 2.092984
4.220000 2.146444
4.230000 2.177336
4.240000 2.198039
4.250000 2.183298
4.260000 2.162278
4.270000 2.137823
4.280000 2.086380
4.290000 2.027461
4.300000 1.968435
4.310000 2.015503
4.320000 2.036898
4.330000 1.914510
4.340000 1.793002
4.350000 1.760858
4.360000 1.765370
4.370000 1.770282
4.380000 1.777291
4.390000 1.801431
4.400000 1.828822
4.410000 1.828932
4.420000 1.781975
4.430000 1.679107
4.440000 1.568517
4.450000 1.462431
4.460000 1.432316
4.470000 1.408197
4.480000 1.376878
4.490000 1.282674
4.500000 1.193043
4.510000 1.164207
4.520000 1.184997
4.530000 1.217526
4.540000 1.236964
4.550000 1.254670
4.560000 1.284104
4.570000 1.318731
4.580000 1.346032
4.590000 1.400398
4.600000 1.485861
4.610000 1.604503
4.620000 1.727102
4.630000 1.856721
4.640000 1.975792
4.650000 2.094240
4.660000 2.210991
4.670000 2.325785
4.680000 2.353295
4.690000 2.370503
4.700000 2.425108
4.710000 2.463665
4.720000 2.492016
4.730000 2.517082
4.740000 2.509628
4.750000 2.470416
4.760000 2.427670
4.770000 2.412035
4.780000 2.432522
4.790000 2.456406
4.800000 2.475566
4.810000 2.495764
4.820000 2.515165
4.830000 2.543485
4.840000 2.584449
4.850000 2.624136
4.860000 2.654846
4.870000 2.685089
4.880000 2.710873
4.890000 2.703293
4.900000 2.739263
4.910000 2.767965
4.920000 2.733200
4.930000 2.690217
4.940000 2.665931
4.950000 2.644693
4.960000 2.622964
4.970000 2.602241
4.980000 2.580908
4.990000 2.566948
5.000000 2.555527
5.010000 2.519661
5.020000 2.464946
5.030000 2.407137
5.040000 2.348502
5.050000 2.282239
5.060000 2.216437
5.070000 2.151077
5.080000 2.069785
5.090000 1.968287
5.100000 1.887942
5.110000 1.840731
5.120000 1.794846
5.130000 1.750142
5.140000 1.706543
5.150000 1.663964
5.160000 1.623089
5.170000 1.582803
5.180000 1.559661
5.190000 1.579959
5.200000 1.601022
5.210000 1.553159
5.220000 1.501175
5.230000 1.452706
5.240000 1.408649
5.250000 1.374028
5.260000 1.346557
5.270000 1.322221
5.280000 1.303064
5.290000 1.273351
5.300000 1.245502
5.310000 1.224664
5.320000 1.212608
5.330000 1.208461
5.340000 1.182745
5.350000 1.155799
5.360000 1.132144
5.370000 1.111191
5.380000 1.093825
5.390000 1.096580
5.400000 1.063322
5.410000 1.032464
5.420000 1.002813
5.430000 0.973986
5.440000 0.937935
5.450000 0.940249
5.460000 0.976640
5.470000 1.014122
5.480000 0.978044
5.490000 0.946392
5.500000 0.923085
5.510000 0.905719
5.520000 0.893510
5.530000 0.900440
5.540000 0.930491
5.550000 0.963081
5.560000 0.997425
5.570000 1.029570
5.580000 1.048832
5.590000 1.076076
5.600000 1.105795
5.610000 1.137355
5.620000 1.161091
5.630000 1.186231
5.640000 1.212253
5.650000 1.239669
5.660000 1.268217
5.670000 1.290743
5.680000 1.312214
5.690000 1.335175
5.700000 1.358830
5.710000 1.383626
5.720000 1.409953
5.730000 1.437107
5.740000 1.433746
5.750000 1.422353
5.760000 1.413719
5.770000 1.406473
5.780000 1.402142
5.790000 1.399890
5.800000 1.394904
5.810000 1.383730
5.820000 1.397610
5.830000 1.410488
5.840000 1.417906
5.850000 1.427313
5.860000 1.437681
5.870000 1.437203
5.880000 1.422500
5.890000 1.418643
5.900000 1.424830
5.910000 1.425750
5.920000 1.430162
5.930000 1.436957
5.940000 1.457764
5.950000 1.481321
5.960000 1.504944
5.970000 1.538086
5.980000 1.581342
5.990000 1.626357
6.000000 1.672626
6.010000 1.712477
6.020000 1.749170
6.030000 1.785719
6.040000 1.823345
6.050000 1.861343
6.060000 1.867724
6.070000 1.872335
6.080000 1.879405
6.090000 1.887898
6.100000 1.898971
6.110000 1.913626
6.120000 1.950844
6.130000 2.010821
6.140000 2.048302
6.150000 2.078023
6.160000 2.092244
6.170000 2.082631
6.180000 2.063917
6.190000 2.044735
6.200000 2.006713
6.210000 1.967173
6.220000 1.927568
6.230000 1.887839
6.240000 1.847966
6.250000 1.790487
6.260000 1.734374
6.270000 1.662083
6.280000 1.575651
6.290000 1.478953
6.300000 1.387640
6.310000 1.368341
6.320000 1.395809
6.330000 1.424718
6.340000 1.455825
6.350000 1.463408
6.360000 1.483920
6.370000 1.473060
6.380000 1.439254
6.390000 1.405649
6.400000 1.367040
6.410000 1.334391
6.420000 1.287996
6.430000 1.242083
6.440000 1.241711
6.450000 1.301120
6.460000 1.362657
6.470000 1.346633
6.480000 1.300648
6.490000 1.253950
6.500000 1.190498
6.510000 1.116791
6.520000 1.051059
6.530000 0.992385
6.540000 0.954199
6.550000 0.934738
6.560000 0.949648
6.570000 0.945391
6.580000 0.940182
6.590000 0.912446
6.600000 0.834923
6.610000 0.790296
6.620000 0.720782
6.630000 0.640619
6.640000 0.573732
6.650000 0.561311
6.660000 0.587098
6.670000 0.609640
6.680000 0.630857
6.690000 0.641578
6.700000 0.642610
6.710000 0.617016
6.720000 0.608530
6.730000 0.610696
6.740000 0.618843
6.750000 0.630234
6.760000 0.643725
6.770000 0.659430
6.780000 0.682213
6.790000 0.700216
6.800000 0.707713
6.810000 0.721214
6.820000 0.731764
6.830000 0.745014
6.840000 0.772688
6.850000 0.781713
6.860000 0.786321
6.870000 0.753280
6.880000 0.738476
6.890000 0.747258
6.900000 0.756473
6.910000 0.773499
6.920000 0.782579
6.930000 0.788985
6.940000 0.784011
6.950000 0.770278
6.960000 0.758441
6.970000 0.751563
6.980000 0.741567
6.990000 0.736305
7.000000 0.735371
7.010000 0.732699
7.020000 0.705564
7.030000 0.701785
7.040000 0.707600
7.050000 0.681854
7.060000 0.615570
7.070000 0.568828
7.080000 0.539685
7.090000 0.501179
7.100000 0.455388
7.110000 0.409327
7.120000 0.343497
7.130000 0.285269
7.140000 0.248599
7.150000 0.218043
7.160000 0.225969
7.170000 0.263164
7.180000 0.295458
7.190000 0.358016
7.200000 0.435142
7.210000 0.507568
7.220000 0.532539
7.230000 0.565760
7.240000 0.584958
7.250000 0.601952
7.260000 0.563615
7.270000 0.566982
7.280000 0.571461
7.290000 0.569265
7.300000 0.540481
7.310000 0.518669
7.320000 0.560031
7.330000 0.631698
7.340000 0.674110
7.350000 0.725522
7.360000 0.796182
7.370000 0.910052
7.380000 1.032249
7.390000 1.137405
7.400000 1.202963
7.410000 1.263180
7.420000 1.222035
7.430000 1.167207
7.440000 1.092208
7.450000 0.997012
7.460000 0.890565
7.470000 0.804031
7.480000 0.748607
7.490000 0.667212
7.500000 0.607744
7.510000 0.580056
7.520000 0.613791
7.530000 0.612909
7.540000 0.677656
7.550000 0.761432
7.560000 0.893469
7.570000 0.979115
7.580000 1.007734
7.590000 0.986962
7.600000 0.882440
7.610000 0.780694
7.620000 0.681755
7.630000 0.553982
7.640000 0.454567
7.650000 0.406435
7.660000 0.420929
7.670000 0.509536
7.680000 0.627055
7.690000 0.711844
7.700000 0.745766
7.710000 0.735614
7.720000 0.771030
7.730000 0.778247
7.740000 0.759950
7.750000 0.705354
7.760000 0.649930
7.770000 0.627622
7.780000 0.621693
7.790000 0.639167
7.800000 0.640543
7.810000 0.641821
7.820000 0.607403
7.830000 0.567837
7.840000 0.533012
7.850000 0.457111
7.860000 0.481235
7.870000 0.542187
7.880000 0.601341
7.890000 0.634122
7.900000 0.664097
7.910000 0.689753
7.920000 0.715801
7.930000 0.742270
7.940000 0.766020
7.950000 0.788586
7.960000 0.797255
7.970000 0.809427
7.980000 0.845150
7.990000 0.903908
8.000000 0.936248
8.010000 0.970001
8.020000 1.011999
8.030000 1.061933
8.040000 1.097348
8.050000 1.128999
8.060000 1.161718
8.070000 1.196323
8.080000 1.231511
8.090000 1.274362
8.100000 1.319243
8.110000 1.365245
8.120000 1.412068
8.130000 1.429297
8.140000 1.401359
8.150000 1.373011
8.160000 1.346715
8.170000 1.321496
8.180000 1.300746
8.190000 1.283620
8.200000 1.267315
8.210000 1.251265
8.220000 1.236115
8.230000 1.221543
8.240000 1.210425
8.250000 1.199061
8.260000 1.175955
8.270000 1.156783
8.280000 1.136315
8.290000 1.097487
8.300000 1.051097
8.310000 1.007308
8.320000 0.967521
8.330000 0.931497
8.340000 0.908182
8.350000 0.897182
8.360000 0.888338
8.370000 0.881759
8.380000 0.886595
8.390000 0.894407
8.400000 0.908780
8.410000 0.944365
8.420000 0.988238
8.430000 1.039238
8.440000 1.093343
8.450000 1.150093
8.460000 1.139022
8.470000 1.121406
8.480000 1.067541
8.490000 1.015710
8.500000 0.967954
8.510000 0.943908
8.520000 0.930450
8.530000 0.925706
8.540000 0.930499
8.550000 0.927119
8.560000 0.917861
8.570000 0.909662
8.580000 0.902640
8.590000 0.896907
8.600000 0.885296
8.610000 0.875471
8.620000 0.870363
8.630000 0.853511
8.640000 0.830756
8.650000 0.808979
8.660000 0.788616
8.670000 0.769196
8.680000 0.754889
8.690000 0.752514
8.700000 0.753776
8.710000 0.757888
8.720000 0.759495
8.730000 0.757553
8.740000 0.758242
8.750000 0.762011
8.760000 0.768468
8.770000 0.777659
8.780000 0.789113
8.790000 0.803088
8.800000 0.816915
8.810000 0.831961
8.820000 0.848850
8.830000 0.866796
8.840000 0.888037
8.850000 0.912672
8.860000 0.937389
8.870000 0.959457
8.880000 0.976551
8.890000 0.995948
8.900000 1.019065
8.910000 1.038384
8.920000 1.058172
8.930000 1.078786
8.940000 1.100008
8.950000 1.119882
8.960000 1.133096
8.970000 1.147214
8.980000 1.161589
8.990000 1.176647
9.000000 1.188736
9.010000 1.199043
9.020000 1.208998
9.030000 1.219648
9.040000 1.231643
9.050000 1.244277
9.060000 1.259886
9.070000 1.281901
9.080000 1.305003
9.090000 1.316808
9.100000 1.319581
9.110000 1.314391
9.120000 1.293858
9.130000 1.296459
9.140000 1.347661
9.150000 1.375626
9.160000 1.401550
9.170000 1.427036
9.180000 1.455644
9.190000 1.432740
9.200000 1.407129
9.210000 1.365489
9.220000 1.314364
9.230000 1.266191
9.240000 1.220903
9.250000 1.185934
9.260000 1.148102
9.270000 1.113975
9.280000 1.070214
9.290000 1.025626
9.300000 0.998072
9.310000 0.999408
9.320000 1.011373
9.330000 1.024760
9.340000 1.039320
9.350000 1.056848
9.360000 1.067807
9.370000 1.085728
9.380000 1.095316
9.390000 1.077475
9.400000 1.045530
9.410000 1.007426
9.420000 0.973470
9.430000 0.961391
9.440000 0.935767
9.450000 0.904517
9.460000 0.892270
9.470000 0.896984
9.480000 0.897600
9.490000 0.897708
9.500000 0.898062
9.510000 0.901499
9.520000 0.907353
9.530000 0.915922
9.540000 0.931170
9.550000 0.953889
9.560000 1.000534
9.570000 1.058134
9.580000 1.124576
9.590000 1.176297
9.600000 1.226632
9.610000 1.281880
9.620000 1.332456
9.630000 1.384570
9.640000 1.404669
9.650000 1.338349
9.660000 1.267220
9.670000 1.215373
9.680000 1.172578
9.690000 1.139874
9.700000 1.109205
9.710000 1.085019
9.720000 1.006577
9.730000 0.933540
9.740000 0.859102
9.750000 0.773234
9.760000 0.721900
9.770000 0.678652
9.780000 0.633949
9.790000 0.638890
9.800000 0.658136
9.810000 0.709454
9.820000 0.762996
9.830000 0.818630
9.840000 0.866704
9.850000 0.944885
9.860000 0.980706
9.870000 1.040346
9.880000 1.068800
9.890000 1.006228
9.900000 0.929105
9.910000 0.890074
9.920000 0.974036
9.930000 1.090703
9.940000 1.164922
9.950000 1.152023
9.960000 1.122855
9.970000 1.023865
9.980000 0.928201
9.990000 0.868459
10.000000 0.816636
10.010000 0.734213
10.020000 0.660163
10.030000 0.607839
10.040000 0.602907
10.050000 0.609090
10.060000 0.620828
10.070000 0.631260
10.080000 0.650399
10.090000 0.651111
10.100000 0.649268
10.110000 0.651013
10.120000 0.622208
10.130000 0.537510
10.140000 0.495738
10.150000 0.480720
10.160000 0.463793
10.170000 0.498866
10.180000 0.538975
10.190000 0.576823
10.200000 0.623041
10.210000 0.668138
10.220000 0.691340
10.230000 0.750714
10.240000 0.848277
10.250000 1.031036
10.260000 1.195342
10.270000 1.288276
10.280000 1.275478
10.290000 1.241714
10.300000 1.167008
10.310000 1.081322
10.320000 1.034660
10.330000 1.009050
10.340000 0.967106
10.350000 0.888154
10.360000 0.793711
10.370000 0.670889
10.380000 0.552659
10.390000 0.426245
10.400000 0.334088
10.410000 0.248451
10.420000 0.177954
10.430000 0.201398
10.440000 0.082426
10.450000 0.081426
10.460000 0.165380
10.470000 0.154755
10.480000 0.121849
10.490000 0.104620
10.500000 0.192683
10.510000 0.269874
10.520000 0.406767
10.530000 0.591263
10.540000 0.699376
10.550000 0.755568
10.560000 0.817369
10.570000 0.895945
10.580000 0.976586
10.590000 1.027790
10.600000 1.038501
10.610000 1.011611
10.620000 1.008611
10.630000 1.025989
10.640000 1.022249
10.650000 0.980699
10.660000 0.940898
10.670000 0.895046
10.680000 0.831321
10.690000 0.731743
10.700000 0.634861
10.710000 0.509613
10.720000 0.389552
10.730000 0.324571
10.740000 0.306324
10.750000 0.301041
10.760000 0.316755
10.770000 0.332332
10.780000 0.342394
10.790000 0.351890
10.800000 0.346237
10.810000 0.361121
10.820000 0.425645
10.830000 0.523183
10.840000 0.638299
10.850000 0.762712
10.860000 0.835256
10.870000 0.871797
10.880000 0.882762
10.890000 0.872011
10.900000 0.901176
10.910000 0.933655
10.920000 0.901519
10.930000 0.850579
10.940000 0.814586
10.950000 0.777681
10.960000 0.738679
10.970000 0.664886
10.980000 0.598351
10.990000 0.528506
11.000000 0.465755
11.010000 0.430529
11.020000 0.407181
11.030000 0.397527
11.040000 0.394700
11.050000 0.396269
11.060000 0.402170
11.070000 0.414131
11.080000 0.441428
11.090000 0.468993
11.100000 0.493625
11.110000 0.517368
11.120000 0.542651
11.130000 0.569371
11.140000 0.595016
11.150000 0.607354
11.160000 0.618879
11.170000 0.613402
11.180000 0.608168
11.190000 0.603567
11.200000 0.600109
11.210000 0.597283
11.220000 0.594908
11.230000 0.593617
11.240000 0.598268
11.250000 0.605682
11.260000 0.615023
11.270000 0.621810
11.280000 0.601845
11.290000 0.584373
11.300000 0.568983
11.310000 0.556170
11.320000 0.525675
11.330000 0.501969
11.340000 0.492121
11.350000 0.490936
11.360000 0.498315
11.370000 0.508315
11.380000 0.519033
11.390000 0.530025
11.400000 0.527966
11.410000 0.507914
11.420000 0.493561
11.430000 0.479568
11.440000 0.465938
11.450000 0.443375
11.460000 0.432363
11.470000 0.428083
11.480000 0.420950
11.490000 0.413833
11.500000 0.392584
11.510000 0.359042
11.520000 0.319153
11.530000 0.284242
11.540000 0.246577
11.550000 0.211174
11.560000 0.181518
11.570000 0.163778
11.580000 0.163270
11.590000 0.179296
11.600000 0.209541
11.610000 0.250004
11.620000 0.296425
11.630000 0.345846
11.640000 0.397721
11.650000 0.448988
11.660000 0.487139
11.670000 0.528380
11.680000 0.571145
11.690000 0.615963
11.700000 0.662504
11.710000 0.714683
11.720000 0.775340
11.730000 0.828020
11.740000 0.886511
11.750000 0.954832
11.760000 1.018036
11.770000 0.991511
11.780000 0.941982
11.790000 0.893579
11.800000 0.855346
11.810000 0.826606
11.820000 0.801826
11.830000 0.785829
11.840000 0.784654
11.850000 0.799743
11.860000 0.828969
11.870000 0.864143
11.880000 0.904717
11.890000 0.948658
11.900000 0.975127
11.910000 0.992218
11.920000 1.009333
11.930000 1.025181
11.940000 1.038253
11.950000 1.050607
11.960000 1.059486
11.970000 1.065502
11.980000 1.071269
11.990000 1.075729
12.000000 1.083718
12.010000 1.084055
12.020000 1.085411
12.030000 1.078709
12.040000 1.076223
12.050000 1.073561
12.060000 1.065004
12.070000 1.047738
12.080000 1.030334
12.090000 1.012885
12.100000 0.995633
12.110000 0.978211
12.120000 0.960811
12.130000 0.943590
12.140000 0.926479
12.150000 0.910283
12.160000 0.893753
12.170000 0.877398
12.180000 0.861588
12.190000 0.845587
12.200000 0.833594
12.210000 0.821804
12.220000 0.810186
12.230000 0.798907
12.240000 0.795938
12.250000 0.802420
12.260000 0.810450
12.270000 0.812393
12.280000 0.823880
12.290000 0.827019
12.300000 0.821433
12.310000 0.821460
12.320000 0.822906
12.330000 0.825330
12.340000 0.829975
12.350000 0.838536
12.360000 0.848490
12.370000 0.823485
12.380000 0.787853
12.390000 0.756368
12.400000 0.726204
12.410000 0.693200
12.420000 0.658400
12.430000 0.629183
12.440000 0.605444
12.450000 0.592641
12.460000 0.587725
12.470000 0.589389
12.480000 0.573855
12.490000 0.559570
12.500000 0.546312
12.510000 0.534045
12.520000 0.524113
12.530000 0.506189
12.540000 0.493028
12.550000 0.497810
12.560000 0.526840
12.570000 0.563993
12.580000 0.590379
12.590000 0.589918
12.600000 0.601453
12.610000 0.614899
12.620000 0.651433
12.630000 0.691179
12.640000 0.731206
12.650000 0.775243
12.660000 0.814112
12.670000 0.775473
12.680000 0.738254
12.690000 0.727050
12.700000 0.730343
12.710000 0.733957
12.720000 0.738690
12.730000 0.671485
12.740000 0.594030
12.750000 0.513830
12.760000 0.455673
12.770000 0.387201
12.780000 0.348210
12.790000 0.354147
12.800000 0.393705
12.810000 0.441705
12.820000 0.522798
12.830000 0.552174
12.840000 0.565254
12.850000 0.555406
12.860000 0.549732
12.870000 0.519641
12.880000 0.497526
12.890000 0.487139
12.900000 0.492424
12.910000 0.494216
12.920000 0.495560
12.930000 0.530847
12.940000 0.610842
12.950000 0.723213
12.960000 0.839447
12.970000 0.958185
12.980000 1.050410
12.990000 1.107271
13.000000 1.117190
13.010000 1.087012
13.020000 1.033505
13.030000 0.999276
13.040000 0.952489
13.050000 0.866988
13.060000 0.819727
13.070000 0.797357
13.080000 0.805180
13.090000 0.783634
13.100000 0.756274
13.110000 0.704894
13.120000 0.654627
13.130000 0.620874
13.140000 0.586897
13.150000 0.570403
13.160000 0.556163
13.170000 0.541225
13.180000 0.539068
13.190000 0.580953
13.200000 0.617046
13.210000 0.594235
13.220000 0.574595
13.230000 0.539933
13.240000 0.505781
13.250000 0.493955
13.260000 0.508262
13.270000 0.567573
13.280000 0.616767
13.290000 0.665149
13.300000 0.674386
13.310000 0.673877
13.320000 0.618483
13.330000 0.526592
13.340000 0.469160
13.350000 0.440197
13.360000 0.422223
13.370000 0.409585
13.380000 0.389758
13.390000 0.406960
13.400000 0.425239
13.410000 0.421486
13.420000 0.384252
13.430000 0.354837
13.440000 0.327573
13.450000 0.315475
13.460000 0.317015
13.470000 0.316196
13.480000 0.315316
13.490000 0.312882
13.500000 0.326576
13.510000 0.376736
13.520000 0.451769
13.530000 0.550947
13.540000 0.584776
13.550000 0.648735
13.560000 0.705970
13.570000 0.730488
13.580000 0.705685
13.590000 0.716384
13.600000 0.760945
13.610000 0.786630
13.620000 0.803974
13.630000 0.756706
13.640000 0.622206
13.650000 0.516492
13.660000 0.427240
13.670000 0.371859
13.680000 0.366614
13.690000 0.383631
13.700000 0.377596
13.710000 0.350606
13.720000 0.322696
13.730000 0.277608
13.740000 0.237299
13.750000 0.257342
13.760000 0.276600
13.770000 0.301384
13.780000 0.302638
13.790000 0.298215
13.800000 0.289955
13.810000 0.310765
13.820000 0.325339
13.830000 0.292355
13.840000 0.263366
13.850000 0.247409
13.860000 0.224526
13.870000 0.222683
13.880000 0.191778
13.890000 0.139594
13.900000 0.111529
13.910000 0.142693
13.920000 0.190394
13.930000 0.122518
13.940000 0.111431
13.950000 0.161368
13.960000 0.229979
13.970000 0.350016
13.980000 0.467467
13.990000 0.587735
14.000000 0.721029
14.010000 0.894859
14.020000 1.063399
14.030000 1.218807
14.040000 1.367094
14.050000 1.484134
14.060000 1.543950
14.070000 1.580250
14.080000 1.489897
14.090000 1.396375
14.100000 1.309399
14.110000 1.252867
14.120000 1.178820
14.130000 1.079157
14.140000 0.929837
14.150000 0.781899
14.160000 0.636330
14.170000 0.515873
14.180000 0.448536
14.190000 0.384530
14.200000 0.325185
14.210000 0.256372
14.220000 0.214501
14.230000 0.257567
14.240000 0.281630
14.250000 0.290928
14.260000 0.286846
14.270000 0.303632
14.280000 0.320608
14.290000 0.330052
14.300000 0.333488
14.310000 0.324079
14.320000 0.317129
14.330000 0.313294
14.340000 0.309181
14.350000 0.310980
14.360000 0.337985
14.370000 0.398395
14.380000 0.454540
14.390000 0.491809
14.400000 0.526423
14.410000 0.582218
14.420000 0.648390
14.430000 0.707397
14.440000 0.776406
14.450000 0.876163
14.460000 0.954786
14.470000 0.960999
14.480000 0.943983
14.490000 0.927974
14.500000 0.912767
14.510000 0.898677
14.520000 0.885222
14.530000 0.872909
14.540000 0.861460
14.550000 0.849202
14.560000 0.825740
14.570000 0.799692
14.580000 0.775538
14.590000 0.754706
14.600000 0.728189
14.610000 0.698670
14.620000 0.672429
14.630000 0.649584
14.640000 0.626557
14.650000 0.553738
14.660000 0.467335
14.670000 0.361432
14.680000 0.282195
14.690000 0.253900
14.700000 0.295968
14.710000 0.348729
14.720000 0.388709
14.730000 0.437333
14.740000 0.490190
14.750000 0.543597
14.760000 0.593204
14.770000 0.642011
14.780000 0.672802
14.790000 0.701853
14.800000 0.729554
14.810000 0.746846
14.820000 0.766963
14.830000 0.803003
14.840000 0.843834
14.850000 0.882925
14.860000 0.895387
14.870000 0.901304
14.880000 0.907434
14.890000 0.907086
14.900000 0.908172
14.910000 0.910959
14.920000 0.915133
14.930000 0.924404
14.940000 0.932106
14.950000 0.927559
14.960000 0.928282
14.970000 0.901971
14.980000 0.875557
14.990000 0.848908
15.000000 0.822355
15.010000 0.790933
15.020000 0.759522
15.030000 0.728437
15.040000 0.698001
15.050000 0.667891
15.060000 0.638454
15.070000 0.609953
15.080000 0.582323
15.090000 0.555712
15.100000 0.530306
15.110000 0.506245
15.120000 0.483784
15.130000 0.464116
15.140000 0.445565
15.150000 0.427473
15.160000 0.410284
15.170000 0.393837
15.180000 0.375737
15.190000 0.356300
15.200000 0.336351
15.210000 0.294453
15.220000 0.257139
15.230000 0.229262
15.240000 0.209975
15.250000 0.200490
15.260000 0.197672
15.270000 0.193684
15.280000 0.192254
15.290000 0.188620
15.300000 0.180521
15.310000 0.181618
15.320000 0.182833
15.330000 0.184062
15.340000 0.185463
15.350000 0.185237
15.360000 0.194147
15.370000 0.222144
15.380000 0.252880
15.390000 0.280942
15.400000 0.308381
15.410000 0.315413
15.420000 0.301650
15.430000 0.237055
15.440000 0.181538
15.450000 0.141655
15.460000 0.141214
15.470000 0.152354
15.480000 0.170423
15.490000 0.183242
15.500000 0.187732
15.510000 0.191891
15.520000 0.202777
15.530000 0.223667
15.540000 0.249782
15.550000 0.282930
15.560000 0.329644
15.570000 0.381238
15.580000 0.435817
15.590000 0.492614
15.600000 0.533385
15.610000 0.561325
15.620000 0.555992
15.630000 0.542617
15.640000 0.542421
15.650000 0.548558
15.660000 0.560751
15.670000 0.579850
15.680000 0.583592
15.690000 0.552057
15.700000 0.512351
15.710000 0.481344
15.720000 0.462126
15.730000 0.450248
15.740000 0.455492
15.750000 0.449315
15.760000 0.447480
15.770000 0.446785
15.780000 0.428953
15.790000 0.409833
15.800000 0.403013
15.810000 0.398607
15.820000 0.364482
15.830000 0.347620
15.840000 0.346492
15.850000 0.355914
15.860000 0.380330
15.870000 0.424096
15.880000 0.480674
15.890000 0.518932
15.900000 0.502598
15.910000 0.492641
15.920000 0.472810
15.930000 0.446133
15.940000 0.417654
15.950000 0.358876
15.960000 0.317039
15.970000 0.296653
15.980000 0.285825
15.990000 0.278070
16.000000 0.258765
16.010000 0.251177
16.020000 0.240409
16.030000 0.250740
16.040000 0.285262
16.050000 0.306588
16.060000 0.344334
16.070000 0.359520
16.080000 0.315192
16.090000 0.305061
16.100000 0.336922
16.110000 0.375467
16.120000 0.290315
16.130000 0.205190
16.140000 0.235325
16.150000 0.355044
16.160000 0.434246
16.170000 0.531750
16.180000 0.570643
16.190000 0.554985
16.200000 0.544910
16.210000 0.543179
16.220000 0.535091
16.230000 0.433925
16.240000 0.348300
16.250000 0.310861
16.260000 0.325317
16.270000 0.354549
16.280000 0.338208
16.290000 0.313273
16.300000 0.316454
16.310000 0.470742
16.320000 0.631768
16.330000 0.766160
16.340000 0.817005
16.350000 0.800356
16.360000 0.748762
16.370000 0.706401
16.380000 0.701050
16.390000 0.745524
16.400000 0.784902
16.410000 0.749857
16.420000 0.686513
16.430000 0.633593
16.440000 0.602843
16.450000 0.581213
16.460000 0.524012
16.470000 0.524579
16.480000 0.535605
16.490000 0.577437
16.500000 0.640343
16.510000 0.722481
16.520000 0.771912
16.530000 0.752699
16.540000 0.740963
16.550000 0.766944
16.560000 0.799390
16.570000 0.802190
16.580000 0.837862
16.590000 0.858285
16.600000 0.855648
16.610000 0.834206
16.620000 0.804131
16.630000 0.697472
16.640000 0.816790
16.650000 0.907487
16.660000 0.858652
16.670000 0.664542
16.680000 0.501392
16.690000 0.457862
16.700000 0.414008
16.710000 0.361938
16.720000 0.335506
16.730000 0.319329
16.740000 0.379886
16.750000 0.491740
16.760000 0.608473
16.770000 0.755955
16.780000 0.887750
16.790000 0.962962
16.800000 1.046306
16.810000 1.150283
16.820000 1.307593
16.830000 1.440929
16.840000 1.477338
16.850000 1.479857
16.860000 1.376798
16.870000 1.204047
16.880000 1.006072
16.890000 0.796082
16.900000 0.645008
16.910000 0.620462
16.920000 0.709025
16.930000 0.801070
16.940000 0.841205
16.950000 0.859997
16.960000 0.879851
16.970000 0.922382
16.980000 0.977865
16.990000 1.002897
17.000000 1.019916
17.010000 1.021538
17.020000 1.012608
17.030000 1.030351
17.040000 1.048723
17.050000 1.063978
17.060000 1.051433
17.070000 1.003062
17.080000 0.965491
17.090000 0.960911
17.100000 0.980963
17.110000 1.021262
17.120000 1.064067
17.130000 1.118304
17.140000 1.165923
17.150000 1.221861
17.160000 1.187306
17.170000 1.039802
17.180000 0.888610
17.190000 0.717843
17.200000 0.601662
17.210000 0.526652
17.220000 0.465758
17.230000 0.385356
17.240000 0.383369
17.250000 0.356230
17.260000 0.354517
17.270000 0.344564
17.280000 0.351755
17.290000 0.369524
17.300000 0.386600
17.310000 0.372513
17.320000 0.294007
17.330000 0.229218
17.340000 0.172755
17.350000 0.129196
17.360000 0.113618
17.370000 0.147596
17.380000 0.204974
17.390000 0.262744
17.400000 0.319160
17.410000 0.385288
17.420000 0.460567
17.430000 0.548211
17.440000 0.558856
17.450000 0.537322
17.460000 0.527392
17.470000 0.510448
17.480000 0.495184
17.490000 0.493474
17.500000 0.522373
17.510000 0.555345
17.520000 0.591660
17.530000 0.640619
17.540000 0.689946
17.550000 0.679727
17.560000 0.663672
17.570000 0.640529
17.580000 0.622080
17.590000 0.610420
17.600000 0.599758
17.610000 0.590657
17.620000 0.585545
17.630000 0.587901
17.640000 0.575849
17.650000 0.555391
17.660000 0.535546
17.670000 0.534294
17.680000 0.540012
17.690000 0.521580
17.700000 0.482440
17.710000 0.448761
17.720000 0.428301
17.730000 0.421037
17.740000 0.421797
17.750000 0.451636
17.760000 0.496974
17.770000 0.548308
17.780000 0.604166
17.790000 0.661519
17.800000 0.718068
17.810000 0.770245
17.820000 0.793851
17.830000 0.817553
17.840000 0.813790
17.850000 0.788682
17.860000 0.753891
17.870000 0.700245
17.880000 0.644101
17.890000 0.579271
17.900000 0.513731
17.910000 0.449957
17.920000 0.385245
17.930000 0.322347
17.940000 0.264671
17.950000 0.211147
17.960000 0.186516
17.970000 0.187779
17.980000 0.191637
17.990000 0.197730
18.000000 0.205932
18.010000 0.200248
18.020000 0.195438
18.030000 0.193159
18.040000 0.177447
18.050000 0.172756
18.060000 0.148656
18.070000 0.130720
18.080000 0.149499
18.090000 0.194328
18.100000 0.251681
18.110000 0.314606
18.120000 0.379381
18.130000 0.444298
18.140000 0.500637
18.150000 0.557000
18.160000 0.613161
18.170000 0.663651
18.180000 0.683131
18.190000 0.694761
18.200000 0.706122
18.210000 0.717293
18.220000 0.727980
18.230000 0.722150
18.240000 0.703537
18.250000 0.684535
18.260000 0.665411
18.270000 0.651807
18.280000 0.638587
18.290000 0.628165
18.300000 0.614694
18.310000 0.590063
18.320000 0.568004
18.330000 0.557550
18.340000 0.545884
18.350000 0.525744
18.360000 0.504571
18.370000 0.482617
18.380000 0.460175
18.390000 0.436894
18.400000 0.412940
18.410000 0.388646
18.420000 0.363863
18.430000 0.337441
18.440000 0.297887
18.450000 0.255805
18.460000 0.217835
18.470000 0.188325
18.480000 0.171948
18.490000 0.171856
18.500000 0.180149
18.510000 0.195443
18.520000 0.210839
18.530000 0.232823
18.540000 0.256527
18.550000 0.281761
18.560000 0.308095
18.570000 0.334233
18.580000 0.338136
18.590000 0.328890
18.600000 0.342929
18.610000 0.361464
18.620000 0.385584
18.630000 0.418016
18.640000 0.454623
18.650000 0.495277
18.660000 0.541741
18.670000 0.600610
18.680000 0.660664
18.690000 0.718800
18.700000 0.775216
18.710000 0.830206
18.720000 0.892852
18.730000 0.962739
18.740000 0.999999
18.750000 0.982711
18.760000 0.966038
18.770000 0.952474
18.780000 0.942537
18.790000 0.945983
18.800000 0.884705
18.810000 0.810337
18.820000 0.751251
18.830000 0.701919
18.840000 0.653898
18.850000 0.617225
18.860000 0.616596
18.870000 0.629085
18.880000 0.643648
18.890000 0.636771
18.900000 0.622795
18.910000 0.609757
18.920000 0.600492
18.930000 0.549375
18.940000 0.488169
18.950000 0.428487
18.960000 0.371097
18.970000 0.312639
18.980000 0.261606
18.990000 0.289063
19.000000 0.338572
19.010000 0.419928
19.020000 0.517002
19.030000 0.622254
19.040000 0.731826
19.050000 0.842694
19.060000 0.830921
19.070000 0.821852
19.080000 0.722733
19.090000 0.543267
19.100000 0.379070
19.110000 0.239499
19.120000 0.142954
19.130000 0.118237
19.140000 0.127336
19.150000 0.136220
19.160000 0.136403
19.170000 0.191081
19.180000 0.274219
19.190000 0.358836
19.200000 0.492954
19.210000 0.642103
19.220000 0.706412
19.230000 0.727821
19.240000 0.714990
19.250000 0.754632
19.260000 0.792267
19.270000 0.850203
19.280000 0.921793
19.290000 0.899564
19.300000 0.888969
19.310000 0.907462
19.320000 0.852737
19.330000 0.783507
19.340000 0.745381
19.350000 0.703934
19.360000 0.702049
19.370000 0.617524
19.380000 0.465167
19.390000 0.335032
19.400000 0.250844
19.410000 0.204091
19.420000 0.182129
19.430000 0.164845
19.440000 0.146847
19.450000 0.127983
19.460000 0.115106
19.470000 0.120040
19.480000 0.177597
19.490000 0.247293
19.500000 0.246736
19.510000 0.187753
19.520000 0.122811
19.530000 0.099435
19.540000 0.142109
19.550000 0.241908
19.560000 0.220422
19.570000 0.300082
19.580000 0.359101
19.590000 0.327854
19.600000 0.226748
19.610000 0.147273
19.620000 0.137964
19.630000 0.100643
19.640000 0.045497
19.650000 0.080361
19.660000 0.157881
19.670000 0.228779
19.680000 0.263356
19.690000 0.282940
19.700000 0.204579
19.710000 0.162039
19.720000 0.143642
19.730000 0.116485
19.740000 0.107751
19.750000 0.161460
19.760000 0.179718
19.770000 0.203753
19.780000 0.248796
19.790000 0.254186
19.800000 0.254391
19.810000 0.186860
19.820000 0.145271
19.830000 0.137737
19.840000 0.127363
19.850000 0.128742
19.860000 0.194697
19.870000 0.272771
19.880000 0.284998
19.890000 0.270521
19.900000 0.273560
19.910000 0.282773
19.920000 0.323667
19.930000 0.350122
19.940000 0.399220
19.950000 0.478885
19.960000 0.475446
19.970000 0.423431
19.980000 0.341362
19.990000 0.298053
