0.000000 0.390073
0.010000 0.389359
0.020000 0.392537
0.030000 0.396011
0.040000 0.396660
0.050000 0.393369
0.060000 0.387418
0.070000 0.382489
0.080000 0.381779
0.090000 0.384799
0.100000 0.387324
0.110000 0.384956
0.120000 0.377357
0.130000 0.367541
0.140000 0.359713
0.150000 0.355767
0.160000 0.353225
0.170000 0.347361
0.180000 0.335586
0.190000 0.322550
0.200000 0.319673
0.210000 0.339062
0.220000 0.382269
0.230000 0.427763
0.240000 0.442891
0.250000 0.435415
0.260000 0.446362
0.270000 0.476291
0.280000 0.507032
0.290000 0.541652
0.300000 0.565990
0.310000 0.584665
0.320000 0.617740
0.330000 0.657265
0.340000 0.693928
0.350000 0.734745
0.360000 0.780648
0.370000 0.809922
0.380000 0.815710
0.390000 0.820753
0.400000 0.824229
0.410000 0.817958
0.420000 0.810703
0.430000 0.805699
0.440000 0.792063
0.450000 0.757834
0.460000 0.706971
0.470000 0.655166
0.480000 0.609002
0.490000 0.564241
0.500000 0.525805
0.510000 0.508120
0.520000 0.510129
0.530000 0.512291
0.540000 0.498684
0.550000 0.472008
0.560000 0.445875
0.570000 0.429351
0.580000 0.419918
0.590000 0.409484
0.600000 0.394474
0.610000 0.378265
0.620000 0.365783
0.630000 0.359827
0.640000 0.359644
0.650000 0.362652
0.660000 0.365412
0.670000 0.364890
0.680000 0.359655
0.690000 0.350929
0.700000 0.342540
0.710000 0.338201
0.720000 0.338681
0.730000 0.340375
0.740000 0.338897
0.750000 0.332079
0.760000 0.321950
0.770000 0.313632
0.780000 0.311749
0.790000 0.315298
0.800000 0.316320
0.810000 0.307388
0.820000 0.291555
0.830000 0.281881
0.840000 0.293045
0.850000 0.331210
0.860000 0.381542
0.870000 0.407116
0.880000 0.398989
0.890000 0.405686
0.900000 0.443769
0.910000 0.478988
0.920000 0.511106
0.930000 0.532733
0.940000 0.546267
0.950000 0.579719
0.960000 0.623928
0.970000 0.661226
0.980000 0.697853
0.990000 0.742056
1.000000 0.774187
1.010000 0.773364
1.020000 0.769552
1.030000 0.775700
1.040000 0.774592
1.050000 0.767594
1.060000 0.765249
1.070000 0.759619
1.080000 0.730866
1.090000 0.680880
1.100000 0.630054
1.110000 0.587771
1.120000 0.545807
1.130000 0.504970
1.140000 0.481851
1.150000 0.480023
1.160000 0.481213
1.170000 0.468634
1.180000 0.443011
1.190000 0.417170
1.200000 0.400828
1.210000 0.392006
1.220000 0.381799
1.230000 0.366249
1.240000 0.348699
1.250000 0.334921
1.260000 0.327992
1.270000 0.327427
1.280000 0.330299
1.290000 0.333274
1.300000 0.333230
1.310000 0.328141
1.320000 0.318531
1.330000 0.307127
1.340000 0.298146
1.350000 0.293776
1.360000 0.292583
1.370000 0.291081
1.380000 0.286162
1.390000 0.276958
1.400000 0.266555
1.410000 0.262321
1.420000 0.269166
1.430000 0.280710
1.440000 0.282716
1.450000 0.269963
1.460000 0.253215
1.470000 0.250452
1.480000 0.274047
1.490000 0.320809
1.500000 0.364060
1.510000 0.369161
1.520000 0.359500
1.530000 0.390254
1.540000 0.439782
1.550000 0.473004
1.560000 0.498775
1.570000 0.506711
1.580000 0.529180
1.590000 0.575853
1.600000 0.619537
1.610000 0.652533
1.620000 0.690717
1.630000 0.732799
1.640000 0.743992
1.650000 0.727076
1.660000 0.726127
1.670000 0.732491
1.680000 0.728094
1.690000 0.722119
1.700000 0.723105
1.710000 0.707970
1.720000 0.667097
1.730000 0.619083
1.740000 0.579279
1.750000 0.542139
1.760000 0.499632
1.770000 0.465367
1.780000 0.453245
1.790000 0.452645
1.800000 0.444350
1.810000 0.422955
1.820000 0.396709
1.830000 0.376942
1.840000 0.366188
1.850000 0.356655
1.860000 0.341422
1.870000 0.321989
1.880000 0.304812
1.890000 0.294450
1.900000 0.291624
1.910000 0.293889
1.920000 0.297793
1.930000 0.299897
1.940000 0.297404
1.950000 0.289474
1.960000 0.277341
1.970000 0.264658
1.980000 0.254661
1.990000 0.248151
2.000000 0.243579
2.010000 0.238648
2.020000 0.232209
2.030000 0.223234
2.040000 0.213926
2.050000 0.213302
2.060000 0.227568
2.070000 0.246797
2.080000 0.252405
2.090000 0.239555
2.100000 0.223432
2.110000 0.224067
2.120000 0.250782
2.130000 0.296087
2.140000 0.333467
2.150000 0.332959
2.160000 0.325454
2.170000 0.365092
2.180000 0.419596
2.190000 0.452615
2.200000 0.473034
2.210000 0.477121
2.220000 0.505859
2.230000 0.556046
2.240000 0.598317
2.250000 0.628109
2.260000 0.665177
2.270000 0.704961
2.280000 0.707467
2.290000 0.686110
2.300000 0.686306
2.310000 0.693163
2.320000 0.686333
2.330000 0.679336
2.340000 0.677266
2.350000 0.657690
2.360000 0.621464
2.370000 0.582265
2.380000 0.547936
2.390000 0.510717
2.400000 0.467304
2.410000 0.436027
2.420000 0.425668
2.430000 0.421321
2.440000 0.408721
2.450000 0.386300
2.460000 0.361666
2.470000 0.344175
2.480000 0.333567
2.490000 0.321279
2.500000 0.302821
2.510000 0.282142
2.520000 0.265710
2.530000 0.257065
2.540000 0.255847
2.550000 0.259302
2.560000 0.263734
2.570000 0.265754
2.580000 0.262478
2.590000 0.253225
2.600000 0.239752
2.610000 0.225579
2.620000 0.213482
2.630000 0.203976
2.640000 0.195701
2.650000 0.187538
2.660000 0.180567
2.670000 0.174419
2.680000 0.167648
2.690000 0.165600
2.700000 0.178691
2.710000 0.203782
2.720000 0.221248
2.730000 0.217848
2.740000 0.202996
2.750000 0.198891
2.760000 0.218144
2.770000 0.255187
2.780000 0.292463
2.790000 0.304896
2.800000 0.294091
2.810000 0.317583
2.820000 0.376014
2.830000 0.415494
2.840000 0.442279
2.850000 0.445475
2.860000 0.467298
2.870000 0.512495
2.880000 0.557455
2.890000 0.587171
2.900000 0.617452
2.910000 0.656713
2.920000 0.673552
2.930000 0.653446
2.940000 0.650131
2.950000 0.657507
2.960000 0.653225
2.970000 0.639324
2.980000 0.629610
2.990000 0.617505
3.000000 0.596264
3.010000 0.563050
3.020000 0.527819
3.030000 0.491577
3.040000 0.447698
3.050000 0.412194
3.060000 0.397034
3.070000 0.390687
3.080000 0.379411
3.090000 0.359519
3.100000 0.334882
3.110000 0.315076
3.120000 0.303213
3.130000 0.291517
3.140000 0.274197
3.150000 0.254058
3.160000 0.237277
3.170000 0.227540
3.180000 0.224852
3.190000 0.227438
3.200000 0.232106
3.210000 0.235363
3.220000 0.233849
3.230000 0.225631
3.240000 0.211838
3.250000 0.195607
3.260000 0.180500
3.270000 0.167615
3.280000 0.156171
3.290000 0.145530
3.300000 0.136227
3.310000 0.130845
3.320000 0.129245
3.330000 0.128105
3.340000 0.130025
3.350000 0.143986
3.360000 0.169002
3.370000 0.189323
3.380000 0.191358
3.390000 0.182546
3.400000 0.184302
3.410000 0.205506
3.420000 0.235663
3.430000 0.263084
3.440000 0.274895
3.450000 0.270436
3.460000 0.298372
3.470000 0.352686
3.480000 0.389918
3.490000 0.416732
3.500000 0.421050
3.510000 0.450650
3.520000 0.491728
3.530000 0.528945
3.540000 0.555077
3.550000 0.584757
3.560000 0.617717
3.570000 0.627296
3.580000 0.615944
3.590000 0.622923
3.600000 0.626587
3.610000 0.617466
3.620000 0.593115
3.630000 0.577658
3.640000 0.574968
3.650000 0.557300
3.660000 0.520137
3.670000 0.482881
3.680000 0.445429
3.690000 0.403569
3.700000 0.374517
3.710000 0.363669
3.720000 0.355352
3.730000 0.340676
3.740000 0.318765
3.750000 0.294798
3.760000 0.278287
3.770000 0.268873
3.780000 0.257761
3.790000 0.241821
3.800000 0.225300
3.810000 0.212827
3.820000 0.205973
3.830000 0.204411
3.840000 0.206440
3.850000 0.209813
3.860000 0.211699
3.870000 0.208903
3.880000 0.199371
3.890000 0.183974
3.900000 0.166356
3.910000 0.150085
3.920000 0.135792
3.930000 0.122149
3.940000 0.109583
3.950000 0.099936
3.960000 0.095062
3.970000 0.095745
3.980000 0.100190
3.990000 0.104955
4.000000 0.109405
4.010000 0.120397
4.020000 0.142510
4.030000 0.163775
4.040000 0.170027
4.050000 0.168581
4.060000 0.178800
4.070000 0.199652
4.080000 0.218953
4.090000 0.240413
4.100000 0.252458
4.110000 0.259563
4.120000 0.293312
4.130000 0.336011
4.140000 0.374526
4.150000 0.390784
4.160000 0.409054
4.170000 0.445486
4.180000 0.479848
4.190000 0.506955
4.200000 0.530623
4.210000 0.561601
4.220000 0.578944
4.230000 0.579883
4.240000 0.589082
4.250000 0.600673
4.260000 0.591938
4.270000 0.569831
4.280000 0.540061
4.290000 0.538700
4.300000 0.528084
4.310000 0.494461
4.320000 0.453790
4.330000 0.422526
4.340000 0.386551
4.350000 0.352472
4.360000 0.337465
4.370000 0.328836
4.380000 0.312879
4.390000 0.293190
4.400000 0.270762
4.410000 0.252581
4.420000 0.243330
4.430000 0.236343
4.440000 0.225586
4.450000 0.212908
4.460000 0.202411
4.470000 0.196010
4.480000 0.193095
4.490000 0.192476
4.500000 0.192730
4.510000 0.192587
4.520000 0.190423
4.530000 0.184226
4.540000 0.172557
4.550000 0.156362
4.560000 0.139208
4.570000 0.124741
4.580000 0.112932
4.590000 0.100351
4.600000 0.086527
4.610000 0.075675
4.620000 0.071296
4.630000 0.072437
4.640000 0.076059
4.650000 0.082929
4.660000 0.091507
4.670000 0.094644
4.680000 0.101678
4.690000 0.122054
4.700000 0.143688
4.710000 0.152002
4.720000 0.155464
4.730000 0.169702
4.740000 0.184279
4.750000 0.197340
4.760000 0.224206
4.770000 0.240727
4.780000 0.257125
4.790000 0.283333
4.800000 0.312319
4.810000 0.354896
4.820000 0.366597
4.830000 0.398501
4.840000 0.434554
4.850000 0.463201
4.860000 0.487456
4.870000 0.514122
4.880000 0.536192
4.890000 0.540058
4.900000 0.551248
4.910000 0.572743
4.920000 0.565596
4.930000 0.551621
4.940000 0.521660
4.950000 0.502966
4.960000 0.484812
4.970000 0.462309
4.980000 0.427673
4.990000 0.399035
5.000000 0.372595
5.010000 0.336051
5.020000 0.314763
5.030000 0.305242
5.040000 0.285576
5.050000 0.266460
5.060000 0.249117
5.070000 0.231068
5.080000 0.219449
5.090000 0.213341
5.100000 0.206267
5.110000 0.197115
5.120000 0.189123
5.130000 0.184046
5.140000 0.181450
5.150000 0.180059
5.160000 0.178609
5.170000 0.176081
5.180000 0.171577
5.190000 0.164560
5.200000 0.154796
5.210000 0.142121
5.220000 0.127065
5.230000 0.111728
5.240000 0.099563
5.250000 0.092404
5.260000 0.087079
5.270000 0.078032
5.280000 0.065153
5.290000 0.055438
5.300000 0.052692
5.310000 0.054620
5.320000 0.054872
5.330000 0.055938
5.340000 0.066830
5.350000 0.074824
5.360000 0.078881
5.370000 0.093079
5.380000 0.111567
5.390000 0.123626
5.400000 0.129320
5.410000 0.143772
5.420000 0.158165
5.430000 0.167733
5.440000 0.191459
5.450000 0.219912
5.460000 0.236115
5.470000 0.253655
5.480000 0.281500
5.490000 0.314875
5.500000 0.330618
5.510000 0.363632
5.520000 0.400955
5.530000 0.427890
5.540000 0.460708
5.550000 0.483622
5.560000 0.512541
5.570000 0.511539
5.580000 0.525443
5.590000 0.542418
5.600000 0.533666
5.610000 0.521388
5.620000 0.496759
5.630000 0.464080
5.640000 0.440427
5.650000 0.427468
5.660000 0.395318
5.670000 0.367205
5.680000 0.342271
5.690000 0.304859
5.700000 0.287065
5.710000 0.272888
5.720000 0.247817
5.730000 0.233167
5.740000 0.220907
5.750000 0.203694
5.760000 0.190593
5.770000 0.183484
5.780000 0.177638
5.790000 0.171482
5.800000 0.166482
5.810000 0.163453
5.820000 0.161604
5.830000 0.159569
5.840000 0.156387
5.850000 0.151572
5.860000 0.144779
5.870000 0.136116
5.880000 0.125888
5.890000 0.114575
5.900000 0.102710
5.910000 0.090686
5.920000 0.079236
5.930000 0.069366
5.940000 0.062887
5.950000 0.060001
5.960000 0.057986
5.970000 0.052673
5.980000 0.042568
5.990000 0.031560
6.000000 0.025608
6.010000 0.024916
6.020000 0.024042
6.030000 0.022961
6.040000 0.030322
6.050000 0.041320
6.060000 0.050616
6.070000 0.058248
6.080000 0.071707
6.090000 0.087683
6.100000 0.101198
6.110000 0.112920
6.120000 0.130943
6.130000 0.144462
6.140000 0.150476
6.150000 0.167975
6.160000 0.189441
6.170000 0.206310
6.180000 0.228702
6.190000 0.258381
6.200000 0.288680
6.210000 0.306924
6.220000 0.339590
6.230000 0.378596
6.240000 0.399823
6.250000 0.438232
6.260000 0.463235
6.270000 0.483346
6.280000 0.494281
6.290000 0.501499
6.300000 0.507311
6.310000 0.500325
6.320000 0.478830
6.330000 0.454234
6.340000 0.427594
6.350000 0.395955
6.360000 0.374691
6.370000 0.340867
6.380000 0.323434
6.390000 0.287746
6.400000 0.264738
6.410000 0.257526
6.420000 0.233314
6.430000 0.210021
6.440000 0.199223
6.450000 0.183077
6.460000 0.164559
6.470000 0.152957
6.480000 0.147442
6.490000 0.144295
6.500000 0.141908
6.510000 0.139958
6.520000 0.138242
6.530000 0.136074
6.540000 0.132870
6.550000 0.128421
6.560000 0.123004
6.570000 0.116954
6.580000 0.110878
6.590000 0.104845
6.600000 0.099001
6.610000 0.093044
6.620000 0.087028
6.630000 0.080697
6.640000 0.074496
6.650000 0.068866
6.660000 0.064074
6.670000 0.060252
6.680000 0.057060
6.690000 0.053893
6.700000 0.049690
6.710000 0.043439
6.720000 0.034704
6.730000 0.025808
6.740000 0.019933
6.750000 0.014679
6.760000 0.004833
6.770000 0.010996
6.780000 0.025586
6.790000 0.034353
6.800000 0.040982
6.810000 0.047617
6.820000 0.054835
6.830000 0.064416
6.840000 0.071364
6.850000 0.073742
6.860000 0.075880
6.870000 0.080809
6.880000 0.094290
6.890000 0.105567
6.900000 0.117075
6.910000 0.130077
6.920000 0.143925
6.930000 0.153464
6.940000 0.170015
6.950000 0.198678
6.960000 0.215042
6.970000 0.235989
6.980000 0.268607
6.990000 0.303304
7.000000 0.328952
7.010000 0.363742
7.020000 0.399767
7.030000 0.430529
7.040000 0.441526
7.050000 0.461074
7.060000 0.471973
7.070000 0.463446
7.080000 0.461197
7.090000 0.429509
7.100000 0.405957
7.110000 0.381262
7.120000 0.346483
7.130000 0.323925
7.140000 0.294359
7.150000 0.272492
7.160000 0.234515
7.170000 0.214302
7.180000 0.207435
7.190000 0.180566
7.200000 0.162746
7.210000 0.153910
7.220000 0.140060
7.230000 0.126177
7.240000 0.116883
7.250000 0.111106
7.260000 0.107199
7.270000 0.104390
7.280000 0.102273
7.290000 0.100396
7.300000 0.098535
7.310000 0.096462
7.320000 0.094248
7.330000 0.091722
7.340000 0.088907
7.350000 0.085565
7.360000 0.081544
7.370000 0.076820
7.380000 0.071680
7.390000 0.066533
7.400000 0.062000
7.410000 0.058346
7.420000 0.055651
7.430000 0.053840
7.440000 0.052750
7.450000 0.052426
7.460000 0.053233
7.470000 0.055520
7.480000 0.058747
7.490000 0.061124
7.500000 0.060394
7.510000 0.055948
7.520000 0.050262
7.530000 0.046828
7.540000 0.045818
7.550000 0.042818
7.560000 0.037321
7.570000 0.034996
7.580000 0.037052
7.590000 0.038745
7.600000 0.036449
7.610000 0.036270
7.620000 0.040097
7.630000 0.043172
7.640000 0.047931
7.650000 0.050138
7.660000 0.057863
7.670000 0.070310
7.680000 0.082538
7.690000 0.092435
7.700000 0.106397
7.710000 0.128955
7.720000 0.153879
7.730000 0.180076
7.740000 0.206584
7.750000 0.243438
7.760000 0.275410
7.770000 0.307351
7.780000 0.352844
7.790000 0.393542
7.800000 0.433540
7.810000 0.496715
7.820000 0.572437
7.830000 0.613053
7.840000 0.661569
7.850000 0.694430
7.860000 0.725185
7.870000 0.721555
7.880000 0.711653
7.890000 0.676817
7.900000 0.641099
7.910000 0.612435
7.920000 0.565497
7.930000 0.523006
7.940000 0.473565
7.950000 0.440337
7.960000 0.387370
7.970000 0.347440
7.980000 0.319521
7.990000 0.279087
8.000000 0.243457
8.010000 0.217250
8.020000 0.191470
8.030000 0.162922
8.040000 0.136539
8.050000 0.117973
8.060000 0.107652
8.070000 0.101033
8.080000 0.094368
8.090000 0.087487
8.100000 0.081826
8.110000 0.077945
8.120000 0.074817
8.130000 0.070957
8.140000 0.065390
8.150000 0.058269
8.160000 0.051233
8.170000 0.046316
8.180000 0.044699
8.190000 0.045864
8.200000 0.048528
8.210000 0.051638
8.220000 0.054392
8.230000 0.055631
8.240000 0.054559
8.250000 0.050900
8.260000 0.044713
8.270000 0.036492
8.280000 0.028016
8.290000 0.020446
8.300000 0.011556
8.310000 0.003365
8.320000 0.013722
8.330000 0.022112
8.340000 0.029971
8.350000 0.038967
8.360000 0.044836
8.370000 0.052561
8.380000 0.059596
8.390000 0.065690
8.400000 0.075403
8.410000 0.089691
8.420000 0.104570
8.430000 0.116924
8.440000 0.130384
8.450000 0.137429
8.460000 0.154315
8.470000 0.170524
8.480000 0.185717
8.490000 0.210617
8.500000 0.233416
8.510000 0.260893
8.520000 0.285448
8.530000 0.321754
8.540000 0.352151
8.550000 0.380850
8.560000 0.415269
8.570000 0.446525
8.580000 0.457163
8.590000 0.477063
8.600000 0.487590
8.610000 0.482992
8.620000 0.482119
8.630000 0.455040
8.640000 0.433354
8.650000 0.406595
8.660000 0.366376
8.670000 0.351938
8.680000 0.316696
8.690000 0.297498
8.700000 0.263420
8.710000 0.242959
8.720000 0.234338
8.730000 0.208920
8.740000 0.187505
8.750000 0.177570
8.760000 0.162102
8.770000 0.144927
8.780000 0.133975
8.790000 0.128474
8.800000 0.125539
8.810000 0.123686
8.820000 0.121951
8.830000 0.119843
8.840000 0.117047
8.850000 0.113438
8.860000 0.109156
8.870000 0.104606
8.880000 0.100209
8.890000 0.096227
8.900000 0.092907
8.910000 0.090069
8.920000 0.087468
8.930000 0.084923
8.940000 0.082080
8.950000 0.078908
8.960000 0.075234
8.970000 0.071063
8.980000 0.066664
8.990000 0.062316
9.000000 0.058530
9.010000 0.055796
9.020000 0.054369
9.030000 0.054109
9.040000 0.054428
9.050000 0.054676
9.060000 0.054310
9.070000 0.052907
9.080000 0.050375
9.090000 0.046735
9.100000 0.042090
9.110000 0.036978
9.120000 0.032705
9.130000 0.031312
9.140000 0.032669
9.150000 0.033559
9.160000 0.032399
9.170000 0.031113
9.180000 0.032023
9.190000 0.034675
9.200000 0.036047
9.210000 0.035110
9.220000 0.042998
9.230000 0.061287
9.240000 0.067632
9.250000 0.060083
9.260000 0.061126
9.270000 0.070445
9.280000 0.073831
9.290000 0.073221
9.300000 0.076308
9.310000 0.089883
9.320000 0.104729
9.330000 0.113045
9.340000 0.114643
9.350000 0.114562
9.360000 0.128735
9.370000 0.140653
9.380000 0.152494
9.390000 0.165014
9.400000 0.182997
9.410000 0.201057
9.420000 0.232930
9.430000 0.253031
9.440000 0.294961
9.450000 0.342107
9.460000 0.360508
9.470000 0.401367
9.480000 0.431991
9.490000 0.454717
9.500000 0.462098
9.510000 0.457947
9.520000 0.430884
9.530000 0.414375
9.540000 0.388857
9.550000 0.352789
9.560000 0.322232
9.570000 0.289395
9.580000 0.270181
9.590000 0.250620
9.600000 0.204918
9.610000 0.180085
9.620000 0.171413
9.630000 0.143068
9.640000 0.118889
9.650000 0.100183
9.660000 0.088224
9.670000 0.083717
9.680000 0.082952
9.690000 0.084003
9.700000 0.085728
9.710000 0.087049
9.720000 0.087293
9.730000 0.086533
9.740000 0.085547
9.750000 0.084172
9.760000 0.080544
9.770000 0.073506
9.780000 0.065162
9.790000 0.061733
9.800000 0.068476
9.810000 0.079811
9.820000 0.088317
9.830000 0.094926
9.840000 0.103980
9.850000 0.114938
9.860000 0.123871
9.870000 0.128878
9.880000 0.131451
9.890000 0.134437
9.900000 0.138975
9.910000 0.143680
9.920000 0.147760
9.930000 0.152940
9.940000 0.160712
9.950000 0.173152
9.960000 0.190017
9.970000 0.200227
9.980000 0.217371
9.990000 0.232611
10.000000 0.255667
10.010000 0.286641
10.020000 0.320920
10.030000 0.360884
10.040000 0.396058
10.050000 0.411914
10.060000 0.445174
10.070000 0.514657
10.080000 0.569726
10.090000 0.613628
10.100000 0.644735
10.110000 0.723190
10.120000 0.768762
10.130000 0.815778
10.140000 0.837300
10.150000 0.864016
10.160000 0.887517
10.170000 0.877561
10.180000 0.863274
10.190000 0.844522
10.200000 0.829541
10.210000 0.777232
10.220000 0.717284
10.230000 0.680020
10.240000 0.620333
10.250000 0.560922
10.260000 0.525533
10.270000 0.487244
10.280000 0.442679
10.290000 0.408618
10.300000 0.377015
10.310000 0.350061
10.320000 0.329710
10.330000 0.311343
10.340000 0.290138
10.350000 0.268701
10.360000 0.252207
10.370000 0.241395
10.380000 0.234022
10.390000 0.227649
10.400000 0.220580
10.410000 0.211907
10.420000 0.201444
10.430000 0.189725
10.440000 0.177878
10.450000 0.166515
10.460000 0.155739
10.470000 0.145445
10.480000 0.135662
10.490000 0.126849
10.500000 0.119557
10.510000 0.114379
10.520000 0.111411
10.530000 0.110207
10.540000 0.110498
10.550000 0.110986
10.560000 0.108985
10.570000 0.104030
10.580000 0.097990
10.590000 0.093236
10.600000 0.091432
10.610000 0.092274
10.620000 0.095677
10.630000 0.101244
10.640000 0.107088
10.650000 0.114496
10.660000 0.125913
10.670000 0.137964
10.680000 0.157992
10.690000 0.176985
10.700000 0.195808
10.710000 0.218869
10.720000 0.245229
10.730000 0.281605
10.740000 0.326765
10.750000 0.351815
10.760000 0.367097
10.770000 0.424385
10.780000 0.493352
10.790000 0.520361
10.800000 0.569214
10.810000 0.630182
10.820000 0.695821
10.830000 0.726828
10.840000 0.762187
10.850000 0.801026
10.860000 0.823531
10.870000 0.821923
10.880000 0.818143
10.890000 0.784225
10.900000 0.763036
10.910000 0.721914
10.920000 0.669158
10.930000 0.636240
10.940000 0.571278
10.950000 0.520788
10.960000 0.486723
10.970000 0.442089
10.980000 0.407279
10.990000 0.370229
11.000000 0.336336
11.010000 0.309001
11.020000 0.285230
11.030000 0.260904
11.040000 0.234881
11.050000 0.211175
11.060000 0.194694
11.070000 0.185918
11.080000 0.182063
11.090000 0.180321
11.100000 0.178449
11.110000 0.174759
11.120000 0.168332
11.130000 0.158949
11.140000 0.147097
11.150000 0.133923
11.160000 0.120540
11.170000 0.107928
11.180000 0.096892
11.190000 0.087677
11.200000 0.080092
11.210000 0.073836
11.220000 0.068980
11.230000 0.066200
11.240000 0.065587
11.250000 0.065880
11.260000 0.065174
11.270000 0.062237
11.280000 0.058532
11.290000 0.056683
11.300000 0.056678
11.310000 0.055489
11.320000 0.052482
11.330000 0.051860
11.340000 0.055585
11.350000 0.058737
11.360000 0.058840
11.370000 0.059340
11.380000 0.061974
11.390000 0.068757
11.400000 0.075587
11.410000 0.081807
11.420000 0.086787
11.430000 0.093568
11.440000 0.109901
11.450000 0.127428
11.460000 0.151379
11.470000 0.171236
11.480000 0.189063
11.490000 0.216231
11.500000 0.264400
11.510000 0.302275
11.520000 0.321252
11.530000 0.369292
11.540000 0.428425
11.550000 0.468038
11.560000 0.513704
11.570000 0.590825
11.580000 0.637969
11.590000 0.685908
11.600000 0.719500
11.610000 0.737425
11.620000 0.755799
11.630000 0.756969
11.640000 0.733568
11.650000 0.712469
11.660000 0.674255
11.670000 0.620713
11.680000 0.578905
11.690000 0.538615
11.700000 0.491467
11.710000 0.452084
11.720000 0.403202
11.730000 0.365760
11.740000 0.328861
11.750000 0.298285
11.760000 0.272381
11.770000 0.245040
11.780000 0.216929
11.790000 0.191191
11.800000 0.170104
11.810000 0.155151
11.820000 0.145510
11.830000 0.138170
11.840000 0.130945
11.850000 0.123587
11.860000 0.116472
11.870000 0.109939
11.880000 0.103424
11.890000 0.096250
11.900000 0.087813
11.910000 0.078247
11.920000 0.068251
11.930000 0.059094
11.940000 0.052291
11.950000 0.048916
11.960000 0.048949
11.970000 0.051095
11.980000 0.053770
11.990000 0.055863
12.000000 0.056852
12.010000 0.056803
12.020000 0.056198
12.030000 0.055377
12.040000 0.054707
12.050000 0.054294
12.060000 0.053857
12.070000 0.053249
12.080000 0.052258
12.090000 0.050801
12.100000 0.048785
12.110000 0.045993
12.120000 0.042783
12.130000 0.039757
12.140000 0.037560
12.150000 0.035073
12.160000 0.030774
12.170000 0.025696
12.180000 0.023351
12.190000 0.025353
12.200000 0.028487
12.210000 0.027339
12.220000 0.025837
12.230000 0.040136
12.240000 0.058713
12.250000 0.059583
12.260000 0.055827
12.270000 0.065700
12.280000 0.075664
12.290000 0.078027
12.300000 0.080346
12.310000 0.088476
12.320000 0.099343
12.330000 0.108728
12.340000 0.114270
12.350000 0.113350
12.360000 0.125529
12.370000 0.139925
12.380000 0.149836
12.390000 0.161552
12.400000 0.180168
12.410000 0.198536
12.420000 0.227926
12.430000 0.251116
12.440000 0.289899
12.450000 0.328819
12.460000 0.356657
12.470000 0.390547
12.480000 0.425883
12.490000 0.443495
12.500000 0.456545
12.510000 0.452945
12.520000 0.447855
12.530000 0.425352
12.540000 0.405314
12.550000 0.364827
12.560000 0.344555
12.570000 0.300366
12.580000 0.286366
12.590000 0.264701
12.600000 0.225345
12.610000 0.188692
12.620000 0.179568
12.630000 0.156141
12.640000 0.132080
12.650000 0.114725
12.660000 0.098397
12.670000 0.088345
12.680000 0.085094
12.690000 0.085222
12.700000 0.086952
12.710000 0.089198
12.720000 0.090958
12.730000 0.091294
12.740000 0.089920
12.750000 0.087585
12.760000 0.084900
12.770000 0.081211
12.780000 0.075396
12.790000 0.067906
12.800000 0.062476
12.810000 0.064880
12.820000 0.073868
12.830000 0.082634
12.840000 0.089385
12.850000 0.097243
12.860000 0.106605
12.870000 0.113447
12.880000 0.115070
12.890000 0.112968
12.900000 0.111281
12.910000 0.112720
12.920000 0.116243
12.930000 0.120304
12.940000 0.125451
12.950000 0.132457
12.960000 0.140882
12.970000 0.153764
12.980000 0.165546
12.990000 0.180015
13.000000 0.197926
13.010000 0.215171
13.020000 0.241963
13.030000 0.272699
13.040000 0.310123
13.050000 0.352873
13.060000 0.378520
13.070000 0.394207
13.080000 0.449895
13.090000 0.519880
13.100000 0.549833
13.110000 0.607682
13.120000 0.643679
13.130000 0.724220
13.140000 0.752021
13.150000 0.793840
13.160000 0.825182
13.170000 0.853121
13.180000 0.851810
13.190000 0.845440
13.200000 0.828804
13.210000 0.797757
13.220000 0.777531
13.230000 0.710030
13.240000 0.670213
13.250000 0.616049
13.260000 0.554946
13.270000 0.515834
13.280000 0.479006
13.290000 0.434891
13.300000 0.400789
13.310000 0.367124
13.320000 0.338256
13.330000 0.316330
13.340000 0.297330
13.350000 0.275419
13.360000 0.251247
13.370000 0.230741
13.380000 0.217427
13.390000 0.210014
13.400000 0.205824
13.410000 0.202290
13.420000 0.197439
13.430000 0.189839
13.440000 0.179346
13.450000 0.166670
13.460000 0.153091
13.470000 0.139874
13.480000 0.127648
13.490000 0.116520
13.500000 0.106608
13.510000 0.098479
13.520000 0.092590
13.530000 0.088613
13.540000 0.085968
13.550000 0.084111
13.560000 0.083268
13.570000 0.084260
13.580000 0.086566
13.590000 0.087097
13.600000 0.084137
13.610000 0.080166
13.620000 0.077915
13.630000 0.076757
13.640000 0.075499
13.650000 0.074082
13.660000 0.076149
13.670000 0.081962
13.680000 0.089359
13.690000 0.099108
13.700000 0.110960
13.710000 0.126129
13.720000 0.148675
13.730000 0.166019
13.740000 0.186031
13.750000 0.204608
13.760000 0.228623
13.770000 0.269193
13.780000 0.314946
13.790000 0.333021
13.800000 0.361482
13.810000 0.425032
13.820000 0.484891
13.830000 0.507298
13.840000 0.552202
13.850000 0.636272
13.860000 0.678232
13.870000 0.711157
13.880000 0.751498
13.890000 0.782163
13.900000 0.790484
13.910000 0.792334
13.920000 0.762714
13.930000 0.744222
13.940000 0.712752
13.950000 0.651636
13.960000 0.620747
13.970000 0.564076
13.980000 0.514840
13.990000 0.475067
14.000000 0.433127
14.010000 0.397959
14.020000 0.357231
14.030000 0.323290
14.040000 0.296067
14.050000 0.269117
14.060000 0.241097
14.070000 0.214334
14.080000 0.192309
14.090000 0.177833
14.100000 0.170144
14.110000 0.165863
14.120000 0.162072
14.130000 0.157418
14.140000 0.151301
14.150000 0.143594
14.160000 0.134267
14.170000 0.123621
14.180000 0.112232
14.190000 0.100828
14.200000 0.089970
14.210000 0.079939
14.220000 0.070916
14.230000 0.063036
14.240000 0.056655
14.250000 0.052184
14.260000 0.049901
14.270000 0.049430
14.280000 0.049991
14.290000 0.050672
14.300000 0.051105
14.310000 0.051384
14.320000 0.052320
14.330000 0.054591
14.340000 0.058003
14.350000 0.060850
14.360000 0.060845
14.370000 0.057143
14.380000 0.051897
14.390000 0.048743
14.400000 0.047860
14.410000 0.044628
14.420000 0.038346
14.430000 0.035176
14.440000 0.036044
14.450000 0.036756
14.460000 0.034336
14.470000 0.032492
14.480000 0.034588
14.490000 0.036776
14.500000 0.041544
14.510000 0.045748
14.520000 0.053452
14.530000 0.067023
14.540000 0.079377
14.550000 0.088747
14.560000 0.099253
14.570000 0.120307
14.580000 0.143422
14.590000 0.171482
14.600000 0.196275
14.610000 0.231422
14.620000 0.262982
14.630000 0.293034
14.640000 0.341362
14.650000 0.374066
14.660000 0.425968
14.670000 0.490509
14.680000 0.562365
14.690000 0.602968
14.700000 0.650277
14.710000 0.681857
14.720000 0.711933
14.730000 0.716266
14.740000 0.706534
14.750000 0.677035
14.760000 0.646257
14.770000 0.619897
14.780000 0.570351
14.790000 0.526248
14.800000 0.474255
14.810000 0.440862
14.820000 0.390345
14.830000 0.349185
14.840000 0.318147
14.850000 0.279458
14.860000 0.243279
14.870000 0.217144
14.880000 0.191503
14.890000 0.162141
14.900000 0.134297
14.910000 0.114758
14.920000 0.104341
14.930000 0.097898
14.940000 0.090874
14.950000 0.083179
14.960000 0.076778
14.970000 0.072647
14.980000 0.069916
14.990000 0.066928
15.000000 0.062473
15.010000 0.056541
15.020000 0.050502
15.030000 0.046212
15.040000 0.044972
15.050000 0.046632
15.060000 0.050068
15.070000 0.053564
15.080000 0.055401
15.090000 0.054802
15.100000 0.052025
15.110000 0.047905
15.120000 0.042412
15.130000 0.035346
15.140000 0.026737
15.150000 0.017266
15.160000 0.011033
15.170000 0.012648
15.180000 0.016070
15.190000 0.023119
15.200000 0.034111
15.210000 0.041972
15.220000 0.050512
15.230000 0.058089
15.240000 0.068561
15.250000 0.082509
15.260000 0.098063
15.270000 0.111894
15.280000 0.128101
15.290000 0.140036
15.300000 0.146453
15.310000 0.163155
15.320000 0.180916
15.330000 0.197198
15.340000 0.221364
15.350000 0.252128
15.360000 0.279839
15.370000 0.302672
15.380000 0.334503
15.390000 0.370958
15.400000 0.392940
15.410000 0.432387
15.420000 0.457104
15.430000 0.472386
15.440000 0.487149
15.450000 0.492728
15.460000 0.489217
15.470000 0.487110
15.480000 0.464392
15.490000 0.439538
15.500000 0.411278
15.510000 0.374385
15.520000 0.357544
15.530000 0.324560
15.540000 0.305170
15.550000 0.269599
15.560000 0.252677
15.570000 0.243594
15.580000 0.215959
15.590000 0.195916
15.600000 0.185185
15.610000 0.168060
15.620000 0.150896
15.630000 0.140814
15.640000 0.136025
15.650000 0.133372
15.660000 0.131444
15.670000 0.129756
15.680000 0.127777
15.690000 0.125093
15.700000 0.121294
15.710000 0.116533
15.720000 0.111121
15.730000 0.105488
15.740000 0.100178
15.750000 0.095323
15.760000 0.090874
15.770000 0.086709
15.780000 0.082679
15.790000 0.078538
15.800000 0.074245
15.810000 0.069696
15.820000 0.065244
15.830000 0.061241
15.840000 0.057971
15.850000 0.055587
15.860000 0.053976
15.870000 0.052868
15.880000 0.051787
15.890000 0.050191
15.900000 0.047623
15.910000 0.043510
15.920000 0.037560
15.930000 0.030540
15.940000 0.024208
15.950000 0.018936
15.960000 0.012922
15.970000 0.009921
15.980000 0.014766
15.990000 0.020208
16.000000 0.031390
16.010000 0.045287
16.020000 0.051732
16.030000 0.060090
16.040000 0.075122
16.050000 0.082836
16.060000 0.087529
16.070000 0.094330
16.080000 0.094655
16.090000 0.098855
16.100000 0.105846
16.110000 0.112385
16.120000 0.127227
16.130000 0.141493
16.140000 0.149724
16.150000 0.164659
16.160000 0.187434
16.170000 0.199734
16.180000 0.230481
16.190000 0.261650
16.200000 0.291839
16.210000 0.327720
16.220000 0.362510
16.230000 0.397971
16.240000 0.422836
16.250000 0.436692
16.260000 0.446707
16.270000 0.458137
16.280000 0.455592
16.290000 0.437294
16.300000 0.407229
16.310000 0.382873
16.320000 0.354712
16.330000 0.324891
16.340000 0.305133
16.350000 0.280283
16.360000 0.246632
16.370000 0.209691
16.380000 0.196128
16.390000 0.176326
16.400000 0.149882
16.410000 0.138765
16.420000 0.127667
16.430000 0.112616
16.440000 0.100384
16.450000 0.092478
16.460000 0.088049
16.470000 0.086647
16.480000 0.087560
16.490000 0.089405
16.500000 0.090956
16.510000 0.091185
16.520000 0.089505
16.530000 0.085947
16.540000 0.081109
16.550000 0.076154
16.560000 0.071603
16.570000 0.067455
16.580000 0.063533
16.590000 0.060315
16.600000 0.059256
16.610000 0.061054
16.620000 0.064208
16.630000 0.066370
16.640000 0.067753
16.650000 0.070612
16.660000 0.075888
16.670000 0.079633
16.680000 0.078016
16.690000 0.073417
16.700000 0.071238
16.710000 0.072320
16.720000 0.072843
16.730000 0.071479
16.740000 0.070708
16.750000 0.074810
16.760000 0.081925
16.770000 0.090967
16.780000 0.100945
16.790000 0.111797
16.800000 0.131230
16.810000 0.149764
16.820000 0.169882
16.830000 0.188546
16.840000 0.207400
16.850000 0.237325
16.860000 0.285527
16.870000 0.320903
16.880000 0.335077
16.890000 0.384829
16.900000 0.448942
16.910000 0.487432
16.920000 0.527133
16.930000 0.601516
16.940000 0.653742
16.950000 0.696126
16.960000 0.728132
16.970000 0.756013
16.980000 0.780236
16.990000 0.784529
17.000000 0.774205
17.010000 0.744150
17.020000 0.711644
17.030000 0.663123
17.040000 0.621561
17.050000 0.579004
17.060000 0.528841
17.070000 0.484826
17.080000 0.440023
17.090000 0.406056
17.100000 0.364900
17.110000 0.328295
17.120000 0.300685
17.130000 0.274604
17.140000 0.246342
17.150000 0.218646
17.160000 0.194982
17.170000 0.178258
17.180000 0.168554
17.190000 0.162953
17.200000 0.158203
17.210000 0.152677
17.220000 0.146022
17.230000 0.138201
17.240000 0.129315
17.250000 0.119376
17.260000 0.108662
17.270000 0.097744
17.280000 0.087279
17.290000 0.077889
17.300000 0.069871
17.310000 0.063031
17.320000 0.057387
17.330000 0.052824
17.340000 0.049419
17.350000 0.047430
17.360000 0.046992
17.370000 0.047775
17.380000 0.049466
17.390000 0.051506
17.400000 0.053427
17.410000 0.054942
17.420000 0.055721
17.430000 0.055821
17.440000 0.055534
17.450000 0.055336
17.460000 0.055241
17.470000 0.054714
17.480000 0.052811
17.490000 0.049209
17.500000 0.045434
17.510000 0.044291
17.520000 0.047081
17.530000 0.049599
17.540000 0.046522
17.550000 0.039678
17.560000 0.035122
17.570000 0.032236
17.580000 0.030181
17.590000 0.027648
17.600000 0.024824
17.610000 0.028140
17.620000 0.029486
17.630000 0.031901
17.640000 0.041187
17.650000 0.049644
17.660000 0.060835
17.670000 0.072126
17.680000 0.081447
17.690000 0.091768
17.700000 0.112859
17.710000 0.131908
17.720000 0.159393
17.730000 0.183507
17.740000 0.215350
17.750000 0.244062
17.760000 0.273666
17.770000 0.321876
17.780000 0.350550
17.790000 0.409034
17.800000 0.477382
17.810000 0.540619
17.820000 0.589170
17.830000 0.641451
17.840000 0.673375
17.850000 0.693917
17.860000 0.708872
17.870000 0.700189
17.880000 0.668252
17.890000 0.639480
17.900000 0.609959
17.910000 0.560718
17.920000 0.515949
17.930000 0.462824
17.940000 0.425870
17.950000 0.380325
17.960000 0.341056
17.970000 0.298331
17.980000 0.265582
17.990000 0.232434
18.000000 0.206312
18.010000 0.178106
18.020000 0.146945
18.030000 0.119781
18.040000 0.102899
18.050000 0.093693
18.060000 0.084879
18.070000 0.074379
18.080000 0.065436
18.090000 0.061015
18.100000 0.060638
18.110000 0.061329
18.120000 0.060497
18.130000 0.057350
18.140000 0.053748
18.150000 0.052792
18.160000 0.055450
18.170000 0.059658
18.180000 0.062011
18.190000 0.061230
18.200000 0.059379
18.210000 0.059577
18.220000 0.061030
18.230000 0.059391
18.240000 0.052172
18.250000 0.043764
18.260000 0.039705
18.270000 0.039865
18.280000 0.040488
18.290000 0.038928
18.300000 0.046896
18.310000 0.060570
18.320000 0.065720
18.330000 0.075286
18.340000 0.093043
18.350000 0.107795
18.360000 0.115677
18.370000 0.127276
18.380000 0.145465
18.390000 0.153554
18.400000 0.169449
18.410000 0.198452
18.420000 0.215556
18.430000 0.236191
18.440000 0.257802
18.450000 0.285715
18.460000 0.312567
18.470000 0.334844
18.480000 0.376146
18.490000 0.405924
18.500000 0.435056
18.510000 0.464940
18.520000 0.493134
18.530000 0.500950
18.540000 0.513985
18.550000 0.521483
18.560000 0.524510
18.570000 0.511072
18.580000 0.493156
18.590000 0.460768
18.600000 0.432257
18.610000 0.416867
18.620000 0.388326
18.630000 0.355009
18.640000 0.335673
18.650000 0.298321
18.660000 0.277652
18.670000 0.266494
18.680000 0.240529
18.690000 0.223348
18.700000 0.213080
18.710000 0.195963
18.720000 0.179753
18.730000 0.170701
18.740000 0.165386
18.750000 0.160752
18.760000 0.156820
18.770000 0.154240
18.780000 0.152464
18.790000 0.150574
18.800000 0.147551
18.810000 0.143037
18.820000 0.136907
18.830000 0.129137
18.840000 0.119978
18.850000 0.109839
18.860000 0.099179
18.870000 0.088765
18.880000 0.079208
18.890000 0.070756
18.900000 0.063682
18.910000 0.058119
18.920000 0.054019
18.930000 0.050207
18.940000 0.044740
18.950000 0.036969
18.960000 0.027750
18.970000 0.017459
18.980000 0.009024
18.990000 0.011924
19.000000 0.017257
19.010000 0.024199
19.020000 0.034177
19.030000 0.041252
19.040000 0.048969
19.050000 0.056905
19.060000 0.063931
19.070000 0.074770
19.080000 0.089446
19.090000 0.104850
19.100000 0.118265
19.110000 0.133232
19.120000 0.139428
19.130000 0.154129
19.140000 0.170379
19.150000 0.184535
19.160000 0.209550
19.170000 0.232572
19.180000 0.259021
19.190000 0.284978
19.200000 0.319111
19.210000 0.351507
19.220000 0.381113
19.230000 0.411349
19.240000 0.445722
19.250000 0.459009
19.260000 0.479334
19.270000 0.491250
19.280000 0.492366
19.290000 0.488101
19.300000 0.463088
19.310000 0.442466
19.320000 0.421017
19.330000 0.376477
19.340000 0.360818
19.350000 0.328760
19.360000 0.308197
19.370000 0.275347
19.380000 0.251034
19.390000 0.242768
19.400000 0.220769
19.410000 0.195482
19.420000 0.184388
19.430000 0.170067
19.440000 0.151937
19.450000 0.139408
19.460000 0.133154
19.470000 0.129942
19.480000 0.127905
19.490000 0.126215
19.500000 0.124336
19.510000 0.121817
19.520000 0.118335
19.530000 0.114004
19.540000 0.109126
19.550000 0.104078
19.560000 0.099250
19.570000 0.094903
19.580000 0.091058
19.590000 0.087467
19.600000 0.083955
19.610000 0.080363
19.620000 0.076491
19.630000 0.072222
19.640000 0.067823
19.650000 0.063422
19.660000 0.059523
19.670000 0.056463
19.680000 0.054412
19.690000 0.053211
19.700000 0.052716
19.710000 0.052413
19.720000 0.052044
19.730000 0.051226
19.740000 0.049698
19.750000 0.047301
19.760000 0.043907
19.770000 0.038658
19.780000 0.031348
19.790000 0.023636
19.800000 0.018463
19.810000 0.017647
19.820000 0.019851
19.830000 0.019773
19.840000 0.017843
19.850000 0.028729
19.860000 0.047861
19.870000 0.054204
19.880000 0.054275
19.890000 0.066724
19.900000 0.079204
19.910000 0.083429
19.920000 0.089047
19.930000 0.094683
19.940000 0.097385
19.950000 0.104760
19.960000 0.109414
19.970000 0.113155
19.980000 0.128627
19.990000 0.140742
