0.000000 5.523610
0.010000 4.884104
0.020000 4.134742
0.030000 3.303267
0.040000 2.499924
0.050000 1.971129
0.060000 1.998244
0.070000 2.445655
0.080000 2.969216
0.090000 3.388369
0.100000 3.621562
0.110000 3.717273
0.120000 3.867929
0.130000 4.224863
0.140000 4.853752
0.150000 5.733831
0.160000 6.687578
0.170000 7.603907
0.180000 8.618646
0.190000 9.248046
0.200000 9.400693
0.210000 9.254965
0.220000 8.903720
0.230000 8.418210
0.240000 7.772540
0.250000 6.933278
0.260000 6.073911
0.270000 5.495499
0.280000 5.333872
0.290000 5.568829
0.300000 6.137631
0.310000 6.963449
0.320000 7.969120
0.330000 9.044817
0.340000 10.004043
0.350000 10.660459
0.360000 10.805238
0.370000 9.670695
0.380000 8.497453
0.390000 8.109247
0.400000 7.670839
0.410000 6.897135
0.420000 6.240040
0.430000 6.138149
0.440000 6.620288
0.450000 7.115726
0.460000 7.314211
0.470000 7.340547
0.480000 7.401954
0.490000 7.438103
0.500000 7.341474
0.510000 7.232645
0.520000 7.264038
0.530000 7.394752
0.540000 7.515021
0.550000 7.614496
0.560000 7.686439
0.570000 7.631628
0.580000 7.376181
0.590000 6.964156
0.600000 6.482810
0.610000 5.928351
0.620000 5.357936
0.630000 4.758688
0.640000 4.081013
0.650000 3.309872
0.660000 2.513095
0.670000 1.909500
0.680000 1.862458
0.690000 2.361228
0.700000 2.997671
0.710000 3.508651
0.720000 3.780742
0.730000 3.766008
0.740000 3.578085
0.750000 3.461324
0.760000 3.594014
0.770000 4.077751
0.780000 4.843194
0.790000 5.646262
0.800000 6.614905
0.810000 7.505678
0.820000 7.877607
0.830000 7.859184
0.840000 7.548812
0.850000 7.035205
0.860000 6.350806
0.870000 5.451782
0.880000 4.484712
0.890000 3.728535
0.900000 3.321558
0.910000 3.313321
0.920000 3.686511
0.930000 4.390617
0.940000 5.361077
0.950000 6.512242
0.960000 7.750233
0.970000 8.966002
0.980000 9.921190
0.990000 10.096075
1.000000 8.903584
1.010000 7.613191
1.020000 7.169280
1.030000 6.694807
1.040000 5.903153
1.050000 5.321645
1.060000 5.400989
1.070000 5.993004
1.080000 6.458646
1.090000 6.623137
1.100000 6.705787
1.110000 6.705537
1.120000 6.518824
1.130000 6.292125
1.140000 6.180595
1.150000 6.270414
1.160000 6.461777
1.170000 6.600158
1.180000 6.689238
1.190000 6.754106
1.200000 6.728933
1.210000 6.573298
1.220000 6.279616
1.230000 5.840712
1.240000 5.293209
1.250000 4.711714
1.260000 4.092259
1.270000 3.407874
1.280000 2.661853
1.290000 1.967683
1.300000 1.661976
1.310000 2.024269
1.320000 2.727429
1.330000 3.392497
1.340000 3.826582
1.350000 3.951514
1.360000 3.732265
1.370000 3.300158
1.380000 2.921051
1.390000 2.814885
1.400000 3.136654
1.410000 3.751602
1.420000 4.442048
1.430000 5.418745
1.440000 6.133334
1.450000 6.346904
1.460000 6.188562
1.470000 5.741188
1.480000 5.075443
1.490000 4.228568
1.500000 3.375192
1.510000 2.577316
1.520000 1.832730
1.530000 1.408182
1.540000 1.442371
1.550000 1.829860
1.560000 2.547010
1.570000 3.568674
1.580000 4.818772
1.590000 6.217007
1.600000 7.584319
1.610000 8.888620
1.620000 9.284757
1.630000 8.344428
1.640000 6.870452
1.650000 6.279422
1.660000 5.885643
1.670000 5.139516
1.680000 4.530859
1.690000 4.658594
1.700000 5.309231
1.710000 5.767977
1.720000 5.950954
1.730000 5.984325
1.740000 5.745056
1.750000 5.483354
1.760000 5.299320
1.770000 5.216591
1.780000 5.313309
1.790000 5.524479
1.800000 5.687069
1.810000 5.774275
1.820000 5.833167
1.830000 5.822263
1.840000 5.738300
1.850000 5.565594
1.860000 5.233354
1.870000 4.731134
1.880000 4.156301
1.890000 3.543842
1.900000 2.881901
1.910000 2.192952
1.920000 1.603018
1.930000 1.496142
1.940000 2.016786
1.950000 2.745567
1.960000 3.383693
1.970000 3.783076
1.980000 3.874738
1.990000 3.602476
2.000000 3.043770
2.010000 2.448115
2.020000 2.065986
2.030000 2.157560
2.040000 2.594822
2.050000 3.151906
2.060000 4.050819
2.070000 4.676711
2.080000 4.818104
2.090000 4.568039
2.100000 3.968451
2.110000 3.165464
2.120000 2.545199
2.130000 1.950021
2.140000 1.129988
2.150000 0.848759
2.160000 1.362032
2.170000 1.480215
2.180000 1.269589
2.190000 1.159342
2.200000 1.584057
2.210000 2.641454
2.220000 4.125252
2.230000 5.760681
2.240000 7.306964
2.250000 8.191720
2.260000 7.866788
2.270000 6.449460
2.280000 5.441243
2.290000 5.198458
2.300000 4.636527
2.310000 3.887249
2.320000 3.863518
2.330000 4.518999
2.340000 5.021863
2.350000 5.229161
2.360000 5.091157
2.370000 4.751203
2.380000 4.532103
2.390000 4.403726
2.400000 4.340300
2.410000 4.385680
2.420000 4.549782
2.430000 4.734759
2.440000 4.841525
2.450000 4.912135
2.460000 4.929852
2.470000 4.891424
2.480000 4.797560
2.490000 4.569618
2.500000 4.194569
2.510000 3.677884
2.520000 3.110443
2.530000 2.496431
2.540000 1.858873
2.550000 1.292082
2.560000 1.139818
2.570000 1.588459
2.580000 2.235197
2.590000 2.848342
2.600000 3.311490
2.610000 3.534411
2.620000 3.425262
2.630000 2.940039
2.640000 2.250043
2.650000 1.587776
2.660000 1.291100
2.670000 1.504062
2.680000 1.858469
2.690000 2.587613
2.700000 3.230126
2.710000 3.426389
2.720000 3.192202
2.730000 2.492778
2.740000 1.737394
2.750000 1.395952
2.760000 1.098220
2.770000 1.460794
2.780000 2.376039
2.790000 2.781911
2.800000 2.820011
2.810000 2.540510
2.820000 2.023874
2.830000 1.438434
2.840000 1.138129
2.850000 1.693191
2.860000 3.059463
2.870000 5.018870
2.880000 6.577556
2.890000 7.045128
2.900000 6.410157
2.910000 4.997719
2.920000 4.386999
2.930000 4.299790
2.940000 3.552132
2.950000 3.089411
2.960000 3.556193
2.970000 4.165461
2.980000 4.446045
2.990000 4.222626
3.000000 3.903197
3.010000 3.676371
3.020000 3.567429
3.030000 3.546645
3.040000 3.547606
3.050000 3.586829
3.060000 3.687275
3.070000 3.809767
3.080000 3.903345
3.090000 3.965339
3.100000 3.986925
3.110000 3.985927
3.120000 3.822472
3.130000 3.545295
3.140000 3.203415
3.150000 2.743171
3.160000 2.214430
3.170000 1.631670
3.180000 1.043543
3.190000 0.641500
3.200000 0.814247
3.210000 1.285535
3.220000 1.826936
3.230000 2.373914
3.240000 2.820719
3.250000 3.040747
3.260000 2.905532
3.270000 2.395790
3.280000 1.684791
3.290000 0.958477
3.300000 0.631845
3.310000 0.806795
3.320000 1.127724
3.330000 1.778014
3.340000 2.175329
3.350000 2.156299
3.360000 1.589924
3.370000 1.025491
3.380000 1.017767
3.390000 1.495127
3.400000 2.616980
3.410000 3.304331
3.420000 3.781600
3.430000 3.866436
3.440000 3.375112
3.450000 2.805829
3.460000 2.347104
3.470000 1.970990
3.480000 1.621313
3.490000 1.245088
3.500000 1.927298
3.510000 3.644739
3.520000 5.326633
3.530000 5.832856
3.540000 5.346273
3.550000 4.150737
3.560000 3.560336
3.570000 3.499627
3.580000 2.842554
3.590000 2.540223
3.600000 3.064401
3.610000 3.595197
3.620000 3.520458
3.630000 3.239873
3.640000 3.008770
3.650000 2.784954
3.660000 2.774935
3.670000 2.814836
3.680000 2.786597
3.690000 2.697219
3.700000 2.658758
3.710000 2.739692
3.720000 2.856536
3.730000 2.949870
3.740000 3.025122
3.750000 3.086817
3.760000 2.854224
3.770000 2.549736
3.780000 2.314403
3.790000 1.969786
3.800000 1.491869
3.810000 0.965646
3.820000 0.459339
3.830000 0.127842
3.840000 0.354681
3.850000 0.676796
3.860000 1.096874
3.870000 1.613264
3.880000 2.110896
3.890000 2.439137
3.900000 2.459994
3.910000 2.129900
3.920000 1.563715
3.930000 0.859931
3.940000 0.256699
3.950000 0.467020
3.960000 0.481822
3.970000 0.854474
3.980000 1.262778
3.990000 1.212951
4.000000 0.835049
4.010000 1.073040
4.020000 1.666323
4.030000 2.880589
4.040000 3.686907
4.050000 4.116245
4.060000 3.582183
4.070000 3.080464
4.080000 2.755710
4.090000 2.496404
4.100000 2.355147
4.110000 2.119920
4.120000 1.713546
4.130000 1.192077
4.140000 1.206084
4.150000 1.891770
4.160000 3.137578
4.170000 4.434701
4.180000 4.550034
4.190000 3.808356
4.200000 2.969219
4.210000 2.940051
4.220000 2.520058
4.230000 1.946493
4.240000 2.289208
4.250000 2.910210
4.260000 2.642386
4.270000 2.520525
4.280000 2.309656
4.290000 2.015607
4.300000 2.019312
4.310000 2.090797
4.320000 2.023575
4.330000 1.808199
4.340000 1.595320
4.350000 1.584018
4.360000 1.744497
4.370000 1.903719
4.380000 2.063129
4.390000 2.212182
4.400000 2.045217
4.410000 1.738181
4.420000 1.539102
4.430000 1.409242
4.440000 1.102262
4.450000 0.750539
4.460000 0.534735
4.470000 0.520473
4.480000 0.510236
4.490000 0.444729
4.500000 0.483591
4.510000 0.742380
4.520000 1.193733
4.530000 1.652064
4.540000 1.936998
4.550000 1.949993
4.560000 1.741776
4.570000 1.337843
4.580000 0.730450
4.590000 0.212707
4.600000 0.637835
4.610000 0.350392
4.620000 0.392183
4.630000 0.693408
4.640000 0.779513
4.650000 1.177067
4.660000 1.833993
4.670000 3.058753
4.680000 3.662169
4.690000 3.663910
4.700000 2.880551
4.710000 2.353230
4.720000 2.089014
4.730000 1.966265
4.740000 2.038897
4.750000 2.182975
4.760000 2.281013
4.770000 2.027329
4.780000 1.376236
4.790000 0.825870
4.800000 1.281519
4.810000 1.889217
4.820000 2.869843
4.830000 3.477377
4.840000 3.033986
4.850000 2.354345
4.860000 2.502434
4.870000 1.842404
4.880000 1.082100
4.890000 2.013405
4.900000 1.993040
4.910000 1.822526
4.920000 1.868228
4.930000 1.447770
4.940000 1.295478
4.950000 1.337396
4.960000 1.266978
4.970000 1.102137
4.980000 0.804009
4.990000 0.596832
5.000000 0.651672
5.010000 0.855443
5.020000 1.071152
5.030000 1.322351
5.040000 1.476941
5.050000 1.286350
5.060000 1.071855
5.070000 1.009954
5.080000 1.143448
5.090000 1.115688
5.100000 1.013463
5.110000 0.969447
5.120000 0.917774
5.130000 0.764522
5.140000 0.576444
5.150000 0.396464
5.160000 0.340497
5.170000 0.652201
5.180000 1.132793
5.190000 1.485017
5.200000 1.605042
5.210000 1.595580
5.220000 1.464399
5.230000 1.064625
5.240000 0.416207
5.250000 0.681992
5.260000 0.694492
5.270000 0.529134
5.280000 0.752643
5.290000 1.027197
5.300000 1.457835
5.310000 2.005516
5.320000 2.877548
5.330000 3.084204
5.340000 2.327976
5.350000 2.202539
5.360000 1.750507
5.370000 1.203659
5.380000 1.244795
5.390000 1.368521
5.400000 1.361897
5.410000 1.403630
5.420000 1.536399
5.430000 1.638371
5.440000 1.386715
5.450000 0.774085
5.460000 1.034143
5.470000 1.096530
5.480000 1.751603
5.490000 2.460234
5.500000 2.097093
5.510000 1.824227
5.520000 1.710340
5.530000 0.502047
5.540000 1.308290
5.550000 1.429084
5.560000 1.020019
5.570000 1.395206
5.580000 1.134933
5.590000 0.766758
5.600000 0.718158
5.610000 0.496180
5.620000 0.379370
5.630000 0.189123
5.640000 0.217641
5.650000 0.425247
5.660000 0.383533
5.670000 0.333924
5.680000 0.721125
5.690000 0.992130
5.700000 1.021743
5.710000 0.863087
5.720000 0.797045
5.730000 1.195234
5.740000 1.421838
5.750000 1.357787
5.760000 1.249625
5.770000 1.154483
5.780000 0.963369
5.790000 0.727206
5.800000 0.492571
5.810000 0.228193
5.820000 0.107123
5.830000 0.453217
5.840000 0.848729
5.850000 1.134400
5.860000 1.181512
5.870000 1.111730
5.880000 1.003236
5.890000 0.774719
5.900000 0.297497
5.910000 0.898444
5.920000 1.036924
5.930000 1.095183
5.940000 1.411547
5.950000 1.333081
5.960000 1.386960
5.970000 1.736241
5.980000 2.240227
5.990000 1.887721
6.000000 1.582339
6.010000 1.501149
6.020000 1.372376
6.030000 0.782932
6.040000 0.529492
6.050000 0.674265
6.060000 0.633148
6.070000 0.509545
6.080000 0.332075
6.090000 0.117487
6.100000 0.259421
6.110000 0.885663
6.120000 1.358979
6.130000 1.081226
6.140000 0.901087
6.150000 0.895245
6.160000 1.194224
6.170000 1.192841
6.180000 1.208414
6.190000 1.059109
6.200000 0.651723
6.210000 1.178394
6.220000 0.526546
6.230000 0.900668
6.240000 0.907847
6.250000 0.650171
6.260000 0.404462
6.270000 0.265948
6.280000 0.568263
6.290000 0.650465
6.300000 0.625576
6.310000 0.643844
6.320000 0.561641
6.330000 0.107968
6.340000 0.580108
6.350000 0.909334
6.360000 0.902767
6.370000 0.719532
6.380000 0.500344
6.390000 0.985154
6.400000 1.372611
6.410000 1.346039
6.420000 1.370923
6.430000 1.378686
6.440000 1.257555
6.450000 1.069364
6.460000 0.871237
6.470000 0.640355
6.480000 0.382879
6.490000 0.147780
6.500000 0.129942
6.510000 0.291132
6.520000 0.424103
6.530000 0.478315
6.540000 0.506805
6.550000 0.597546
6.560000 0.609143
6.570000 0.350593
6.580000 0.616141
6.590000 1.250566
6.600000 1.359899
6.610000 1.746573
6.620000 1.809221
6.630000 1.416822
6.640000 1.130504
6.650000 1.323857
6.660000 1.309179
6.670000 1.577012
6.680000 1.488291
6.690000 0.792316
6.700000 0.755726
6.710000 0.796569
6.720000 0.608789
6.730000 0.508172
6.740000 0.500238
6.750000 0.425201
6.760000 0.264456
6.770000 0.521680
6.780000 1.200016
6.790000 0.881897
6.800000 0.674253
6.810000 1.474193
6.820000 1.077650
6.830000 0.666941
6.840000 0.138069
6.850000 0.487404
6.860000 0.708408
6.870000 1.242740
6.880000 0.532166
6.890000 1.046417
6.900000 0.682193
6.910000 0.518178
6.920000 0.510433
6.930000 0.550415
6.940000 0.310746
6.950000 0.454708
6.960000 0.674190
6.970000 0.833404
6.980000 0.890338
6.990000 0.729422
7.000000 0.461436
7.010000 0.099824
7.020000 0.622689
7.030000 0.665347
7.040000 0.444302
7.050000 0.348479
7.060000 0.690133
7.070000 1.029908
7.080000 1.130452
7.090000 1.294003
7.100000 1.597181
7.110000 1.856758
7.120000 1.809027
7.130000 1.497010
7.140000 1.100241
7.150000 0.851482
7.160000 0.830552
7.170000 0.770407
7.180000 0.545193
7.190000 0.295933
7.200000 0.240564
7.210000 0.242147
7.220000 0.202544
7.230000 0.168320
7.240000 0.287187
7.250000 0.486803
7.260000 0.594063
7.270000 0.500761
7.280000 0.747055
7.290000 1.189113
7.300000 1.467051
7.310000 1.926587
7.320000 1.585116
7.330000 1.066558
7.340000 1.052295
7.350000 1.076959
7.360000 1.002507
7.370000 1.033990
7.380000 0.425244
7.390000 0.086855
7.400000 0.143561
7.410000 0.173057
7.420000 0.239330
7.430000 0.665162
7.440000 0.949239
7.450000 1.016077
7.460000 0.495383
7.470000 0.658919
7.480000 1.494908
7.490000 0.814261
7.500000 0.473574
7.510000 0.286851
7.520000 0.514031
7.530000 1.348913
7.540000 0.685719
7.550000 0.707570
7.560000 0.606909
7.570000 0.847869
7.580000 0.412749
7.590000 0.808311
7.600000 1.071158
7.610000 0.896735
7.620000 0.308169
7.630000 0.128093
7.640000 0.343233
7.650000 0.322788
7.660000 0.234653
7.670000 0.386286
7.680000 0.274579
7.690000 0.544252
7.700000 0.601775
7.710000 0.566809
7.720000 0.377443
7.730000 0.276938
7.740000 0.494982
7.750000 0.961460
7.760000 1.222606
7.770000 1.271683
7.780000 0.993604
7.790000 0.911135
7.800000 0.952340
7.810000 1.091734
7.820000 1.277744
7.830000 1.339786
7.840000 1.233550
7.850000 1.176250
7.860000 1.044888
7.870000 0.833422
7.880000 0.592892
7.890000 0.359929
7.900000 0.212925
7.910000 0.315879
7.920000 0.557965
7.930000 0.858145
7.940000 1.207302
7.950000 1.554947
7.960000 1.763492
7.970000 1.680809
7.980000 1.293689
7.990000 0.809054
8.000000 0.671112
8.010000 0.974082
8.020000 1.273896
8.030000 1.287051
8.040000 1.039564
8.050000 0.411080
8.060000 1.091126
8.070000 1.836970
8.080000 1.120633
8.090000 1.477371
8.100000 1.102889
8.110000 1.098039
8.120000 1.779737
8.130000 1.367406
8.140000 0.908542
8.150000 0.444488
8.160000 0.200033
8.170000 0.519464
8.180000 0.846479
8.190000 0.802716
8.200000 0.737463
8.210000 0.715625
8.220000 0.654637
8.230000 0.570873
8.240000 0.126330
8.250000 0.574447
8.260000 0.506573
8.270000 0.662875
8.280000 0.404144
8.290000 0.201868
8.300000 0.173527
8.310000 0.798472
8.320000 1.029078
8.330000 1.014499
8.340000 0.197634
8.350000 0.527223
8.360000 0.251915
8.370000 1.050304
8.380000 1.547917
8.390000 0.538627
8.400000 1.031646
8.410000 0.938784
8.420000 0.545483
8.430000 0.632498
8.440000 0.417747
8.450000 0.212799
8.460000 0.296649
8.470000 0.230507
8.480000 0.373736
8.490000 0.452306
8.500000 0.561250
8.510000 1.002096
8.520000 1.018682
8.530000 0.761483
8.540000 0.921887
8.550000 1.101210
8.560000 1.023642
8.570000 0.796246
8.580000 1.171374
8.590000 1.538018
8.600000 1.213311
8.610000 0.942149
8.620000 0.870554
8.630000 0.921709
8.640000 1.002248
8.650000 1.040460
8.660000 1.010590
8.670000 0.914459
8.680000 0.762885
8.690000 0.567519
8.700000 0.340645
8.710000 0.107933
8.720000 0.181502
8.730000 0.409030
8.740000 0.601144
8.750000 0.734866
8.760000 0.817028
8.770000 0.922506
8.780000 1.204508
8.790000 1.753009
8.800000 2.428771
8.810000 2.929232
8.820000 2.857520
8.830000 2.151844
8.840000 2.436113
8.850000 2.924608
8.860000 3.031468
8.870000 2.279945
8.880000 0.558718
8.890000 0.923262
8.900000 1.106408
8.910000 0.861018
8.920000 0.767063
8.930000 0.429469
8.940000 0.210347
8.950000 0.302642
8.960000 1.155720
8.970000 1.159561
8.980000 1.078454
8.990000 0.546509
9.000000 0.231412
9.010000 0.461381
9.020000 0.407948
9.030000 0.072742
9.040000 0.212184
9.050000 0.417605
9.060000 0.681959
9.070000 0.848123
9.080000 1.450315
9.090000 1.536216
9.100000 1.595606
9.110000 0.416962
9.120000 0.932321
9.130000 0.728363
9.140000 1.817384
9.150000 0.938625
9.160000 0.446750
9.170000 0.801948
9.180000 0.661211
9.190000 0.983397
9.200000 1.185034
9.210000 0.851074
9.220000 0.331678
9.230000 0.599176
9.240000 0.942895
9.250000 0.860463
9.260000 1.038358
9.270000 1.117734
9.280000 1.355177
9.290000 0.949004
9.300000 1.270349
9.310000 1.268759
9.320000 0.933354
9.330000 0.348662
9.340000 0.805885
9.350000 1.003206
9.360000 0.956547
9.370000 0.730345
9.380000 0.792357
9.390000 1.109803
9.400000 1.270914
9.410000 1.179336
9.420000 0.947217
9.430000 0.637181
9.440000 0.396597
9.450000 0.488471
9.460000 0.864210
9.470000 1.169520
9.480000 1.309083
9.490000 1.320416
9.500000 1.276741
9.510000 1.264651
9.520000 1.321231
9.530000 1.376644
9.540000 1.381239
9.550000 1.411453
9.560000 1.481347
9.570000 1.464946
9.580000 1.202392
9.590000 0.884792
9.600000 0.926022
9.610000 1.507688
9.620000 1.090769
9.630000 0.554557
9.640000 0.859956
9.650000 1.003430
9.660000 1.268633
9.670000 2.313040
9.680000 1.972945
9.690000 1.398487
9.700000 1.046506
9.710000 1.004606
9.720000 0.573550
9.730000 0.195505
9.740000 0.302654
9.750000 0.474579
9.760000 0.610743
9.770000 0.514665
9.780000 0.698140
9.790000 1.057976
9.800000 1.446921
9.810000 0.412834
9.820000 0.371773
9.830000 0.188772
9.840000 0.695527
9.850000 0.854484
9.860000 1.025213
9.870000 0.658707
9.880000 0.608282
9.890000 0.187389
9.900000 0.494027
9.910000 1.021420
9.920000 1.021431
9.930000 0.143417
9.940000 0.499868
9.950000 0.563927
9.960000 0.354607
9.970000 0.367552
9.980000 0.580254
9.990000 0.449207
10.000000 0.522373
10.010000 0.593051
10.020000 0.600998
10.030000 0.567623
10.040000 0.560156
10.050000 0.651557
10.060000 0.954005
10.070000 1.230432
10.080000 1.005159
10.090000 0.586098
10.100000 0.555353
10.110000 0.640558
10.120000 0.635979
10.130000 0.617962
10.140000 0.862082
10.150000 0.858240
10.160000 0.536892
10.170000 0.424519
10.180000 0.622493
10.190000 0.800076
10.200000 0.876994
10.210000 0.865208
10.220000 0.801659
10.230000 0.736795
10.240000 0.724852
10.250000 0.794442
10.260000 0.927951
10.270000 1.086576
10.280000 1.237173
10.290000 1.360368
10.300000 1.469311
10.310000 1.638391
10.320000 1.939952
10.330000 2.294398
10.340000 2.529012
10.350000 2.598248
10.360000 2.637181
10.370000 2.742583
10.380000 2.806831
10.390000 2.670240
10.400000 2.308034
10.410000 2.023591
10.420000 1.886950
10.430000 1.198352
10.440000 0.763026
10.450000 1.917970
10.460000 2.401396
10.470000 3.136582
10.480000 2.377539
10.490000 1.517329
10.500000 0.862049
10.510000 0.487417
10.520000 0.687180
10.530000 0.949811
10.540000 0.738441
10.550000 0.233706
10.560000 0.312834
10.570000 0.504374
10.580000 0.604212
10.590000 0.467231
10.600000 0.287666
10.610000 0.130852
10.620000 0.315018
10.630000 0.706770
10.640000 0.873250
10.650000 0.714208
10.660000 0.375957
10.670000 1.252955
10.680000 0.341869
10.690000 1.064252
10.700000 0.198699
10.710000 0.491803
10.720000 0.859842
10.730000 0.822303
10.740000 0.707527
10.750000 0.586028
10.760000 0.368537
10.770000 1.056157
10.780000 0.848672
10.790000 0.591207
10.800000 0.942187
10.810000 0.811508
10.820000 0.576239
10.830000 1.204322
10.840000 0.711720
10.850000 0.429659
10.860000 0.744137
10.870000 0.332584
10.880000 0.671707
10.890000 1.165230
10.900000 1.599332
10.910000 1.516338
10.920000 1.294625
10.930000 0.304060
10.940000 0.884147
10.950000 1.193929
10.960000 1.011500
10.970000 0.798519
10.980000 0.938587
10.990000 1.081841
11.000000 1.294068
11.010000 1.508681
11.020000 1.711110
11.030000 1.923026
11.040000 2.143124
11.050000 2.308948
11.060000 2.317090
11.070000 2.068125
11.080000 1.482429
11.090000 0.554896
11.100000 0.698423
11.110000 1.077866
11.120000 0.679348
11.130000 0.567456
11.140000 0.705614
11.150000 0.680891
11.160000 0.812027
11.170000 1.155388
11.180000 0.994785
11.190000 1.075045
11.200000 1.341308
11.210000 1.828083
11.220000 1.711573
11.230000 1.472755
11.240000 1.042282
11.250000 0.897724
11.260000 0.364566
11.270000 0.219430
11.280000 0.381843
11.290000 0.564759
11.300000 0.577848
11.310000 0.466176
11.320000 0.394348
11.330000 0.768150
11.340000 1.052937
11.350000 0.810851
11.360000 0.983084
11.370000 0.552037
11.380000 1.024979
11.390000 0.775561
11.400000 1.252477
11.410000 0.936286
11.420000 0.535744
11.430000 1.108402
11.440000 0.634583
11.450000 0.231637
11.460000 0.202432
11.470000 0.548745
11.480000 0.243371
11.490000 0.399454
11.500000 0.501703
11.510000 0.507824
11.520000 0.574252
11.530000 0.809095
11.540000 0.521006
11.550000 0.314615
11.560000 0.389681
11.570000 0.528044
11.580000 0.255349
11.590000 0.084665
11.600000 0.383260
11.610000 0.445318
11.620000 0.366621
11.630000 0.570315
11.640000 0.596814
11.650000 0.607441
11.660000 0.783242
11.670000 0.887767
11.680000 0.789418
11.690000 0.738686
11.700000 0.649770
11.710000 0.593408
11.720000 0.575525
11.730000 0.549249
11.740000 0.565148
11.750000 0.609057
11.760000 0.611236
11.770000 0.643798
11.780000 0.696130
11.790000 0.760120
11.800000 0.875120
11.810000 1.028186
11.820000 1.234344
11.830000 1.801739
11.840000 2.660761
11.850000 3.253054
11.860000 2.843545
11.870000 2.499687
11.880000 2.070272
11.890000 1.492622
11.900000 0.860103
11.910000 0.440945
11.920000 0.501372
11.930000 0.528374
11.940000 0.252503
11.950000 0.526569
11.960000 0.211808
11.970000 0.835240
11.980000 0.259111
11.990000 0.176384
12.000000 0.472912
12.010000 0.537921
12.020000 0.217343
12.030000 0.190734
12.040000 0.240188
12.050000 0.222324
12.060000 0.422923
12.070000 0.652887
12.080000 0.762474
12.090000 0.178662
12.100000 0.639447
12.110000 0.294903
12.120000 0.971614
12.130000 0.606788
12.140000 1.460050
12.150000 1.567943
12.160000 0.915202
12.170000 0.484830
12.180000 0.655019
12.190000 0.656581
12.200000 0.464356
12.210000 1.029324
12.220000 1.020312
12.230000 0.959755
12.240000 0.603318
12.250000 0.625820
12.260000 0.530639
12.270000 0.161854
12.280000 0.637737
12.290000 0.529067
12.300000 0.628148
12.310000 0.891491
12.320000 0.669921
12.330000 0.608798
12.340000 0.457011
12.350000 0.766634
12.360000 0.904955
12.370000 0.809577
12.380000 0.381928
12.390000 0.736534
12.400000 1.314273
12.410000 1.436816
12.420000 1.385920
12.430000 1.251945
12.440000 0.986573
12.450000 0.810823
12.460000 0.674063
12.470000 0.516621
12.480000 0.439836
12.490000 0.509745
12.500000 0.621672
12.510000 0.712721
12.520000 0.773400
12.530000 0.803943
12.540000 0.804241
12.550000 0.778966
12.560000 0.737648
12.570000 0.690006
12.580000 0.643710
12.590000 0.605951
12.600000 0.585942
12.610000 0.594192
12.620000 0.637242
12.630000 0.711784
12.640000 0.806327
12.650000 0.909855
12.660000 1.027104
12.670000 1.196201
12.680000 1.482375
12.690000 1.920064
12.700000 2.462287
12.710000 2.999678
12.720000 3.424180
12.730000 3.703544
12.740000 3.928947
12.750000 4.260702
12.760000 4.760173
12.770000 5.297276
12.780000 5.647296
12.790000 5.621022
12.800000 5.150425
12.810000 4.399498
12.820000 3.646564
12.830000 2.879652
12.840000 2.002305
12.850000 1.460724
12.860000 2.321219
12.870000 3.275877
12.880000 4.880351
12.890000 5.066790
12.900000 4.234313
12.910000 3.291927
12.920000 2.343825
12.930000 0.588848
12.940000 1.366568
12.950000 1.962392
12.960000 2.048078
12.970000 1.682985
12.980000 1.187017
12.990000 0.614498
13.000000 0.435906
13.010000 0.776412
13.020000 1.152252
13.030000 1.212354
13.040000 0.907788
13.050000 0.909473
13.060000 1.181950
13.070000 1.564688
13.080000 1.937925
13.090000 1.905918
13.100000 1.225621
13.110000 0.518036
13.120000 1.230017
13.130000 0.630626
13.140000 0.395313
13.150000 0.930394
13.160000 1.206795
13.170000 0.532571
13.180000 0.960135
13.190000 1.108993
13.200000 0.380778
13.210000 1.014729
13.220000 0.559276
13.230000 1.179104
13.240000 0.580099
13.250000 0.737717
13.260000 0.640182
13.270000 0.610783
13.280000 0.821999
13.290000 1.401981
13.300000 2.069365
13.310000 2.678897
13.320000 2.931025
13.330000 2.429623
13.340000 1.917509
13.350000 2.596744
13.360000 3.347939
13.370000 2.864752
13.380000 2.525399
13.390000 2.126190
13.400000 1.202055
13.410000 1.001612
13.420000 1.934333
13.430000 2.794328
13.440000 3.306497
13.450000 3.734608
13.460000 4.108509
13.470000 4.318056
13.480000 4.306633
13.490000 4.338924
13.500000 4.399199
13.510000 3.877074
13.520000 3.353582
13.530000 3.174990
13.540000 3.355260
13.550000 3.505315
13.560000 2.948200
13.570000 1.805914
13.580000 1.204513
13.590000 2.638279
13.600000 3.518922
13.610000 3.647120
13.620000 2.899486
13.630000 2.370987
13.640000 2.049315
13.650000 1.776501
13.660000 1.672757
13.670000 1.374734
13.680000 1.170201
13.690000 0.750322
13.700000 0.620893
13.710000 0.816230
13.720000 1.475224
13.730000 1.302371
13.740000 0.444512
13.750000 1.117444
13.760000 2.384796
13.770000 3.014206
13.780000 2.549773
13.790000 1.769204
13.800000 1.183689
13.810000 1.692220
13.820000 1.246972
13.830000 0.561312
13.840000 0.262723
13.850000 0.626199
13.860000 0.761209
13.870000 0.602232
13.880000 0.533096
13.890000 0.532253
13.900000 0.408626
13.910000 0.527301
13.920000 0.466091
13.930000 0.459493
13.940000 0.619304
13.950000 0.854264
13.960000 1.161867
13.970000 1.161566
13.980000 0.997205
13.990000 0.722687
14.000000 0.477471
14.010000 0.623074
14.020000 0.943086
14.030000 0.951406
14.040000 0.681002
14.050000 0.551276
14.060000 0.817929
14.070000 1.172710
14.080000 1.249418
14.090000 1.119825
14.100000 1.078845
14.110000 1.168215
14.120000 1.327729
14.130000 1.369510
14.140000 1.092499
14.150000 0.663832
14.160000 0.462028
14.170000 1.531636
14.180000 1.712880
14.190000 1.283942
14.200000 1.707762
14.210000 1.985295
14.220000 1.699601
14.230000 1.150945
14.240000 1.025017
14.250000 1.410796
14.260000 1.414840
14.270000 0.794483
14.280000 0.543339
14.290000 0.674531
14.300000 0.930040
14.310000 0.872176
14.320000 0.926699
14.330000 0.791927
14.340000 0.836808
14.350000 0.921192
14.360000 0.914107
14.370000 1.178429
14.380000 1.633016
14.390000 2.063733
14.400000 2.083427
14.410000 0.830562
14.420000 0.745741
14.430000 1.579571
14.440000 1.704415
14.450000 0.915164
14.460000 0.848473
14.470000 1.859244
14.480000 1.449643
14.490000 0.897971
14.500000 0.415218
14.510000 0.605380
14.520000 0.823668
14.530000 0.742430
14.540000 0.696997
14.550000 0.815885
14.560000 0.692667
14.570000 0.601426
14.580000 0.353400
14.590000 0.432770
14.600000 0.660961
14.610000 0.989312
14.620000 1.196829
14.630000 1.064319
14.640000 0.799611
14.650000 0.545358
14.660000 0.674517
14.670000 0.927436
14.680000 1.101578
14.690000 0.963257
14.700000 0.862693
14.710000 0.835796
14.720000 1.024476
14.730000 1.231934
14.740000 1.080541
14.750000 0.783586
14.760000 0.560906
14.770000 0.803646
14.780000 1.202350
14.790000 1.638523
14.800000 1.961653
14.810000 1.811109
14.820000 1.136495
14.830000 0.783332
14.840000 1.419767
14.850000 1.103689
14.860000 1.304224
14.870000 1.708967
14.880000 1.666312
14.890000 1.551742
14.900000 1.365794
14.910000 1.047402
14.920000 1.271502
14.930000 0.985769
14.940000 0.540962
14.950000 0.582232
14.960000 0.836376
14.970000 0.942059
14.980000 0.819880
14.990000 0.913148
15.000000 0.914366
15.010000 0.840276
15.020000 0.966992
15.030000 0.903549
15.040000 0.827315
15.050000 0.542510
15.060000 0.329804
15.070000 0.649368
15.080000 1.265982
15.090000 1.323168
15.100000 0.482189
15.110000 1.263754
15.120000 1.424653
15.130000 0.510212
15.140000 1.127510
15.150000 1.517269
15.160000 0.925067
15.170000 0.499418
15.180000 0.689327
15.190000 0.642186
15.200000 0.232405
15.210000 0.430312
15.220000 0.508751
15.230000 0.767349
15.240000 0.829625
15.250000 0.588984
15.260000 0.446783
15.270000 0.518847
15.280000 0.766104
15.290000 1.058745
15.300000 0.777010
15.310000 0.470591
15.320000 0.477842
15.330000 0.693240
15.340000 0.732040
15.350000 0.926406
15.360000 1.033915
15.370000 0.938271
15.380000 0.868083
15.390000 0.994960
15.400000 1.022840
15.410000 0.834902
15.420000 0.663380
15.430000 0.445299
15.440000 0.392405
15.450000 0.689286
15.460000 0.886842
15.470000 1.065841
15.480000 1.338498
15.490000 1.720017
15.500000 2.048141
15.510000 2.022794
15.520000 1.888228
15.530000 1.968928
15.540000 1.457100
15.550000 1.908084
15.560000 2.293430
15.570000 1.884473
15.580000 1.144936
15.590000 0.910730
15.600000 0.554689
15.610000 0.394201
15.620000 0.599705
15.630000 0.758826
15.640000 0.701848
15.650000 0.531138
15.660000 0.924007
15.670000 1.251600
15.680000 0.836785
15.690000 0.740319
15.700000 0.850634
15.710000 0.889813
15.720000 0.803281
15.730000 0.661250
15.740000 0.528000
15.750000 0.705046
15.760000 0.497531
15.770000 0.588443
15.780000 0.567176
15.790000 0.870075
15.800000 0.963373
15.810000 0.934370
15.820000 1.205462
15.830000 0.329027
15.840000 1.028608
15.850000 1.034969
15.860000 0.404568
15.870000 0.340255
15.880000 0.365851
15.890000 0.484462
15.900000 0.207123
15.910000 0.396226
15.920000 0.493606
15.930000 0.511028
15.940000 0.749681
15.950000 0.710966
15.960000 0.401717
15.970000 0.232812
15.980000 0.571088
15.990000 0.456513
16.000000 0.167134
16.010000 0.105379
16.020000 0.404453
16.030000 0.359045
16.040000 0.506350
16.050000 0.615175
16.060000 0.616968
16.070000 0.645464
16.080000 0.842663
16.090000 0.806391
16.100000 0.724981
16.110000 0.649703
16.120000 0.540376
16.130000 0.525283
16.140000 0.545262
16.150000 0.595076
16.160000 0.667374
16.170000 0.645882
16.180000 0.618107
16.190000 0.662767
16.200000 0.749532
16.210000 0.888145
16.220000 1.065658
16.230000 1.318303
16.240000 1.873894
16.250000 2.674434
16.260000 3.141452
16.270000 2.614806
16.280000 2.238861
16.290000 1.894800
16.300000 1.513445
16.310000 0.815138
16.320000 0.467604
16.330000 0.456245
16.340000 0.538582
16.350000 0.298510
16.360000 0.452479
16.370000 0.229866
16.380000 0.836288
16.390000 0.317374
16.400000 0.288423
16.410000 0.431300
16.420000 0.393078
16.430000 0.225392
16.440000 0.078512
16.450000 0.368584
16.460000 0.197796
16.470000 0.491724
16.480000 0.553800
16.490000 0.414104
16.500000 0.284260
16.510000 0.281193
16.520000 0.872306
16.530000 1.089470
16.540000 0.367852
16.550000 1.588323
16.560000 1.494303
16.570000 0.446891
16.580000 0.641828
16.590000 0.731784
16.600000 0.490920
16.610000 0.403026
16.620000 1.065593
16.630000 0.915475
16.640000 0.918627
16.650000 0.673800
16.660000 0.531785
16.670000 0.420435
16.680000 0.166344
16.690000 0.506833
16.700000 0.425529
16.710000 0.898897
16.720000 0.858758
16.730000 0.581268
16.740000 0.561613
16.750000 0.493483
16.760000 0.615549
16.770000 0.771157
16.780000 0.772835
16.790000 0.550196
16.800000 0.913503
16.810000 1.421324
16.820000 1.421537
16.830000 1.377942
16.840000 1.290659
16.850000 1.082575
16.860000 0.916413
16.870000 0.772469
16.880000 0.595331
16.890000 0.435573
16.900000 0.439402
16.910000 0.574478
16.920000 0.731173
16.930000 0.860329
16.940000 0.932294
16.950000 0.942365
16.960000 0.914278
16.970000 0.879253
16.980000 0.856789
16.990000 0.850974
17.000000 0.857055
17.010000 0.868716
17.020000 0.881785
17.030000 0.895020
17.040000 0.909340
17.050000 0.926850
17.060000 0.949473
17.070000 0.977513
17.080000 1.008559
17.090000 1.037748
17.100000 1.060553
17.110000 1.079676
17.120000 1.113847
17.130000 1.197596
17.140000 1.358341
17.150000 1.588224
17.160000 1.853861
17.170000 2.131843
17.180000 2.423922
17.190000 2.712140
17.200000 2.908214
17.210000 2.890170
17.220000 2.694548
17.230000 3.491059
17.240000 3.767220
17.250000 3.448421
17.260000 4.340047
17.270000 4.167727
17.280000 1.941437
17.290000 2.100323
17.300000 1.614061
17.310000 1.311073
17.320000 1.207487
17.330000 1.235981
17.340000 1.876960
17.350000 2.186085
17.360000 1.897621
17.370000 1.231147
17.380000 1.227368
17.390000 1.760213
17.400000 2.128696
17.410000 2.637209
17.420000 3.216676
17.430000 3.089741
17.440000 2.296539
17.450000 1.117177
17.460000 0.728092
17.470000 1.221447
17.480000 1.310349
17.490000 1.494169
17.500000 1.517512
17.510000 2.278309
17.520000 1.505628
17.530000 1.864520
17.540000 4.080763
17.550000 3.695404
17.560000 2.681821
17.570000 3.983301
17.580000 3.217072
17.590000 2.884562
17.600000 1.581962
17.610000 1.366129
17.620000 1.509294
17.630000 1.084683
17.640000 0.896983
17.650000 0.933729
17.660000 0.952480
17.670000 1.355695
17.680000 0.996116
17.690000 0.959725
17.700000 1.200585
17.710000 1.455390
17.720000 2.024237
17.730000 1.857923
17.740000 1.215355
17.750000 0.935633
17.760000 1.310156
17.770000 1.944815
17.780000 2.434586
17.790000 3.186324
17.800000 2.487264
17.810000 1.438029
17.820000 1.074104
17.830000 1.987172
17.840000 3.057546
17.850000 3.937118
17.860000 4.519024
17.870000 4.419043
17.880000 3.766732
17.890000 3.013417
17.900000 2.282387
17.910000 1.687803
17.920000 1.498631
17.930000 1.768869
17.940000 1.785309
17.950000 1.353868
17.960000 1.124260
17.970000 1.564536
17.980000 2.430427
17.990000 2.846702
18.000000 2.879812
18.010000 2.479207
18.020000 2.077743
18.030000 2.066333
18.040000 1.752354
18.050000 1.619912
18.060000 1.781184
18.070000 1.648045
18.080000 1.129827
18.090000 0.822099
18.100000 0.535591
18.110000 0.399075
18.120000 0.592108
18.130000 0.311921
18.140000 0.723888
18.150000 1.451352
18.160000 1.572618
18.170000 2.394388
18.180000 3.209707
18.190000 2.769309
18.200000 2.338801
18.210000 2.260708
18.220000 1.036494
18.230000 0.919703
18.240000 1.369494
18.250000 1.048377
18.260000 1.501048
18.270000 1.284981
18.280000 0.785576
18.290000 0.689975
18.300000 0.495658
18.310000 0.334153
18.320000 0.171679
18.330000 0.227985
18.340000 0.450868
18.350000 0.428668
18.360000 0.319074
18.370000 0.672673
18.380000 0.966888
18.390000 1.020710
18.400000 0.882017
18.410000 0.777213
18.420000 1.151725
18.430000 1.412440
18.440000 1.368477
18.450000 1.256612
18.460000 1.166173
18.470000 0.985162
18.480000 0.748595
18.490000 0.514713
18.500000 0.250998
18.510000 0.077944
18.520000 0.430548
18.530000 0.833445
18.540000 1.138461
18.550000 1.205814
18.560000 1.143215
18.570000 1.039165
18.580000 0.818096
18.590000 0.339586
18.600000 0.837466
18.610000 1.025588
18.620000 1.064856
18.630000 1.355968
18.640000 1.339392
18.650000 1.390424
18.660000 1.689310
18.670000 2.242239
18.680000 2.008491
18.690000 1.591478
18.700000 1.522645
18.710000 1.408385
18.720000 0.856786
18.730000 0.539557
18.740000 0.675357
18.750000 0.641336
18.760000 0.520674
18.770000 0.338533
18.780000 0.129581
18.790000 0.320402
18.800000 0.872523
18.810000 1.339501
18.820000 1.081970
18.830000 0.911754
18.840000 0.918245
18.850000 1.263123
18.860000 1.245327
18.870000 1.206928
18.880000 1.111708
18.890000 0.568393
18.900000 1.234251
18.910000 0.556911
18.920000 0.883988
18.930000 0.943828
18.940000 0.666924
18.950000 0.430677
18.960000 0.243971
18.970000 0.535093
18.980000 0.629433
18.990000 0.607101
19.000000 0.637947
19.010000 0.578592
19.020000 0.155414
19.030000 0.541309
19.040000 0.894996
19.050000 0.917776
19.060000 0.754137
19.070000 0.505337
19.080000 0.950274
19.090000 1.371042
19.100000 1.358230
19.110000 1.360898
19.120000 1.365636
19.130000 1.251161
19.140000 1.067690
19.150000 0.873270
19.160000 0.647366
19.170000 0.392215
19.180000 0.159643
19.190000 0.131718
19.200000 0.300951
19.210000 0.448088
19.220000 0.504207
19.230000 0.520700
19.240000 0.601840
19.250000 0.612534
19.260000 0.357978
19.270000 0.601592
19.280000 1.246643
19.290000 1.351926
19.300000 1.729831
19.310000 1.808505
19.320000 1.418776
19.330000 1.134521
19.340000 1.352401
19.350000 1.343709
19.360000 1.566995
19.370000 1.510581
19.380000 0.803444
19.390000 0.696889
19.400000 0.738852
19.410000 0.551702
19.420000 0.490984
19.430000 0.513986
19.440000 0.434755
19.450000 0.261980
19.460000 0.546829
19.470000 1.198861
19.480000 0.844851
19.490000 0.756734
19.500000 1.471682
19.510000 1.056757
19.520000 0.680487
19.530000 0.165944
19.540000 0.511508
19.550000 0.725044
19.560000 1.230214
19.570000 0.542823
19.580000 1.031708
19.590000 0.657942
19.600000 0.538860
19.610000 0.521953
19.620000 0.559722
19.630000 0.308143
19.640000 0.456970
19.650000 0.687764
19.660000 0.851022
19.670000 0.889205
19.680000 0.720860
19.690000 0.458490
19.700000 0.102174
19.710000 0.635038
19.720000 0.688191
19.730000 0.463712
19.740000 0.335599
19.750000 0.673423
19.760000 1.030378
19.770000 1.137027
19.780000 1.296360
19.790000 1.602760
19.800000 1.852433
19.810000 1.787415
19.820000 1.472476
19.830000 1.081442
19.840000 0.837244
19.850000 0.811692
19.860000 0.744988
19.870000 0.513153
19.880000 0.268267
19.890000 0.224739
19.900000 0.222436
19.910000 0.183760
19.920000 0.169189
19.930000 0.317367
19.940000 0.512632
19.950000 0.599137
19.960000 0.471899
19.970000 0.839034
19.980000 1.221477
19.990000 1.505513
