0.000000 11.555395
0.010000 12.536785
0.020000 13.735682
0.030000 13.982749
0.040000 14.526376
0.050000 14.750327
0.060000 14.372812
0.070000 14.350517
0.080000 14.211618
0.090000 14.191124
0.100000 12.546444
0.110000 11.098031
0.120000 10.233410
0.130000 9.522773
0.140000 8.822161
0.150000 8.165522
0.160000 7.557554
0.170000 7.017653
0.180000 6.514378
0.190000 6.292023
0.200000 6.598192
0.210000 7.100643
0.220000 7.433771
0.230000 7.082254
0.240000 6.387508
0.250000 4.995805
0.260000 4.266763
0.270000 4.307081
0.280000 4.642653
0.290000 4.995614
0.300000 5.792104
0.310000 6.678250
0.320000 7.011102
0.330000 6.707610
0.340000 6.091753
0.350000 5.530172
0.360000 5.583340
0.370000 5.723886
0.380000 6.817730
0.390000 8.096806
0.400000 9.290619
0.410000 10.760894
0.420000 12.167289
0.430000 12.846979
0.440000 12.622677
0.450000 12.372203
0.460000 12.001852
0.470000 11.518361
0.480000 11.213467
0.490000 11.138662
0.500000 10.970826
0.510000 10.711791
0.520000 10.479456
0.530000 10.212937
0.540000 10.088654
0.550000 10.203388
0.560000 10.286530
0.570000 10.313289
0.580000 10.256386
0.590000 10.034427
0.600000 9.896145
0.610000 10.048928
0.620000 10.336282
0.630000 11.036728
0.640000 12.236803
0.650000 12.764660
0.660000 13.209629
0.670000 13.584402
0.680000 13.392922
0.690000 13.492081
0.700000 13.717881
0.710000 13.535311
0.720000 11.788271
0.730000 10.219817
0.740000 9.054339
0.750000 8.358739
0.760000 7.668386
0.770000 6.939404
0.780000 6.225169
0.790000 5.553331
0.800000 4.943099
0.810000 4.865201
0.820000 4.890454
0.830000 5.078750
0.840000 5.545785
0.850000 6.249458
0.860000 6.606714
0.870000 6.164013
0.880000 4.384744
0.890000 3.388383
0.900000 3.354890
0.910000 3.794001
0.920000 4.299506
0.930000 5.135780
0.940000 5.971271
0.950000 5.980797
0.960000 5.666185
0.970000 5.067863
0.980000 4.519867
0.990000 4.632908
1.000000 5.182516
1.010000 6.499807
1.020000 7.867923
1.030000 9.528207
1.040000 11.172729
1.050000 11.906281
1.060000 11.778033
1.070000 11.569325
1.080000 11.299882
1.090000 10.873807
1.100000 10.504245
1.110000 10.422515
1.120000 10.280832
1.130000 10.122875
1.140000 9.965255
1.150000 10.006477
1.160000 9.626394
1.170000 9.560403
1.180000 9.566011
1.190000 9.613945
1.200000 9.597735
1.210000 9.769361
1.220000 9.573626
1.230000 9.441712
1.240000 9.575517
1.250000 10.041103
1.260000 10.721138
1.270000 11.724343
1.280000 11.926529
1.290000 12.366382
1.300000 12.380126
1.310000 12.451110
1.320000 12.879091
1.330000 13.116085
1.340000 11.438168
1.350000 9.792254
1.360000 8.341426
1.370000 7.561711
1.380000 6.851965
1.390000 6.102912
1.400000 5.319782
1.410000 4.528761
1.420000 3.867809
1.430000 3.718307
1.440000 3.569639
1.450000 3.606182
1.460000 3.887336
1.470000 4.406916
1.480000 5.384951
1.490000 6.452408
1.500000 6.172585
1.510000 4.544287
1.520000 2.838075
1.530000 2.438778
1.540000 2.680021
1.550000 3.704398
1.560000 4.488022
1.570000 5.398550
1.580000 5.108726
1.590000 4.710586
1.600000 4.011242
1.610000 3.725595
1.620000 3.836132
1.630000 4.751252
1.640000 6.112447
1.650000 7.836162
1.660000 9.797150
1.670000 10.887331
1.680000 10.975936
1.690000 10.820945
1.700000 10.528745
1.710000 10.012967
1.720000 9.530633
1.730000 9.495901
1.740000 9.421368
1.750000 9.281248
1.760000 9.085562
1.770000 9.042213
1.780000 9.061372
1.790000 9.231928
1.800000 9.079361
1.810000 8.986652
1.820000 9.135187
1.830000 9.140445
1.840000 9.200053
1.850000 9.177833
1.860000 9.008916
1.870000 8.949478
1.880000 9.628684
1.890000 10.320655
1.900000 10.976483
1.910000 11.282571
1.920000 11.191823
1.930000 11.128029
1.940000 11.315217
1.950000 11.865520
1.960000 11.340466
1.970000 9.901593
1.980000 8.427839
1.990000 7.209180
2.000000 6.398543
2.010000 5.601884
2.020000 4.757128
2.030000 3.908253
2.040000 3.109855
2.050000 2.910007
2.060000 2.648308
2.070000 2.419537
2.080000 2.562959
2.090000 2.965638
2.100000 3.552243
2.110000 4.878129
2.120000 5.773829
2.130000 6.116555
2.140000 5.139544
2.150000 2.997936
2.160000 1.675734
2.170000 1.656549
2.180000 2.694760
2.190000 4.002790
2.200000 4.559261
2.210000 4.236998
2.220000 3.830891
2.230000 3.117596
2.240000 2.806890
2.250000 3.212548
2.260000 4.241541
2.270000 5.817598
2.280000 7.827921
2.290000 9.647712
2.300000 10.166672
2.310000 10.200084
2.320000 9.780767
2.330000 9.315493
2.340000 8.765535
2.350000 8.592569
2.360000 8.644955
2.370000 8.596613
2.380000 8.430264
2.390000 8.092077
2.400000 8.045949
2.410000 8.299039
2.420000 8.564672
2.430000 8.700922
2.440000 8.759388
2.450000 8.696357
2.460000 8.522655
2.470000 8.329232
2.480000 8.602705
2.490000 8.429805
2.500000 8.328249
2.510000 8.963040
2.520000 9.639786
2.530000 9.942908
2.540000 9.786172
2.550000 9.841478
2.560000 10.092294
2.570000 10.502513
2.580000 11.000264
2.590000 10.078616
2.600000 8.941724
2.610000 7.687440
2.620000 6.377123
2.630000 5.337532
2.640000 4.478693
2.650000 3.713961
2.660000 2.896993
2.670000 2.507755
2.680000 2.432551
2.690000 1.943166
2.700000 1.709523
2.710000 1.694765
2.720000 2.100673
2.730000 2.627983
2.740000 3.817578
2.750000 5.039419
2.760000 6.022663
2.770000 5.765139
2.780000 3.956201
2.790000 2.255682
2.800000 1.504542
2.810000 2.300263
2.820000 3.573335
2.830000 4.105210
2.840000 3.350095
2.850000 2.995679
2.860000 2.296337
2.870000 2.139118
2.880000 2.537602
2.890000 3.587748
2.900000 5.407773
2.910000 7.757107
2.920000 8.893337
2.930000 9.325324
2.940000 9.098530
2.950000 8.738613
2.960000 8.345701
2.970000 7.797499
2.980000 8.041681
2.990000 8.126508
3.000000 8.034017
3.010000 7.721473
3.020000 7.238438
3.030000 7.240760
3.040000 7.648622
3.050000 8.025124
3.060000 8.265350
3.070000 8.295903
3.080000 8.203395
3.090000 7.889185
3.100000 7.603926
3.110000 7.673861
3.120000 7.874739
3.130000 7.666513
3.140000 7.876338
3.150000 8.192234
3.160000 8.524788
3.170000 8.533260
3.180000 8.883094
3.190000 9.435745
3.200000 10.084762
3.210000 10.037856
3.220000 9.360370
3.230000 8.360936
3.240000 7.059053
3.250000 5.614573
3.260000 4.586544
3.270000 3.775228
3.280000 3.192603
3.290000 2.806899
3.300000 3.390628
3.310000 3.028167
3.320000 2.854394
3.330000 2.562859
3.340000 1.975320
3.350000 1.378290
3.360000 1.392427
3.370000 1.991575
3.380000 3.241801
3.390000 4.515156
3.400000 6.219425
3.410000 5.761629
3.420000 3.540555
3.430000 2.244658
3.440000 1.875532
3.450000 2.695515
3.460000 3.887304
3.470000 3.256835
3.480000 2.284386
3.490000 1.525322
3.500000 1.433850
3.510000 1.788262
3.520000 2.644699
3.530000 4.603541
3.540000 7.007261
3.550000 7.800227
3.560000 7.815433
3.570000 7.700445
3.580000 7.463945
3.590000 7.239645
3.600000 7.093744
3.610000 7.456133
3.620000 7.272736
3.630000 6.808696
3.640000 6.251665
3.650000 5.806607
3.660000 5.884074
3.670000 6.344562
3.680000 7.024063
3.690000 7.470630
3.700000 7.524167
3.710000 7.387672
3.720000 7.244442
3.730000 6.931681
3.740000 6.648897
3.750000 6.737816
3.760000 6.747724
3.770000 6.678415
3.780000 6.949449
3.790000 6.901381
3.800000 7.118024
3.810000 7.898721
3.820000 8.725461
3.830000 9.486530
3.840000 9.437082
3.850000 8.849345
3.860000 7.926487
3.870000 6.702824
3.880000 5.269189
3.890000 4.216272
3.900000 3.317806
3.910000 3.065801
3.920000 3.552832
3.930000 4.906085
3.940000 4.971815
3.950000 4.607780
3.960000 4.020992
3.970000 2.978106
3.980000 1.968904
3.990000 1.079441
4.000000 1.186176
4.010000 1.383086
4.020000 2.488449
4.030000 3.585511
4.040000 5.544590
4.050000 5.975395
4.060000 3.613807
4.070000 2.478050
4.080000 1.852030
4.090000 2.545095
4.100000 3.560669
4.110000 2.699925
4.120000 0.988328
4.130000 1.132927
4.140000 1.232622
4.150000 1.592336
4.160000 2.911624
4.170000 5.196800
4.180000 6.397899
4.190000 6.481137
4.200000 6.279755
4.210000 6.145036
4.220000 6.185127
4.230000 5.988433
4.240000 5.973672
4.250000 5.889504
4.260000 5.487758
4.270000 4.788504
4.280000 4.217393
4.290000 4.101648
4.300000 4.585565
4.310000 5.306293
4.320000 5.789681
4.330000 6.187460
4.340000 6.257209
4.350000 6.146668
4.360000 6.012851
4.370000 5.737427
4.380000 5.455939
4.390000 5.544159
4.400000 5.623724
4.410000 5.895572
4.420000 6.128050
4.430000 5.988468
4.440000 6.181832
4.450000 7.214508
4.460000 8.069709
4.470000 8.741715
4.480000 7.653194
4.490000 6.805502
4.500000 5.796924
4.510000 4.484484
4.520000 3.347322
4.530000 2.806594
4.540000 2.142713
4.550000 2.807302
4.560000 4.671994
4.570000 5.622038
4.580000 5.629986
4.590000 5.040939
4.600000 4.697378
4.610000 3.767474
4.620000 2.883626
4.630000 1.590131
4.640000 0.900616
4.650000 1.331504
4.660000 2.358241
4.670000 3.244380
4.680000 4.126301
4.690000 5.341435
4.700000 4.481812
4.710000 2.676195
4.720000 1.673225
4.730000 1.934287
4.740000 2.561330
4.750000 2.642001
4.760000 0.358049
4.770000 1.638147
4.780000 1.171435
4.790000 1.216782
4.800000 2.576890
4.810000 4.339175
4.820000 4.995115
4.830000 4.942554
4.840000 4.694115
4.850000 5.056986
4.860000 4.763016
4.870000 4.359443
4.880000 4.373954
4.890000 4.223405
4.900000 3.823997
4.910000 3.290191
4.920000 2.654157
4.930000 2.697029
4.940000 3.375577
4.950000 3.878963
4.960000 4.142747
4.970000 4.369894
4.980000 4.510608
4.990000 4.483963
5.000000 4.448740
5.010000 4.324992
5.020000 4.312743
5.030000 4.359365
5.040000 4.636914
5.050000 5.375406
5.060000 6.041371
5.070000 5.738302
5.080000 5.604939
5.090000 6.268948
5.100000 7.226815
5.110000 7.544316
5.120000 6.332654
5.130000 5.133910
5.140000 4.122418
5.150000 2.930296
5.160000 2.280158
5.170000 1.542440
5.180000 0.950146
5.190000 1.516164
5.200000 3.311468
5.210000 4.310785
5.220000 4.696692
5.230000 4.019316
5.240000 3.829737
5.250000 4.273969
5.260000 4.257575
5.270000 3.510184
5.280000 2.251109
5.290000 1.300566
5.300000 1.579364
5.310000 3.190930
5.320000 3.626802
5.330000 3.860423
5.340000 4.665194
5.350000 3.574015
5.360000 2.074553
5.370000 1.200416
5.380000 1.765220
5.390000 2.050851
5.400000 1.824131
5.410000 1.321495
5.420000 1.795718
5.430000 1.182737
5.440000 1.346444
5.450000 2.657488
5.460000 3.230227
5.470000 3.468682
5.480000 3.636344
5.490000 3.545412
5.500000 2.995737
5.510000 2.739389
5.520000 2.838274
5.530000 2.731320
5.540000 2.408584
5.550000 2.143411
5.560000 1.562704
5.570000 1.489511
5.580000 1.992401
5.590000 2.352635
5.600000 2.566836
5.610000 2.734356
5.620000 2.902833
5.630000 3.092673
5.640000 3.164417
5.650000 3.259803
5.660000 3.251640
5.670000 3.277493
5.680000 3.260059
5.690000 3.631962
5.700000 4.527285
5.710000 5.240014
5.720000 5.120407
5.730000 5.528269
5.740000 6.366702
5.750000 6.860554
5.760000 5.613068
5.770000 4.454147
5.780000 4.167521
5.790000 3.060282
5.800000 1.361979
5.810000 0.668892
5.820000 0.354390
5.830000 1.434836
5.840000 0.886820
5.850000 2.487291
5.860000 3.817771
5.870000 3.814198
5.880000 3.447157
5.890000 3.209699
5.900000 3.084478
5.910000 2.865547
5.920000 2.530641
5.930000 2.074538
5.940000 1.615712
5.950000 1.054747
5.960000 1.659216
5.970000 3.245877
5.980000 3.260441
5.990000 3.657586
6.000000 3.140690
6.010000 2.244906
6.020000 0.965936
6.030000 1.021833
6.040000 1.070310
6.050000 1.837613
6.060000 0.737367
6.070000 1.381007
6.080000 1.221520
6.090000 1.534357
6.100000 1.549182
6.110000 1.703972
6.120000 2.338076
6.130000 2.237274
6.140000 1.462527
6.150000 1.149759
6.160000 1.293274
6.170000 1.394545
6.180000 1.317948
6.190000 1.347648
6.200000 1.018492
6.210000 0.928231
6.220000 1.182323
6.230000 1.459842
6.240000 1.425604
6.250000 1.339599
6.260000 1.517358
6.270000 1.880568
6.280000 2.241295
6.290000 2.407030
6.300000 2.522069
6.310000 2.591102
6.320000 2.669712
6.330000 2.677183
6.340000 2.847152
6.350000 3.028156
6.360000 3.488272
6.370000 3.986529
6.380000 4.939911
6.390000 6.009737
6.400000 6.502486
6.410000 4.781746
6.420000 3.187737
6.430000 4.341244
6.440000 3.068180
6.450000 1.491917
6.460000 0.915425
6.470000 1.384765
6.480000 2.094866
6.490000 1.464282
6.500000 1.855852
6.510000 3.436861
6.520000 2.879430
6.530000 1.863304
6.540000 1.697718
6.550000 1.237418
6.560000 0.931345
6.570000 0.651202
6.580000 0.791222
6.590000 1.448455
6.600000 1.380331
6.610000 1.034056
6.620000 0.320534
6.630000 1.384465
6.640000 2.481863
6.650000 2.941642
6.660000 2.323060
6.670000 1.434340
6.680000 0.467473
6.690000 0.212075
6.700000 0.768294
6.710000 1.625420
6.720000 0.802324
6.730000 1.214606
6.740000 1.309605
6.750000 1.429515
6.760000 1.109118
6.770000 1.233310
6.780000 0.784706
6.790000 0.392161
6.800000 0.574903
6.810000 0.459809
6.820000 0.196149
6.830000 0.448051
6.840000 0.666429
6.850000 1.000753
6.860000 1.511612
6.870000 1.650951
6.880000 1.781677
6.890000 1.863530
6.900000 1.116174
6.910000 0.563015
6.920000 1.090981
6.930000 1.486427
6.940000 1.481865
6.950000 1.607352
6.960000 1.902484
6.970000 2.078238
6.980000 2.212474
6.990000 2.213773
7.000000 2.267334
7.010000 2.837229
7.020000 3.294363
7.030000 3.047183
7.040000 3.809934
7.050000 4.820506
7.060000 5.466205
7.070000 4.759278
7.080000 3.716837
7.090000 3.685610
7.100000 3.132655
7.110000 2.547758
7.120000 1.793829
7.130000 1.831702
7.140000 2.402008
7.150000 1.428719
7.160000 1.659828
7.170000 2.405702
7.180000 2.024686
7.190000 1.532575
7.200000 1.056758
7.210000 0.930471
7.220000 0.886561
7.230000 0.804725
7.240000 1.220225
7.250000 1.651180
7.260000 1.587723
7.270000 1.286979
7.280000 1.567785
7.290000 1.186592
7.300000 0.758529
7.310000 1.340935
7.320000 1.802438
7.330000 1.708082
7.340000 0.827279
7.350000 1.393625
7.360000 0.705455
7.370000 0.446081
7.380000 0.929230
7.390000 1.064229
7.400000 1.364891
7.410000 1.358528
7.420000 1.238259
7.430000 0.711052
7.440000 0.387921
7.450000 0.984336
7.460000 1.330401
7.470000 1.363504
7.480000 1.001623
7.490000 0.656870
7.500000 0.394265
7.510000 0.498475
7.520000 0.704268
7.530000 0.984146
7.540000 1.334351
7.550000 1.627590
7.560000 1.254667
7.570000 0.756431
7.580000 1.230958
7.590000 1.237994
7.600000 1.130918
7.610000 1.263752
7.620000 1.475306
7.630000 1.681621
7.640000 1.723810
7.650000 1.504115
7.660000 1.513902
7.670000 1.641187
7.680000 1.746874
7.690000 2.059204
7.700000 2.305588
7.710000 2.198467
7.720000 2.754081
7.730000 3.090226
7.740000 3.570800
7.750000 4.020552
7.760000 3.985813
7.770000 3.433112
7.780000 3.201327
7.790000 2.455108
7.800000 1.799870
7.810000 1.537771
7.820000 1.515477
7.830000 0.691444
7.840000 0.799791
7.850000 1.417618
7.860000 1.797281
7.870000 1.321465
7.880000 1.033224
7.890000 1.291330
7.900000 1.556190
7.910000 0.909480
7.920000 0.420834
7.930000 0.998571
7.940000 0.887660
7.950000 0.118236
7.960000 0.217151
7.970000 1.090694
7.980000 1.396545
7.990000 1.518600
8.000000 0.494506
8.010000 1.703500
8.020000 1.616769
8.030000 1.264766
8.040000 1.608942
8.050000 0.667916
8.060000 0.116489
8.070000 0.683238
8.080000 1.648330
8.090000 1.316100
8.100000 0.557830
8.110000 0.570447
8.120000 0.379996
8.130000 0.934170
8.140000 0.904271
8.150000 1.404142
8.160000 1.901860
8.170000 0.797092
8.180000 0.623461
8.190000 1.320091
8.200000 1.415622
8.210000 1.001833
8.220000 0.814849
8.230000 0.689119
8.240000 0.660585
8.250000 1.038031
8.260000 1.224782
8.270000 1.340120
8.280000 1.398848
8.290000 1.245738
8.300000 1.232235
8.310000 1.266389
8.320000 1.350259
8.330000 1.468198
8.340000 1.517359
8.350000 1.615966
8.360000 1.740728
8.370000 1.757500
8.380000 1.614579
8.390000 1.410392
8.400000 1.260625
8.410000 1.611973
8.420000 1.521171
8.430000 1.649940
8.440000 2.307672
8.450000 2.795769
8.460000 3.651528
8.470000 2.738152
8.480000 2.214151
8.490000 1.907498
8.500000 1.661139
8.510000 1.532781
8.520000 0.842613
8.530000 0.910432
8.540000 1.725084
8.550000 1.173094
8.560000 1.222134
8.570000 1.135442
8.580000 1.142956
8.590000 1.248888
8.600000 0.861147
8.610000 0.325460
8.620000 0.299846
8.630000 0.700326
8.640000 0.673732
8.650000 0.144637
8.660000 0.393009
8.670000 0.407626
8.680000 0.248188
8.690000 0.395376
8.700000 1.188154
8.710000 1.024080
8.720000 0.845067
8.730000 1.148754
8.740000 1.486602
8.750000 1.139846
8.760000 0.307485
8.770000 0.918563
8.780000 0.573818
8.790000 0.245242
8.800000 0.927279
8.810000 1.185501
8.820000 0.150637
8.830000 0.509155
8.840000 0.666207
8.850000 0.844815
8.860000 0.323901
8.870000 0.707141
8.880000 0.838970
8.890000 0.118621
8.900000 1.015221
8.910000 0.909489
8.920000 0.615456
8.930000 0.204334
8.940000 0.685885
8.950000 1.105340
8.960000 1.403842
8.970000 0.916193
8.980000 0.834888
8.990000 1.168837
9.000000 1.235971
9.010000 1.195910
9.020000 0.957748
9.030000 0.911366
9.040000 1.143891
9.050000 1.389132
9.060000 1.723351
9.070000 1.218917
9.080000 0.858405
9.090000 0.606372
9.100000 0.543283
9.110000 0.735576
9.120000 1.025034
9.130000 1.068858
9.140000 1.050390
9.150000 1.008399
9.160000 1.085707
9.170000 1.329818
9.180000 1.820771
9.190000 1.516689
9.200000 1.099800
9.210000 1.075645
9.220000 0.801261
9.230000 0.559650
9.240000 0.939659
9.250000 2.615210
9.260000 2.907683
9.270000 3.216415
9.280000 4.181327
9.290000 4.914719
9.300000 3.329963
9.310000 2.112056
9.320000 1.796499
9.330000 2.049475
9.340000 1.970004
9.350000 1.536752
9.360000 1.216961
9.370000 1.482140
9.380000 0.860810
9.390000 0.480926
9.400000 0.680287
9.410000 0.727600
9.420000 1.115803
9.430000 1.453642
9.440000 1.300152
9.450000 0.586188
9.460000 0.353702
9.470000 0.534531
9.480000 0.972665
9.490000 0.225933
9.500000 0.786490
9.510000 1.949649
9.520000 0.934877
9.530000 0.467724
9.540000 0.330003
9.550000 1.301697
9.560000 1.091302
9.570000 1.549275
9.580000 2.097008
9.590000 0.839185
9.600000 0.610752
9.610000 1.424771
9.620000 0.639036
9.630000 0.288355
9.640000 0.868136
9.650000 0.722092
9.660000 0.670366
9.670000 1.648799
9.680000 1.555824
9.690000 1.500208
9.700000 1.416973
9.710000 0.946307
9.720000 1.509537
9.730000 1.314944
9.740000 1.671373
9.750000 1.630809
9.760000 1.709088
9.770000 1.043139
9.780000 1.237405
9.790000 1.449755
9.800000 1.408296
9.810000 1.243551
9.820000 1.546002
9.830000 2.211610
9.840000 2.888596
9.850000 3.349780
9.860000 3.432358
9.870000 3.371899
9.880000 3.055026
9.890000 3.058708
9.900000 3.210790
9.910000 3.315097
9.920000 3.411029
9.930000 3.223329
9.940000 2.516896
9.950000 1.579778
9.960000 1.106807
9.970000 0.582343
9.980000 1.135600
9.990000 2.018512
10.000000 2.430855
10.010000 2.332175
10.020000 1.789733
10.030000 3.125993
10.040000 1.696289
10.050000 2.036287
10.060000 3.235508
10.070000 3.744641
10.080000 3.013730
10.090000 2.595989
10.100000 1.823732
10.110000 0.813392
10.120000 1.070933
10.130000 1.734996
10.140000 2.352851
10.150000 1.274381
10.160000 2.657379
10.170000 2.663321
10.180000 1.468870
10.190000 0.306361
10.200000 0.505500
10.210000 0.918217
10.220000 0.867155
10.230000 0.594384
10.240000 0.761757
10.250000 0.604442
10.260000 0.302609
10.270000 1.431340
10.280000 0.474791
10.290000 0.415787
10.300000 0.428084
10.310000 0.691563
10.320000 0.881444
10.330000 2.390289
10.340000 0.637161
10.350000 2.204148
10.360000 1.723958
10.370000 1.106774
10.380000 2.430621
10.390000 0.518900
10.400000 0.923842
10.410000 0.864622
10.420000 0.875692
10.430000 0.651069
10.440000 0.677459
10.450000 1.392529
10.460000 1.393979
10.470000 1.031999
10.480000 0.962887
10.490000 0.724463
10.500000 0.172148
10.510000 0.567749
10.520000 1.017380
10.530000 1.400182
10.540000 1.537693
10.550000 1.599150
10.560000 1.719879
10.570000 1.346848
10.580000 0.931234
10.590000 0.582105
10.600000 0.712759
10.610000 1.132532
10.620000 1.525098
10.630000 1.476414
10.640000 1.341276
10.650000 1.190115
10.660000 1.098445
10.670000 0.962309
10.680000 0.600712
10.690000 0.428666
10.700000 0.478347
10.710000 0.586526
10.720000 0.594701
10.730000 0.653786
10.740000 0.996041
10.750000 1.461885
10.760000 0.902004
10.770000 1.091487
10.780000 1.936303
10.790000 2.233370
10.800000 2.683246
10.810000 3.402303
10.820000 5.171803
10.830000 5.234931
10.840000 3.863488
10.850000 4.745502
10.860000 3.055301
10.870000 2.564285
10.880000 3.790839
10.890000 3.445925
10.900000 2.037183
10.910000 1.822202
10.920000 3.067025
10.930000 3.059327
10.940000 1.568601
10.950000 0.359470
10.960000 2.623528
10.970000 2.271299
10.980000 0.690966
10.990000 0.308559
11.000000 1.047573
11.010000 1.135592
11.020000 0.883558
11.030000 0.820072
11.040000 1.116295
11.050000 1.620366
11.060000 0.940339
11.070000 0.696964
11.080000 0.733326
11.090000 1.154690
11.100000 0.637320
11.110000 1.788773
11.120000 1.744856
11.130000 0.733401
11.140000 0.309228
11.150000 0.445452
11.160000 0.707060
11.170000 1.143152
11.180000 3.560575
11.190000 0.770805
11.200000 1.356178
11.210000 0.736155
11.220000 1.817706
11.230000 1.829080
11.240000 0.511174
11.250000 0.700636
11.260000 1.324893
11.270000 1.799400
11.280000 1.817081
11.290000 1.589625
11.300000 1.100047
11.310000 0.629561
11.320000 1.066719
11.330000 1.305060
11.340000 1.572934
11.350000 1.669007
11.360000 2.299973
11.370000 2.792816
11.380000 2.944450
11.390000 3.113746
11.400000 2.947528
11.410000 2.564523
11.420000 1.897449
11.430000 1.497318
11.440000 1.210022
11.450000 1.089478
11.460000 0.709757
11.470000 0.501010
11.480000 0.419086
11.490000 0.638487
11.500000 1.182605
11.510000 1.366557
11.520000 0.249405
11.530000 2.002868
11.540000 3.826041
11.550000 3.325078
11.560000 1.861971
11.570000 1.450993
11.580000 1.693268
11.590000 1.696180
11.600000 1.309902
11.610000 1.331455
11.620000 2.038776
11.630000 2.304781
11.640000 0.995351
11.650000 0.507949
11.660000 0.526215
11.670000 0.872740
11.680000 1.144709
11.690000 0.607833
11.700000 0.182067
11.710000 0.296663
11.720000 0.423817
11.730000 0.691804
11.740000 1.041308
11.750000 1.020160
11.760000 0.334124
11.770000 0.098354
11.780000 0.786863
11.790000 1.108606
11.800000 0.350700
11.810000 2.528517
11.820000 0.887464
11.830000 1.624159
11.840000 0.189399
11.850000 0.996005
11.860000 0.654839
11.870000 0.212179
11.880000 0.389369
11.890000 1.838263
11.900000 0.424872
11.910000 0.137142
11.920000 0.476422
11.930000 0.797067
11.940000 0.592635
11.950000 0.374724
11.960000 1.268396
11.970000 0.706586
11.980000 0.777093
11.990000 1.238700
12.000000 0.782780
12.010000 0.471943
12.020000 0.337896
12.030000 0.690862
12.040000 1.287704
12.050000 1.428848
12.060000 0.870494
12.070000 0.905448
12.080000 1.194427
12.090000 1.276911
12.100000 1.123576
12.110000 0.997148
12.120000 0.602262
12.130000 1.089454
12.140000 1.428593
12.150000 1.427397
12.160000 0.967154
12.170000 0.794244
12.180000 0.692712
12.190000 0.714000
12.200000 0.677989
12.210000 0.800064
12.220000 0.936139
12.230000 1.076730
12.240000 1.377631
12.250000 1.528567
12.260000 1.179334
12.270000 1.107744
12.280000 0.926834
12.290000 0.795632
12.300000 0.335158
12.310000 1.681938
12.320000 2.777816
12.330000 2.523253
12.340000 3.265854
12.350000 4.185902
12.360000 4.385336
12.370000 3.984692
12.380000 2.657221
12.390000 2.134376
12.400000 1.703488
12.410000 1.599852
12.420000 1.504931
12.430000 1.971073
12.440000 1.731079
12.450000 0.839655
12.460000 1.250365
12.470000 0.955942
12.480000 1.277727
12.490000 0.993580
12.500000 0.527847
12.510000 0.478677
12.520000 0.534674
12.530000 0.578525
12.540000 0.382611
12.550000 0.794036
12.560000 1.600651
12.570000 1.251998
12.580000 0.746060
12.590000 0.294180
12.600000 1.217606
12.610000 1.051908
12.620000 2.725614
12.630000 1.274674
12.640000 1.820349
12.650000 0.375396
12.660000 0.312494
12.670000 1.176849
12.680000 0.274634
12.690000 0.430232
12.700000 0.775411
12.710000 0.401907
12.720000 0.947436
12.730000 1.394514
12.740000 1.251067
12.750000 1.310763
12.760000 1.132470
12.770000 0.449819
12.780000 1.285507
12.790000 1.196919
12.800000 1.442456
12.810000 1.223359
12.820000 1.358353
12.830000 1.045631
12.840000 1.174785
12.850000 1.406387
12.860000 1.435862
12.870000 1.334319
12.880000 1.444740
12.890000 1.606253
12.900000 1.831089
12.910000 2.631950
12.920000 2.484828
12.930000 2.458137
12.940000 2.326495
12.950000 2.031770
12.960000 1.989007
12.970000 2.054319
12.980000 2.191944
12.990000 2.294105
13.000000 2.662612
13.010000 2.991805
13.020000 2.982018
13.030000 2.486174
13.040000 1.148976
13.050000 0.734053
13.060000 1.252016
13.070000 1.589341
13.080000 3.276498
13.090000 3.723860
13.100000 3.197645
13.110000 3.631345
13.120000 4.200805
13.130000 1.628209
13.140000 2.681964
13.150000 4.382313
13.160000 3.051764
13.170000 2.446267
13.180000 2.429040
13.190000 1.570656
13.200000 1.959035
13.210000 2.771345
13.220000 1.765558
13.230000 1.801479
13.240000 4.110582
13.250000 2.111319
13.260000 0.951532
13.270000 0.944963
13.280000 0.719092
13.290000 0.611755
13.300000 0.660447
13.310000 1.059808
13.320000 1.434952
13.330000 1.407236
13.340000 1.280204
13.350000 0.854048
13.360000 0.306558
13.370000 1.532451
13.380000 0.478440
13.390000 0.639486
13.400000 1.131726
13.410000 0.301511
13.420000 2.571257
13.430000 0.469296
13.440000 2.626281
13.450000 0.953461
13.460000 1.755678
13.470000 1.425574
13.480000 0.780493
13.490000 1.428585
13.500000 1.072455
13.510000 0.449815
13.520000 0.570012
13.530000 1.445745
13.540000 1.545037
13.550000 1.176515
13.560000 0.793708
13.570000 0.554104
13.580000 0.403932
13.590000 0.349090
13.600000 0.968024
13.610000 1.327168
13.620000 1.938858
13.630000 2.354419
13.640000 2.303713
13.650000 2.237536
13.660000 1.855514
13.670000 1.393968
13.680000 1.050615
13.690000 0.737529
13.700000 0.691885
13.710000 0.959833
13.720000 1.293897
13.730000 1.587817
13.740000 1.671812
13.750000 1.748971
13.760000 1.685750
13.770000 1.527553
13.780000 1.408026
13.790000 1.386856
13.800000 1.370723
13.810000 1.397921
13.820000 1.479431
13.830000 1.634459
13.840000 1.844579
13.850000 1.635535
13.860000 1.355593
13.870000 1.405192
13.880000 1.568941
13.890000 1.329750
13.900000 1.110266
13.910000 1.113090
13.920000 1.945932
13.930000 2.158934
13.940000 2.239677
13.950000 2.470873
13.960000 3.192145
13.970000 2.642145
13.980000 1.459251
13.990000 2.310693
14.000000 3.139406
14.010000 2.229449
14.020000 0.727265
14.030000 1.509995
14.040000 1.592335
14.050000 1.610370
14.060000 1.565886
14.070000 1.510744
14.080000 1.119578
14.090000 0.371878
14.100000 0.851561
14.110000 1.564524
14.120000 1.379205
14.130000 1.362833
14.140000 0.762041
14.150000 0.596846
14.160000 1.415697
14.170000 1.659569
14.180000 0.427198
14.190000 0.817462
14.200000 0.925120
14.210000 1.876423
14.220000 0.667602
14.230000 0.250713
14.240000 1.048663
14.250000 0.835419
14.260000 2.934128
14.270000 1.470805
14.280000 2.244136
14.290000 2.301973
14.300000 0.912836
14.310000 0.461939
14.320000 0.699335
14.330000 1.084058
14.340000 0.711618
14.350000 0.795635
14.360000 1.941671
14.370000 1.977932
14.380000 2.358462
14.390000 2.324154
14.400000 2.643191
14.410000 1.067635
14.420000 1.441343
14.430000 2.095632
14.440000 2.107375
14.450000 1.826964
14.460000 0.923330
14.470000 0.767152
14.480000 1.037368
14.490000 0.946329
14.500000 1.203630
14.510000 2.523505
14.520000 2.901270
14.530000 3.645996
14.540000 4.539624
14.550000 4.950335
14.560000 4.756452
14.570000 4.335306
14.580000 3.493362
14.590000 2.787115
14.600000 2.252340
14.610000 1.447339
14.620000 0.775748
14.630000 0.648559
14.640000 1.191959
14.650000 1.493479
14.660000 1.765777
14.670000 1.461352
14.680000 1.061227
14.690000 1.880174
14.700000 2.550597
14.710000 3.046418
14.720000 3.879436
14.730000 4.010684
14.740000 3.896910
14.750000 3.840364
14.760000 2.447260
14.770000 0.751394
14.780000 0.405871
14.790000 0.431102
14.800000 0.471134
14.810000 1.459580
14.820000 1.806711
14.830000 2.003875
14.840000 2.173640
14.850000 1.879535
14.860000 1.163028
14.870000 0.575509
14.880000 0.751892
14.890000 0.644654
14.900000 1.036189
14.910000 1.221489
14.920000 0.545492
14.930000 0.696019
14.940000 0.839200
14.950000 1.687281
14.960000 0.955946
14.970000 0.889573
14.980000 2.690661
14.990000 0.605178
15.000000 0.922537
15.010000 1.806781
15.020000 1.870702
15.030000 1.102247
15.040000 3.208381
15.050000 2.202934
15.060000 0.921329
15.070000 0.688652
15.080000 0.677806
15.090000 0.273245
15.100000 0.176416
15.110000 0.541140
15.120000 0.693545
15.130000 0.901607
15.140000 0.848316
15.150000 0.582778
15.160000 0.895236
15.170000 0.990996
15.180000 0.934457
15.190000 0.591314
15.200000 0.582958
15.210000 0.548563
15.220000 0.721511
15.230000 1.457262
15.240000 1.692677
15.250000 1.768552
15.260000 1.867831
15.270000 1.885412
15.280000 1.875496
15.290000 1.334169
15.300000 1.196171
15.310000 1.132583
15.320000 0.923144
15.330000 1.431949
15.340000 1.606436
15.350000 2.636881
15.360000 3.143907
15.370000 3.042573
15.380000 3.675877
15.390000 3.437372
15.400000 4.835369
15.410000 3.365181
15.420000 2.596896
15.430000 1.440280
15.440000 1.339863
15.450000 1.423356
15.460000 1.025558
15.470000 0.586022
15.480000 1.372580
15.490000 1.583615
15.500000 1.335904
15.510000 2.018881
15.520000 0.747082
15.530000 2.084526
15.540000 3.042403
15.550000 1.570599
15.560000 0.300421
15.570000 0.590261
15.580000 0.885017
15.590000 0.659835
15.600000 0.606911
15.610000 0.896758
15.620000 1.035291
15.630000 1.041451
15.640000 1.153531
15.650000 0.669881
15.660000 0.590947
15.670000 2.235754
15.680000 0.469998
15.690000 0.591325
15.700000 1.757131
15.710000 1.045770
15.720000 2.409150
15.730000 1.466429
15.740000 1.305244
15.750000 2.195950
15.760000 0.464712
15.770000 0.826258
15.780000 1.010952
15.790000 0.823201
15.800000 0.733693
15.810000 0.749756
15.820000 1.137224
15.830000 1.145632
15.840000 1.074247
15.850000 0.902773
15.860000 0.610636
15.870000 0.106986
15.880000 0.531770
15.890000 1.031005
15.900000 1.342923
15.910000 1.326214
15.920000 1.391153
15.930000 1.420415
15.940000 0.936252
15.950000 0.541503
15.960000 0.633847
15.970000 1.047282
15.980000 1.485796
15.990000 1.387705
16.000000 1.312342
16.010000 1.291050
16.020000 1.251074
16.030000 1.035009
16.040000 0.917294
16.050000 0.885520
16.060000 0.992879
16.070000 1.112995
16.080000 1.407813
16.090000 2.083268
16.100000 1.207273
16.110000 1.094622
16.120000 1.341427
16.130000 1.903804
16.140000 2.426949
16.150000 3.128312
16.160000 4.924224
16.170000 5.699364
16.180000 4.101726
16.190000 4.789450
16.200000 4.361700
16.210000 2.406908
16.220000 2.906701
16.230000 4.071962
16.240000 2.405136
16.250000 1.565242
16.260000 2.208130
16.270000 3.573548
16.280000 2.457669
16.290000 0.818849
16.300000 0.903188
16.310000 3.485989
16.320000 1.269055
16.330000 0.298121
16.340000 0.226164
16.350000 0.466725
16.360000 0.736160
16.370000 1.120532
16.380000 1.011579
16.390000 0.903811
16.400000 0.807858
16.410000 0.761105
16.420000 1.326706
16.430000 1.433184
16.440000 0.458874
16.450000 1.375377
16.460000 1.136997
16.470000 0.592797
16.480000 0.343201
16.490000 0.578825
16.500000 0.663775
16.510000 1.068543
16.520000 3.123106
16.530000 1.023696
16.540000 1.751349
16.550000 0.788332
16.560000 1.470281
16.570000 2.109509
16.580000 0.444478
16.590000 0.475144
16.600000 0.952984
16.610000 1.698296
16.620000 1.831894
16.630000 1.396784
16.640000 0.892494
16.650000 0.555192
16.660000 0.748392
16.670000 1.153991
16.680000 1.376416
16.690000 1.593347
16.700000 2.239275
16.710000 2.887236
16.720000 2.781946
16.730000 2.757900
16.740000 2.487148
16.750000 2.427224
16.760000 2.169085
16.770000 1.840927
16.780000 1.672807
16.790000 1.548380
16.800000 1.591390
16.810000 1.639405
16.820000 1.476476
16.830000 1.160088
16.840000 0.911336
16.850000 0.692938
16.860000 0.633723
16.870000 0.364873
16.880000 0.462978
16.890000 1.405149
16.900000 2.465315
16.910000 1.804611
16.920000 1.051287
16.930000 1.276267
16.940000 1.118481
16.950000 0.369738
16.960000 0.787821
16.970000 0.793016
16.980000 1.525164
16.990000 1.932004
17.000000 2.110044
17.010000 2.040483
17.020000 2.521907
17.030000 1.727068
17.040000 1.215777
17.050000 1.065933
17.060000 1.143703
17.070000 0.627213
17.080000 0.255311
17.090000 0.487882
17.100000 1.116907
17.110000 0.873529
17.120000 1.170401
17.130000 0.438764
17.140000 0.340011
17.150000 0.098980
17.160000 1.436980
17.170000 1.146797
17.180000 1.664070
17.190000 0.772114
17.200000 2.152889
17.210000 0.657777
17.220000 0.627450
17.230000 0.645092
17.240000 0.248210
17.250000 0.276164
17.260000 1.101281
17.270000 0.218019
17.280000 0.502898
17.290000 0.178798
17.300000 0.668771
17.310000 0.502966
17.320000 0.489017
17.330000 0.870704
17.340000 0.488828
17.350000 0.523333
17.360000 0.976436
17.370000 0.594541
17.380000 0.409627
17.390000 0.867732
17.400000 1.207810
17.410000 1.082954
17.420000 0.891313
17.430000 1.083277
17.440000 1.115426
17.450000 0.933748
17.460000 0.651847
17.470000 0.601485
17.480000 0.904062
17.490000 1.212784
17.500000 1.544254
17.510000 1.257310
17.520000 1.049027
17.530000 0.848136
17.540000 0.889939
17.550000 0.788636
17.560000 0.433579
17.570000 0.561917
17.580000 0.670453
17.590000 0.749888
17.600000 0.820436
17.610000 0.900250
17.620000 0.966458
17.630000 1.058796
17.640000 1.128999
17.650000 1.193255
17.660000 1.251032
17.670000 1.301417
17.680000 1.356016
17.690000 1.469692
17.700000 1.709613
17.710000 2.018387
17.720000 2.392033
17.730000 2.795723
17.740000 3.223426
17.750000 3.668503
17.760000 4.129912
17.770000 4.620990
17.780000 4.945955
17.790000 4.730115
17.800000 4.566337
17.810000 4.476903
17.820000 4.456333
17.830000 4.333468
17.840000 4.265256
17.850000 4.846509
17.860000 5.692029
17.870000 6.543191
17.880000 7.455646
17.890000 8.438630
17.900000 9.603546
17.910000 10.930034
17.920000 12.065477
17.930000 13.181776
17.940000 14.046929
17.950000 14.636500
17.960000 14.989898
17.970000 15.137866
17.980000 14.860007
17.990000 14.220050
18.000000 12.406804
18.010000 10.526784
18.020000 8.928590
18.030000 7.891697
18.040000 7.505435
18.050000 7.077390
18.060000 5.854975
18.070000 4.853905
18.080000 4.501300
18.090000 6.112312
18.100000 6.896002
18.110000 6.593099
18.120000 6.318520
18.130000 5.835798
18.140000 5.554225
18.150000 4.235387
18.160000 1.657795
18.170000 2.151660
18.180000 5.139485
18.190000 6.829488
18.200000 7.270111
18.210000 8.051676
18.220000 9.176573
18.230000 9.565131
18.240000 9.161266
18.250000 7.657932
18.260000 5.309711
18.270000 2.320222
18.280000 0.579986
18.290000 0.976055
18.300000 1.890744
18.310000 1.922979
18.320000 1.702982
18.330000 3.356363
18.340000 2.869059
18.350000 2.065571
18.360000 5.018448
18.370000 0.834388
18.380000 0.965457
18.390000 1.918114
18.400000 1.817424
18.410000 2.325279
18.420000 2.977539
18.430000 2.900769
18.440000 1.299416
18.450000 2.693305
18.460000 3.146198
18.470000 4.405715
18.480000 5.312090
18.490000 3.073998
18.500000 0.770462
18.510000 1.781995
18.520000 2.779126
18.530000 1.704487
18.540000 1.541786
18.550000 1.524655
18.560000 1.252252
18.570000 0.956090
18.580000 1.654903
18.590000 2.734746
18.600000 3.046700
18.610000 3.432915
18.620000 3.224413
18.630000 3.153040
18.640000 3.345595
18.650000 3.025055
18.660000 1.104591
18.670000 1.223480
18.680000 2.026659
18.690000 3.156955
18.700000 6.004847
18.710000 9.517808
18.720000 12.148167
18.730000 12.947991
18.740000 11.144565
18.750000 9.896970
18.760000 8.067836
18.770000 7.674167
18.780000 7.957526
18.790000 7.338828
18.800000 6.456003
18.810000 5.720212
18.820000 5.670304
18.830000 4.645631
18.840000 4.254536
18.850000 4.022537
18.860000 4.375319
18.870000 4.550807
18.880000 4.172553
18.890000 3.921207
18.900000 3.532557
18.910000 2.730082
18.920000 2.032757
18.930000 1.610536
18.940000 1.282457
18.950000 1.556429
18.960000 1.791072
18.970000 1.405607
18.980000 1.415975
18.990000 1.668712
19.000000 1.293276
19.010000 1.723233
19.020000 2.224569
19.030000 2.090561
19.040000 1.307047
19.050000 0.803605
19.060000 0.513041
19.070000 0.551212
19.080000 0.876483
19.090000 0.413346
19.100000 0.636967
19.110000 1.116114
19.120000 1.352670
19.130000 1.859173
19.140000 2.722721
19.150000 3.014188
19.160000 2.736440
19.170000 2.462358
19.180000 2.341097
19.190000 2.026984
19.200000 1.919140
19.210000 1.745288
19.220000 1.440850
19.230000 1.514717
19.240000 1.723324
19.250000 2.309464
19.260000 2.671175
19.270000 2.977194
19.280000 3.199328
19.290000 3.109599
19.300000 2.970683
19.310000 3.072508
19.320000 3.488010
19.330000 3.153922
19.340000 2.551454
19.350000 3.535437
19.360000 6.753990
19.370000 8.316016
19.380000 5.800426
19.390000 2.370862
19.400000 1.755181
19.410000 2.729286
19.420000 3.161807
19.430000 2.703886
19.440000 2.743661
19.450000 2.233837
19.460000 1.691698
19.470000 1.188251
19.480000 0.915542
19.490000 0.705068
19.500000 0.965248
19.510000 0.971125
19.520000 0.910248
19.530000 0.910087
19.540000 0.985863
19.550000 0.678992
19.560000 0.425717
19.570000 1.280748
19.580000 1.870577
19.590000 1.180792
19.600000 2.424472
19.610000 2.509306
19.620000 2.606390
19.630000 1.348900
19.640000 1.358478
19.650000 1.939006
19.660000 1.970202
19.670000 1.554556
19.680000 1.121550
19.690000 0.654549
19.700000 0.499927
19.710000 1.425991
19.720000 1.282125
19.730000 0.888723
19.740000 0.585132
19.750000 0.640911
19.760000 0.957201
19.770000 1.148794
19.780000 1.812129
19.790000 2.072042
19.800000 1.945747
19.810000 1.749855
19.820000 1.531886
19.830000 1.413370
19.840000 1.540045
19.850000 1.372608
19.860000 1.101756
19.870000 0.898071
19.880000 1.314754
19.890000 2.019220
19.900000 2.727584
19.910000 3.081890
19.920000 3.287306
19.930000 2.981032
19.940000 2.655309
19.950000 2.556216
19.960000 2.317780
19.970000 2.637939
19.980000 2.435283
19.990000 2.752846
