0.000000 3.179309
0.010000 3.131809
0.020000 2.617890
0.030000 1.965824
0.040000 1.391585
0.050000 0.979397
0.060000 1.589110
0.070000 2.384098
0.080000 2.655080
0.090000 2.813810
0.100000 2.936890
0.110000 2.710348
0.120000 2.476106
0.130000 2.274424
0.140000 2.022271
0.150000 2.112845
0.160000 2.417032
0.170000 2.678241
0.180000 2.784267
0.190000 2.625952
0.200000 2.968140
0.210000 3.158556
0.220000 3.171780
0.230000 2.975612
0.240000 3.089572
0.250000 3.258267
0.260000 3.526558
0.270000 3.922218
0.280000 4.055441
0.290000 4.129460
0.300000 4.188315
0.310000 4.343066
0.320000 4.658546
0.330000 4.991440
0.340000 5.130873
0.350000 5.682897
0.360000 6.344758
0.370000 6.830168
0.380000 7.076244
0.390000 7.221611
0.400000 7.750437
0.410000 8.048498
0.420000 8.100758
0.430000 8.094269
0.440000 7.802404
0.450000 7.250334
0.460000 6.409899
0.470000 5.244583
0.480000 3.747510
0.490000 2.175501
0.500000 1.102634
0.510000 0.642491
0.520000 0.821785
0.530000 1.113245
0.540000 1.680960
0.550000 1.669108
0.560000 1.837371
0.570000 1.946290
0.580000 2.053676
0.590000 2.205155
0.600000 2.444773
0.610000 2.930779
0.620000 3.414378
0.630000 3.431027
0.640000 3.107016
0.650000 2.486369
0.660000 1.883465
0.670000 1.397751
0.680000 1.604642
0.690000 2.372868
0.700000 2.792481
0.710000 3.006117
0.720000 3.207002
0.730000 3.114353
0.740000 2.797371
0.750000 2.611782
0.760000 2.262667
0.770000 2.272026
0.780000 2.659025
0.790000 2.946581
0.800000 3.019120
0.810000 2.921775
0.820000 3.075371
0.830000 3.273342
0.840000 3.276214
0.850000 3.066722
0.860000 3.020441
0.870000 3.049100
0.880000 3.066576
0.890000 3.250341
0.900000 3.520464
0.910000 3.713158
0.920000 3.991927
0.930000 4.165759
0.940000 4.388807
0.950000 4.639781
0.960000 4.647325
0.970000 4.737899
0.980000 5.174967
0.990000 5.715042
1.000000 6.197408
1.010000 6.441113
1.020000 7.041038
1.030000 7.582872
1.040000 7.884600
1.050000 8.023141
1.060000 8.001885
1.070000 7.716256
1.080000 7.136838
1.090000 6.182191
1.100000 4.917185
1.110000 3.337156
1.120000 1.893154
1.130000 0.927600
1.140000 0.950238
1.150000 1.087775
1.160000 1.503432
1.170000 1.790147
1.180000 1.926808
1.190000 2.098587
1.200000 2.190974
1.210000 2.298273
1.220000 2.526380
1.230000 2.922908
1.240000 3.496987
1.250000 3.819744
1.260000 3.584219
1.270000 3.191262
1.280000 2.528362
1.290000 1.936564
1.300000 1.746518
1.310000 2.220977
1.320000 2.817318
1.330000 3.108435
1.340000 3.351961
1.350000 3.503553
1.360000 3.224976
1.370000 2.879324
1.380000 2.597692
1.390000 2.452668
1.400000 2.739053
1.410000 3.104484
1.420000 3.270784
1.430000 3.188542
1.440000 3.022378
1.450000 3.273688
1.460000 3.287861
1.470000 3.202936
1.480000 3.137232
1.490000 3.120742
1.500000 2.880995
1.510000 2.759144
1.520000 2.889644
1.530000 3.368476
1.540000 3.687586
1.550000 3.880676
1.560000 4.034375
1.570000 4.232847
1.580000 4.452384
1.590000 4.427604
1.600000 4.495080
1.610000 4.756234
1.620000 4.957459
1.630000 5.373524
1.640000 5.848589
1.650000 6.632105
1.660000 7.228095
1.670000 7.616129
1.680000 7.853097
1.690000 7.921469
1.700000 7.681836
1.710000 7.047585
1.720000 6.080957
1.730000 4.780334
1.740000 3.149654
1.750000 1.819723
1.760000 1.202684
1.770000 1.254398
1.780000 1.522364
1.790000 1.970245
1.800000 2.078598
1.810000 2.255643
1.820000 2.381664
1.830000 2.578015
1.840000 2.755076
1.850000 2.998562
1.860000 3.424571
1.870000 3.913663
1.880000 4.090059
1.890000 3.944749
1.900000 3.417994
1.910000 2.779617
1.920000 2.134409
1.930000 2.203624
1.940000 2.648858
1.950000 3.063937
1.960000 3.369879
1.970000 3.587961
1.980000 3.593875
1.990000 3.224004
2.000000 2.846118
2.010000 2.544149
2.020000 2.738030
2.030000 3.156638
2.040000 3.372545
2.050000 3.369598
2.060000 3.034876
2.070000 3.107648
2.080000 3.260743
2.090000 3.225367
2.100000 3.039520
2.110000 3.158812
2.120000 3.033081
2.130000 2.681164
2.140000 2.632201
2.150000 2.795620
2.160000 3.090926
2.170000 3.401651
2.180000 3.512675
2.190000 3.747943
2.200000 4.162489
2.210000 4.584679
2.220000 4.692121
2.230000 4.776621
2.240000 4.765520
2.250000 4.656863
2.260000 4.424536
2.270000 5.133999
2.280000 6.019180
2.290000 6.732073
2.300000 7.230051
2.310000 7.630800
2.320000 7.799366
2.330000 7.595702
2.340000 7.025522
2.350000 6.077330
2.360000 4.771515
2.370000 3.191698
2.380000 1.888755
2.390000 1.467920
2.400000 1.695487
2.410000 1.975955
2.420000 2.168227
2.430000 2.262365
2.440000 2.477596
2.450000 2.623435
2.460000 2.926410
2.470000 3.013570
2.480000 3.064567
2.490000 3.263767
2.500000 3.069196
2.510000 2.722542
2.520000 2.589842
2.530000 2.691061
2.540000 2.549164
2.550000 2.537150
2.560000 2.551685
2.570000 2.921647
2.580000 3.253188
2.590000 3.489728
2.600000 3.658732
2.610000 3.575540
2.620000 3.218898
2.630000 2.805351
2.640000 2.638969
2.650000 3.051977
2.660000 3.430055
2.670000 3.616143
2.680000 3.439265
2.690000 2.951914
2.700000 3.221059
2.710000 3.347896
2.720000 3.166228
2.730000 3.023323
2.740000 2.990790
2.750000 2.724561
2.760000 2.671070
2.770000 2.675137
2.780000 2.572993
2.790000 2.562587
2.800000 3.026737
2.810000 3.478672
2.820000 3.834010
2.830000 4.243382
2.840000 4.720919
2.850000 4.896546
2.860000 4.988625
2.870000 4.903596
2.880000 4.585205
2.890000 4.394062
2.900000 4.577281
2.910000 5.252088
2.920000 6.008520
2.930000 6.708048
2.940000 7.283490
2.950000 7.565621
2.960000 7.424425
2.970000 6.951368
2.980000 6.143901
2.990000 4.992874
3.000000 3.526818
3.010000 2.107204
3.020000 1.738260
3.030000 1.891278
3.040000 2.179093
3.050000 2.344478
3.060000 2.345074
3.070000 2.534802
3.080000 2.797449
3.090000 2.887571
3.100000 2.940272
3.110000 3.051565
3.120000 2.709930
3.130000 1.959907
3.140000 1.408866
3.150000 1.048089
3.160000 1.114641
3.170000 1.758005
3.180000 2.285668
3.190000 2.779140
3.200000 3.090895
3.210000 3.278673
3.220000 3.460090
3.230000 3.585705
3.240000 3.531347
3.250000 3.205707
3.260000 2.901948
3.270000 2.763431
3.280000 3.260554
3.290000 3.695183
3.300000 3.803241
3.310000 3.559918
3.320000 3.051831
3.330000 3.351185
3.340000 3.431482
3.350000 3.195779
3.360000 3.094919
3.370000 2.843333
3.380000 2.629843
3.390000 2.622935
3.400000 2.499054
3.410000 2.350772
3.420000 2.471982
3.430000 2.837058
3.440000 3.340196
3.450000 3.928711
3.460000 4.610502
3.470000 5.225596
3.480000 5.614366
3.490000 5.729882
3.500000 5.659496
3.510000 5.180104
3.520000 4.638288
3.530000 4.478694
3.540000 4.617508
3.550000 5.350380
3.560000 5.889731
3.570000 6.634660
3.580000 7.035752
3.590000 7.123078
3.600000 6.882039
3.610000 6.251353
3.620000 5.304884
3.630000 4.082847
3.640000 2.495020
3.650000 1.843790
3.660000 1.879858
3.670000 2.136526
3.680000 2.351495
3.690000 2.368019
3.700000 2.445527
3.710000 2.627720
3.720000 2.748446
3.730000 2.879440
3.740000 2.634627
3.750000 2.604867
3.760000 1.937426
3.770000 1.245315
3.780000 0.433853
3.790000 0.422036
3.800000 0.916432
3.810000 1.903882
3.820000 2.699368
3.830000 3.101059
3.840000 3.279667
3.850000 3.319754
3.860000 3.372777
3.870000 3.457266
3.880000 3.298540
3.890000 3.094690
3.900000 2.833385
3.910000 3.329575
3.920000 3.766494
3.930000 3.884532
3.940000 3.716841
3.950000 3.239659
3.960000 3.445243
3.970000 3.490802
3.980000 3.202514
3.990000 3.040699
4.000000 2.758398
4.010000 2.697853
4.020000 2.512442
4.030000 2.185164
4.040000 2.334917
4.050000 2.500824
4.060000 2.765864
4.070000 3.419755
4.080000 4.241903
4.090000 4.927381
4.100000 5.440989
4.110000 5.852796
4.120000 6.030593
4.130000 6.122330
4.140000 5.923560
4.150000 5.475930
4.160000 5.129912
4.170000 5.120780
4.180000 4.921730
4.190000 5.302037
4.200000 5.883093
4.210000 6.112902
4.220000 6.526188
4.230000 6.566651
4.240000 6.280499
4.250000 5.774795
4.260000 4.941172
4.270000 3.738441
4.280000 2.300601
4.290000 2.029223
4.300000 1.960785
4.310000 2.260926
4.320000 2.179204
4.330000 2.261284
4.340000 2.350519
4.350000 2.435546
4.360000 2.679519
4.370000 2.509293
4.380000 2.588859
4.390000 2.631140
4.400000 1.991249
4.410000 1.471760
4.420000 1.265474
4.430000 1.393344
4.440000 1.715835
4.450000 2.374830
4.460000 2.900898
4.470000 3.227896
4.480000 3.245660
4.490000 3.090432
4.500000 3.191978
4.510000 3.311711
4.520000 3.232150
4.530000 3.034283
4.540000 3.143117
4.550000 3.672852
4.560000 3.955513
4.570000 3.894569
4.580000 3.514512
4.590000 3.363583
4.600000 3.444178
4.610000 3.213918
4.620000 2.928158
4.630000 2.583815
4.640000 2.649776
4.650000 2.488767
4.660000 2.177255
4.670000 2.181809
4.680000 2.384809
4.690000 2.922297
4.700000 3.357545
4.710000 3.750149
4.720000 4.558730
4.730000 5.243865
4.740000 5.633846
4.750000 5.875253
4.760000 6.023951
4.770000 6.151927
4.780000 6.041027
4.790000 5.882443
4.800000 5.742338
4.810000 5.671937
4.820000 5.641935
4.830000 5.571567
4.840000 5.551154
4.850000 5.785764
4.860000 5.832125
4.870000 6.110955
4.880000 6.093343
4.890000 5.753058
4.900000 4.997123
4.910000 3.923094
4.920000 2.470004
4.930000 2.164448
4.940000 1.973780
4.950000 2.381133
4.960000 2.469942
4.970000 2.407645
4.980000 2.531142
4.990000 2.630251
5.000000 2.614168
5.010000 2.693223
5.020000 2.935362
5.030000 2.967553
5.040000 2.430413
5.050000 2.002958
5.060000 1.937424
5.070000 2.096159
5.080000 2.368988
5.090000 2.675851
5.100000 2.940345
5.110000 3.238900
5.120000 3.069608
5.130000 2.763724
5.140000 3.010973
5.150000 3.177913
5.160000 3.171144
5.170000 3.110835
5.180000 3.208459
5.190000 3.694300
5.200000 3.786693
5.210000 3.669596
5.220000 3.206056
5.230000 3.156314
5.240000 3.048632
5.250000 2.663501
5.260000 2.346999
5.270000 2.242267
5.280000 2.165819
5.290000 2.024968
5.300000 2.145724
5.310000 2.424358
5.320000 2.782154
5.330000 3.019551
5.340000 3.221723
5.350000 3.534200
5.360000 4.009217
5.370000 4.874914
5.380000 5.418336
5.390000 5.854085
5.400000 6.031940
5.410000 6.101364
5.420000 6.076942
5.430000 6.080706
5.440000 6.024869
5.450000 6.036008
5.460000 6.001972
5.470000 5.933393
5.480000 5.564231
5.490000 5.503216
5.500000 5.382858
5.510000 5.582756
5.520000 5.777648
5.530000 5.735321
5.540000 5.275022
5.550000 4.420972
5.560000 3.142032
5.570000 2.199204
5.580000 2.216110
5.590000 2.278876
5.600000 2.536975
5.610000 2.606588
5.620000 2.655668
5.630000 2.796241
5.640000 2.865241
5.650000 3.110730
5.660000 3.183617
5.670000 3.165256
5.680000 2.930032
5.690000 2.504673
5.700000 2.189911
5.710000 2.382599
5.720000 2.635068
5.730000 2.794398
5.740000 2.984585
5.750000 3.076427
5.760000 2.948035
5.770000 2.628998
5.780000 2.668232
5.790000 2.914314
5.800000 3.104853
5.810000 3.061575
5.820000 2.892577
5.830000 3.229876
5.840000 3.491949
5.850000 3.516549
5.860000 3.195837
5.870000 3.006572
5.880000 2.812109
5.890000 2.297794
5.900000 1.886330
5.910000 1.802812
5.920000 1.456514
5.930000 1.422897
5.940000 1.741531
5.950000 2.330809
5.960000 2.753500
5.970000 2.890089
5.980000 2.996882
5.990000 3.206060
6.000000 3.533216
6.010000 3.954687
6.020000 4.560768
6.030000 5.141843
6.040000 5.498467
6.050000 5.619153
6.060000 5.754186
6.070000 5.642862
6.080000 5.880559
6.090000 6.153491
6.100000 6.318375
6.110000 6.161090
6.120000 5.743530
6.130000 5.522446
6.140000 5.284650
6.150000 5.416600
6.160000 5.173798
6.170000 5.156857
6.180000 5.242852
6.190000 5.034818
6.200000 4.416405
6.210000 3.320344
6.220000 2.311437
6.230000 2.359800
6.240000 2.356584
6.250000 2.510026
6.260000 2.574043
6.270000 2.768623
6.280000 2.808011
6.290000 3.034576
6.300000 3.271975
6.310000 3.427371
6.320000 3.081131
6.330000 2.828674
6.340000 2.392544
6.350000 2.130718
6.360000 2.351082
6.370000 2.657276
6.380000 2.780766
6.390000 3.008960
6.400000 3.019794
6.410000 2.749697
6.420000 2.699461
6.430000 2.668573
6.440000 2.803890
6.450000 2.974668
6.460000 2.860699
6.470000 2.594187
6.480000 2.982888
6.490000 3.237768
6.500000 3.190721
6.510000 2.726568
6.520000 2.594812
6.530000 2.280737
6.540000 1.589619
6.550000 1.368039
6.560000 1.123163
6.570000 1.005598
6.580000 1.151451
6.590000 1.606460
6.600000 1.852982
6.610000 2.105181
6.620000 2.539244
6.630000 2.729810
6.640000 2.860715
6.650000 2.883162
6.660000 2.936210
6.670000 3.371648
6.680000 3.946802
6.690000 4.633401
6.700000 4.929771
6.710000 5.106795
6.720000 5.129086
6.730000 5.166770
6.740000 5.329848
6.750000 5.755136
6.760000 5.962061
6.770000 5.840070
6.780000 5.527820
6.790000 5.314836
6.800000 4.991077
6.810000 5.183282
6.820000 5.128489
6.830000 4.727341
6.840000 4.596025
6.850000 4.629632
6.860000 4.190229
6.870000 3.292659
6.880000 2.501439
6.890000 2.455492
6.900000 2.399048
6.910000 2.523539
6.920000 2.547430
6.930000 2.623325
6.940000 2.750145
6.950000 2.949850
6.960000 3.130440
6.970000 3.155612
6.980000 2.646287
6.990000 2.206195
7.000000 1.800717
7.010000 1.626997
7.020000 1.888215
7.030000 2.251468
7.040000 2.552542
7.050000 2.972811
7.060000 2.831857
7.070000 2.599974
7.080000 2.672484
7.090000 2.683957
7.100000 2.589556
7.110000 2.713182
7.120000 2.425755
7.130000 2.332976
7.140000 2.785059
7.150000 2.980304
7.160000 2.764482
7.170000 2.420015
7.180000 2.170637
7.190000 1.482442
7.200000 1.092055
7.210000 0.776610
7.220000 0.633159
7.230000 0.941654
7.240000 1.244129
7.250000 1.199255
7.260000 1.349637
7.270000 1.626814
7.280000 1.979531
7.290000 2.087553
7.300000 2.555325
7.310000 2.806897
7.320000 2.968518
7.330000 3.047488
7.340000 3.315327
7.350000 3.816820
7.360000 4.228440
7.370000 4.327770
7.380000 4.517670
7.390000 4.521186
7.400000 4.691988
7.410000 4.966833
7.420000 5.513325
7.430000 5.700831
7.440000 5.568002
7.450000 5.051154
7.460000 4.790041
7.470000 4.823076
7.480000 4.394644
7.490000 4.551743
7.500000 4.451958
7.510000 4.007343
7.520000 3.914858
7.530000 3.832972
7.540000 3.121622
7.550000 2.313724
7.560000 2.209269
7.570000 2.267543
7.580000 2.339287
7.590000 2.281072
7.600000 2.175131
7.610000 2.269438
7.620000 2.478283
7.630000 2.444342
7.640000 2.359668
7.650000 1.840349
7.660000 1.468240
7.670000 0.917883
7.680000 0.746897
7.690000 0.705741
7.700000 1.285788
7.710000 1.933361
7.720000 2.330280
7.730000 2.467639
7.740000 2.428442
7.750000 2.435721
7.760000 2.437572
7.770000 2.085679
7.780000 2.131896
7.790000 2.105829
7.800000 2.024710
7.810000 2.659728
7.820000 2.887342
7.830000 2.412501
7.840000 2.131386
7.850000 1.503051
7.860000 0.644547
7.870000 0.465755
7.880000 0.368237
7.890000 0.658968
7.900000 0.962097
7.910000 0.985519
7.920000 1.145681
7.930000 1.119398
7.940000 1.237899
7.950000 1.772047
7.960000 2.126837
7.970000 2.492160
7.980000 2.951447
7.990000 3.173990
8.000000 3.350976
8.010000 3.544362
8.020000 3.716005
8.030000 3.971085
8.040000 4.194424
8.050000 4.428894
8.060000 4.524295
8.070000 4.541255
8.080000 4.499310
8.090000 4.536533
8.100000 4.857028
8.110000 5.123836
8.120000 5.287721
8.130000 5.115172
8.140000 4.837691
8.150000 4.427759
8.160000 4.053978
8.170000 3.606569
8.180000 3.501280
8.190000 3.823711
8.200000 3.796647
8.210000 3.386376
8.220000 3.218085
8.230000 2.559698
8.240000 1.755984
8.250000 1.629102
8.260000 1.681541
8.270000 1.939371
8.280000 1.851585
8.290000 1.715057
8.300000 1.562782
8.310000 1.348375
8.320000 1.067719
8.330000 1.122528
8.340000 1.066090
8.350000 1.226642
8.360000 1.008019
8.370000 0.865279
8.380000 1.005547
8.390000 0.825674
8.400000 1.077196
8.410000 1.345950
8.420000 1.964609
8.430000 2.143312
8.440000 1.885685
8.450000 1.908753
8.460000 1.492367
8.470000 1.546620
8.480000 1.564960
8.490000 1.673000
8.500000 2.260030
8.510000 2.167830
8.520000 1.711315
8.530000 1.389701
8.540000 0.698684
8.550000 0.387749
8.560000 0.319483
8.570000 0.435897
8.580000 1.042168
8.590000 1.310182
8.600000 1.323049
8.610000 1.030996
8.620000 1.202561
8.630000 1.414416
8.640000 1.938420
8.650000 2.278965
8.660000 2.468846
8.670000 2.527606
8.680000 2.623574
8.690000 3.029764
8.700000 3.428082
8.710000 3.863192
8.720000 4.242730
8.730000 4.583395
8.740000 4.805822
8.750000 4.916595
8.760000 5.077813
8.770000 5.332135
8.780000 5.169287
8.790000 5.114601
8.800000 5.039728
8.810000 5.056307
8.820000 4.872177
8.830000 4.588591
8.840000 4.297851
8.850000 4.087708
8.860000 3.853843
8.870000 3.815427
8.880000 3.647628
8.890000 3.215803
8.900000 2.957290
8.910000 2.571149
8.920000 2.751147
8.930000 3.234472
8.940000 2.868405
8.950000 2.045103
8.960000 1.325035
8.970000 1.238407
8.980000 1.086581
8.990000 1.190440
9.000000 0.957314
9.010000 1.116998
9.020000 0.592121
9.030000 0.282619
9.040000 0.954739
9.050000 1.441026
9.060000 1.110824
9.070000 0.936104
9.080000 1.034794
9.090000 1.090045
9.100000 1.604280
9.110000 1.614099
9.120000 1.275357
9.130000 0.806176
9.140000 0.768560
9.150000 1.100403
9.160000 1.215236
9.170000 1.169232
9.180000 1.162471
9.190000 0.666296
9.200000 0.791242
9.210000 0.869560
9.220000 1.593173
9.230000 1.500112
9.240000 0.905381
9.250000 0.687590
9.260000 0.428269
9.270000 0.407275
9.280000 0.343998
9.290000 0.659994
9.300000 0.506233
9.310000 0.451070
9.320000 0.778043
9.330000 1.124058
9.340000 1.610126
9.350000 1.839694
9.360000 2.069266
9.370000 2.525651
9.380000 2.881999
9.390000 3.089967
9.400000 3.476865
9.410000 3.684907
9.420000 4.200732
9.430000 4.700307
9.440000 4.957729
9.450000 5.170884
9.460000 5.408180
9.470000 5.685228
9.480000 5.961876
9.490000 6.217819
9.500000 6.683613
9.510000 6.994812
9.520000 7.333739
9.530000 7.554339
9.540000 7.679901
9.550000 7.708550
9.560000 7.562558
9.570000 7.384711
9.580000 6.959336
9.590000 6.898727
9.600000 6.519038
9.610000 6.158106
9.620000 5.647882
9.630000 5.445729
9.640000 5.100267
9.650000 4.711536
9.660000 4.088314
9.670000 4.084868
9.680000 3.899963
9.690000 3.514455
9.700000 3.107849
9.710000 2.950411
9.720000 3.132879
9.730000 2.962013
9.740000 2.531048
9.750000 2.275046
9.760000 2.058964
9.770000 2.085854
9.780000 1.834684
9.790000 1.223476
9.800000 0.491348
9.810000 0.878592
9.820000 0.728975
9.830000 0.467390
9.840000 0.394031
9.850000 0.669169
9.860000 0.838003
9.870000 0.472833
9.880000 0.251336
9.890000 0.728666
9.900000 0.747463
9.910000 1.428708
9.920000 1.299636
9.930000 1.189043
9.940000 0.639202
9.950000 0.344662
9.960000 0.632334
9.970000 1.130578
9.980000 0.696086
9.990000 0.578627
10.000000 0.651281
10.010000 0.732991
10.020000 0.194820
10.030000 0.299335
10.040000 0.089084
10.050000 0.525427
10.060000 0.989628
10.070000 0.315978
10.080000 0.516786
10.090000 0.835005
10.100000 0.246172
10.110000 0.138457
10.120000 0.360487
10.130000 0.193875
10.140000 0.431254
10.150000 0.393904
10.160000 0.698079
10.170000 1.065807
10.180000 1.175662
10.190000 1.615988
10.200000 1.916937
10.210000 2.063881
10.220000 2.242131
10.230000 2.577304
10.240000 3.087438
10.250000 3.503115
10.260000 3.808046
10.270000 3.862970
10.280000 4.038721
10.290000 4.094075
10.300000 4.068700
10.310000 4.022536
10.320000 3.640561
10.330000 3.125572
10.340000 2.376142
10.350000 1.620241
10.360000 1.072708
10.370000 0.653810
10.380000 0.535083
10.390000 0.435467
10.400000 0.437044
10.410000 0.438350
10.420000 0.622287
10.430000 0.758879
10.440000 0.500048
10.450000 0.534774
10.460000 0.410323
10.470000 0.191302
10.480000 0.108247
10.490000 0.791653
10.500000 1.732811
10.510000 2.701314
10.520000 2.706745
10.530000 2.240739
10.540000 2.035661
10.550000 2.023641
10.560000 1.316850
10.570000 0.332165
10.580000 0.097132
10.590000 0.422340
10.600000 0.937919
10.610000 0.812033
10.620000 0.642300
10.630000 0.246859
10.640000 0.778782
10.650000 1.369846
10.660000 1.387430
10.670000 1.272832
10.680000 1.269171
10.690000 1.504784
10.700000 2.115645
10.710000 1.701205
10.720000 1.577821
10.730000 1.654110
10.740000 2.441454
10.750000 2.904831
10.760000 2.694148
10.770000 1.895814
10.780000 1.704888
10.790000 1.305240
10.800000 0.503811
10.810000 0.329052
10.820000 0.384516
10.830000 0.436602
10.840000 0.575793
10.850000 0.634945
10.860000 0.732560
10.870000 0.776089
10.880000 0.741376
10.890000 0.928072
10.900000 1.124853
10.910000 1.557000
10.920000 2.143828
10.930000 2.706006
10.940000 3.206733
10.950000 3.398956
10.960000 3.817548
10.970000 4.307212
10.980000 4.794263
10.990000 5.221949
11.000000 5.521956
11.010000 5.797433
11.020000 5.904706
11.030000 6.254750
11.040000 6.703161
11.050000 6.987873
11.060000 7.036437
11.070000 7.220501
11.080000 7.521052
11.090000 7.524248
11.100000 7.472697
11.110000 7.142442
11.120000 6.599863
11.130000 5.837163
11.140000 5.015807
11.150000 4.519455
11.160000 3.781778
11.170000 3.405264
11.180000 2.974209
11.190000 2.120192
11.200000 1.123399
11.210000 0.524206
11.220000 0.523588
11.230000 0.493775
11.240000 0.420675
11.250000 0.763136
11.260000 0.615285
11.270000 0.147621
11.280000 0.220620
11.290000 0.228218
11.300000 0.190650
11.310000 0.914513
11.320000 1.788168
11.330000 2.677637
11.340000 2.232109
11.350000 2.118493
11.360000 1.767517
11.370000 0.690699
11.380000 0.300596
11.390000 0.370988
11.400000 0.722938
11.410000 0.712713
11.420000 0.728216
11.430000 0.429101
11.440000 0.430375
11.450000 0.126896
11.460000 0.556825
11.470000 0.420663
11.480000 0.196233
11.490000 0.398193
11.500000 1.152712
11.510000 1.505783
11.520000 1.666427
11.530000 0.678011
11.540000 0.596083
11.550000 1.445773
11.560000 1.786937
11.570000 1.676607
11.580000 1.126590
11.590000 1.251455
11.600000 0.683965
11.610000 0.518669
11.620000 0.540146
11.630000 0.598488
11.640000 0.790419
11.650000 0.839562
11.660000 0.960715
11.670000 1.274851
11.680000 1.315780
11.690000 1.378049
11.700000 1.743843
11.710000 2.212423
11.720000 2.333149
11.730000 2.435054
11.740000 2.565586
11.750000 3.068756
11.760000 3.489774
11.770000 3.735086
11.780000 3.837889
11.790000 4.124542
11.800000 4.509495
11.810000 4.928884
11.820000 5.427080
11.830000 5.748266
11.840000 5.975490
11.850000 6.355978
11.860000 6.253407
11.870000 6.009778
11.880000 5.560455
11.890000 5.323813
11.900000 5.293476
11.910000 5.280606
11.920000 5.011862
11.930000 4.497648
11.940000 4.138642
11.950000 3.782091
11.960000 3.463593
11.970000 3.290511
11.980000 3.186712
11.990000 2.990334
12.000000 2.630391
12.010000 2.494956
12.020000 3.001905
12.030000 2.671454
12.040000 1.673521
12.050000 1.031143
12.060000 0.960438
12.070000 0.915742
12.080000 0.992120
12.090000 0.671274
12.100000 0.747667
12.110000 0.396931
12.120000 0.738368
12.130000 1.212781
12.140000 1.351358
12.150000 0.797206
12.160000 0.732073
12.170000 0.698006
12.180000 1.191384
12.190000 1.418190
12.200000 1.285076
12.210000 1.158297
12.220000 1.052246
12.230000 0.842367
12.240000 0.714071
12.250000 0.818865
12.260000 0.853553
12.270000 0.822720
12.280000 0.348195
12.290000 0.671649
12.300000 1.048537
12.310000 1.505052
12.320000 1.127888
12.330000 0.646801
12.340000 0.601098
12.350000 0.700055
12.360000 0.262178
12.370000 0.519946
12.380000 0.584003
12.390000 0.396358
12.400000 0.451457
12.410000 0.635198
12.420000 1.005298
12.430000 1.205930
12.440000 1.789588
12.450000 2.479038
12.460000 2.838170
12.470000 3.047238
12.480000 3.296724
12.490000 3.814519
12.500000 4.238359
12.510000 4.625564
12.520000 4.961873
12.530000 5.190509
12.540000 5.238372
12.550000 5.434707
12.560000 5.792619
12.570000 6.205945
12.580000 6.621961
12.590000 7.052954
12.600000 7.548655
12.610000 8.013594
12.620000 8.458146
12.630000 8.871508
12.640000 9.266947
12.650000 9.704551
12.660000 10.229108
12.670000 10.899944
12.680000 11.394529
12.690000 11.974292
12.700000 12.491321
12.710000 12.996687
12.720000 13.483121
12.730000 13.928014
12.740000 14.301369
12.750000 14.796636
12.760000 15.423009
12.770000 16.117773
12.780000 16.947382
12.790000 17.797611
12.800000 18.390568
12.810000 18.988472
12.820000 19.352980
12.830000 19.888773
12.840000 20.117565
12.850000 20.063265
12.860000 20.013180
12.870000 20.208157
12.880000 20.135241
12.890000 19.336329
12.900000 17.916201
12.910000 16.756742
12.920000 15.256378
12.930000 13.253919
12.940000 11.140547
12.950000 8.920062
12.960000 6.948589
12.970000 5.752421
12.980000 4.924847
12.990000 4.506170
13.000000 4.241899
13.010000 3.791051
13.020000 3.251106
13.030000 2.958305
13.040000 2.521224
13.050000 1.919149
13.060000 1.509040
13.070000 1.062240
13.080000 1.147760
13.090000 1.588588
13.100000 1.786136
13.110000 1.993270
13.120000 1.959551
13.130000 1.437754
13.140000 0.862087
13.150000 0.805759
13.160000 0.801784
13.170000 0.279900
13.180000 0.933964
13.190000 0.863445
13.200000 0.625687
13.210000 0.322794
13.220000 0.081074
13.230000 0.183155
13.240000 0.567980
13.250000 0.959712
13.260000 1.578384
13.270000 1.776004
13.280000 2.128109
13.290000 1.692410
13.300000 1.188953
13.310000 1.257263
13.320000 1.308273
13.330000 1.019361
13.340000 1.041472
13.350000 1.010505
13.360000 0.484735
13.370000 0.241263
13.380000 0.737694
13.390000 0.432059
13.400000 0.690011
13.410000 0.648069
13.420000 0.842371
13.430000 1.123045
13.440000 1.276277
13.450000 1.005676
13.460000 0.901507
13.470000 0.855778
13.480000 0.602375
13.490000 0.827285
13.500000 0.888035
13.510000 0.828720
13.520000 0.804960
13.530000 0.546740
13.540000 0.442538
13.550000 0.769198
13.560000 1.377836
13.570000 1.670677
13.580000 2.012925
13.590000 2.265223
13.600000 2.174062
13.610000 1.985925
13.620000 1.701306
13.630000 1.590768
13.640000 1.580632
13.650000 1.497151
13.660000 1.601017
13.670000 1.407005
13.680000 1.601123
13.690000 1.853855
13.700000 1.623511
13.710000 1.136698
13.720000 1.209507
13.730000 1.666396
13.740000 2.768159
13.750000 3.795590
13.760000 4.680838
13.770000 5.905786
13.780000 6.489015
13.790000 6.530252
13.800000 5.776622
13.810000 5.197789
13.820000 4.817570
13.830000 4.701993
13.840000 3.701533
13.850000 2.929423
13.860000 2.587369
13.870000 2.518229
13.880000 2.406605
13.890000 2.401688
13.900000 2.348770
13.910000 2.653801
13.920000 3.031361
13.930000 3.376653
13.940000 3.960339
13.950000 4.518975
13.960000 5.462923
13.970000 6.028314
13.980000 5.745006
13.990000 5.528580
14.000000 5.813356
14.010000 6.541118
14.020000 6.473304
14.030000 6.059748
14.040000 5.119315
14.050000 4.675011
14.060000 4.570385
14.070000 4.670450
14.080000 3.957082
14.090000 2.871421
14.100000 2.138264
14.110000 1.420311
14.120000 1.048400
14.130000 0.905934
14.140000 0.805732
14.150000 0.656214
14.160000 0.572446
14.170000 0.835233
14.180000 0.501575
14.190000 0.493535
14.200000 0.852960
14.210000 1.140058
14.220000 1.265766
14.230000 1.315743
14.240000 1.294313
14.250000 1.179320
14.260000 1.165639
14.270000 1.261906
14.280000 1.421160
14.290000 1.584043
14.300000 1.542342
14.310000 1.307745
14.320000 1.177777
14.330000 1.276254
14.340000 1.344214
14.350000 0.964775
14.360000 0.768148
14.370000 0.950922
14.380000 1.737817
14.390000 3.057948
14.400000 3.974092
14.410000 5.118049
14.420000 5.910407
14.430000 6.264335
14.440000 5.331041
14.450000 4.652758
14.460000 4.288828
14.470000 4.382016
14.480000 3.243060
14.490000 2.457801
14.500000 2.044816
14.510000 1.921300
14.520000 2.008618
14.530000 2.128663
14.540000 2.086643
14.550000 2.213776
14.560000 2.547307
14.570000 2.757927
14.580000 3.047401
14.590000 3.519196
14.600000 4.274591
14.610000 4.813706
14.620000 5.310227
14.630000 5.095409
14.640000 5.126651
14.650000 5.528162
14.660000 5.978080
14.670000 5.852467
14.680000 4.850340
14.690000 4.321680
14.700000 4.251715
14.710000 4.499714
14.720000 3.658096
14.730000 2.582152
14.740000 1.679127
14.750000 0.991842
14.760000 0.777519
14.770000 0.787274
14.780000 0.709533
14.790000 0.581920
14.800000 0.636790
14.810000 0.466217
14.820000 0.314227
14.830000 0.219056
14.840000 0.410153
14.850000 0.719765
14.860000 0.877586
14.870000 0.871482
14.880000 0.804003
14.890000 0.843082
14.900000 0.971252
14.910000 1.233738
14.920000 1.214388
14.930000 1.416123
14.940000 1.666845
14.950000 1.766365
14.960000 1.578325
14.970000 1.147793
14.980000 0.848269
14.990000 0.870383
15.000000 0.742977
15.010000 0.451885
15.020000 0.514411
15.030000 1.215719
15.040000 2.400580
15.050000 3.582461
15.060000 4.635657
15.070000 5.368111
15.080000 5.458398
15.090000 4.482132
15.100000 4.039387
15.110000 3.927308
15.120000 3.464838
15.130000 2.706112
15.140000 2.075391
15.150000 1.796627
15.160000 1.734713
15.170000 1.861907
15.180000 2.142342
15.190000 2.173766
15.200000 2.337188
15.210000 2.436422
15.220000 2.575786
15.230000 2.613820
15.240000 2.949994
15.250000 3.408070
15.260000 3.900614
15.270000 4.335682
15.280000 4.707035
15.290000 4.501039
15.300000 4.690892
15.310000 5.453146
15.320000 5.165491
15.330000 4.179707
15.340000 3.780667
15.350000 3.908633
15.360000 4.132340
15.370000 2.874271
15.380000 1.835469
15.390000 1.144255
15.400000 0.778706
15.410000 0.685574
15.420000 0.667433
15.430000 0.638674
15.440000 0.517104
15.450000 0.423843
15.460000 0.375208
15.470000 0.308236
15.480000 0.262672
15.490000 0.268804
15.500000 0.337371
15.510000 0.366449
15.520000 0.422872
15.530000 0.521185
15.540000 0.533239
15.550000 0.471344
15.560000 0.679082
15.570000 0.927811
15.580000 0.973737
15.590000 0.939812
15.600000 1.287365
15.610000 1.665114
15.620000 1.708432
15.630000 1.297392
15.640000 0.809761
15.650000 0.634613
15.660000 0.660203
15.670000 0.560333
15.680000 0.254469
15.690000 0.855338
15.700000 2.003376
15.710000 3.327623
15.720000 4.408046
15.730000 4.737299
15.740000 4.267344
15.750000 3.609335
15.760000 3.527671
15.770000 3.627012
15.780000 2.609206
15.790000 2.172722
15.800000 1.956017
15.810000 1.875287
15.820000 1.387990
15.830000 1.104342
15.840000 1.229073
15.850000 1.268845
15.860000 1.566017
15.870000 1.821565
15.880000 2.376916
15.890000 2.340567
15.900000 2.639615
15.910000 2.904243
15.920000 3.329959
15.930000 3.720794
15.940000 4.262752
15.950000 4.063282
15.960000 4.217102
15.970000 4.800514
15.980000 4.123656
15.990000 3.382419
16.000000 3.309683
16.010000 3.797748
16.020000 2.845469
16.030000 1.696327
16.040000 1.044821
16.050000 0.731946
16.060000 0.749827
16.070000 0.844599
16.080000 0.685169
16.090000 0.524341
16.100000 0.498212
16.110000 0.367373
16.120000 0.212007
16.130000 0.309490
16.140000 0.450678
16.150000 0.492665
16.160000 0.686995
16.170000 0.937578
16.180000 0.976440
16.190000 1.156842
16.200000 1.219508
16.210000 1.067414
16.220000 0.871412
16.230000 0.732062
16.240000 0.669788
16.250000 0.721194
16.260000 0.751669
16.270000 0.843599
16.280000 1.112347
16.290000 1.140411
16.300000 1.225092
16.310000 1.176555
16.320000 0.916989
16.330000 0.783273
16.340000 0.647329
16.350000 0.285920
16.360000 0.733244
16.370000 1.636064
16.380000 3.067104
16.390000 4.043554
16.400000 4.018698
16.410000 3.381616
16.420000 2.805847
16.430000 2.951284
16.440000 2.768928
16.450000 2.120851
16.460000 1.856756
16.470000 1.695689
16.480000 1.163320
16.490000 0.916094
16.500000 0.892561
16.510000 1.056044
16.520000 0.713725
16.530000 0.952889
16.540000 0.959823
16.550000 1.357551
16.560000 2.422608
16.570000 2.422734
16.580000 2.487036
16.590000 2.593573
16.600000 2.725206
16.610000 3.743294
16.620000 3.554816
16.630000 3.658762
16.640000 4.220972
16.650000 3.381818
16.660000 2.720047
16.670000 2.766129
16.680000 2.933785
16.690000 1.761688
16.700000 0.987447
16.710000 0.760744
16.720000 0.716965
16.730000 0.790175
16.740000 0.780684
16.750000 0.568573
16.760000 0.295944
16.770000 0.154280
16.780000 0.161775
16.790000 0.183577
16.800000 0.221441
16.810000 0.809018
16.820000 1.433185
16.830000 1.831684
16.840000 1.967741
16.850000 2.085514
16.860000 2.297578
16.870000 2.425857
16.880000 2.400765
16.890000 2.126399
16.900000 1.966262
16.910000 1.499700
16.920000 0.988968
16.930000 0.684942
16.940000 0.402864
16.950000 0.485122
16.960000 0.535907
16.970000 0.515950
16.980000 0.733945
16.990000 1.018640
17.000000 0.999505
17.010000 0.908084
17.020000 0.688681
17.030000 0.452527
17.040000 0.290309
17.050000 0.718180
17.060000 1.413717
17.070000 2.629064
17.080000 3.664940
17.090000 3.348358
17.100000 2.642214
17.110000 2.133285
17.120000 2.303877
17.130000 1.838278
17.140000 1.845988
17.150000 1.157708
17.160000 0.883835
17.170000 0.793483
17.180000 1.059130
17.190000 1.245186
17.200000 1.011477
17.210000 0.951352
17.220000 0.969959
17.230000 0.912891
17.240000 1.229447
17.250000 1.627488
17.260000 2.169220
17.270000 2.203520
17.280000 1.985793
17.290000 1.994256
17.300000 2.840438
17.310000 3.116417
17.320000 3.139153
17.330000 3.600105
17.340000 2.488002
17.350000 2.048146
17.360000 2.353031
17.370000 1.583417
17.380000 0.769925
17.390000 0.470342
17.400000 0.491083
17.410000 0.500684
17.420000 0.589480
17.430000 0.498411
17.440000 0.568912
17.450000 0.617901
17.460000 0.569533
17.470000 0.513575
17.480000 0.770874
17.490000 0.904197
17.500000 1.445213
17.510000 2.020908
17.520000 2.607410
17.530000 2.967144
17.540000 3.210067
17.550000 3.568544
17.560000 3.972624
17.570000 4.121251
17.580000 4.171497
17.590000 4.122470
17.600000 4.060174
17.610000 3.689298
17.620000 3.171009
17.630000 2.484402
17.640000 1.701691
17.650000 1.108380
17.660000 0.655244
17.670000 0.550955
17.680000 0.438393
17.690000 0.436042
17.700000 0.468150
17.710000 0.505922
17.720000 0.748514
17.730000 0.620720
17.740000 0.428372
17.750000 0.446396
17.760000 0.208834
17.770000 0.123246
17.780000 0.603561
17.790000 1.435839
17.800000 2.452749
17.810000 2.699971
17.820000 2.349553
17.830000 2.019651
17.840000 2.202177
17.850000 1.334007
17.860000 0.421832
17.870000 0.127768
17.880000 0.275688
17.890000 0.989070
17.900000 0.861160
17.910000 0.578173
17.920000 0.217923
17.930000 0.525846
17.940000 1.306770
17.950000 1.260974
17.960000 1.429022
17.970000 1.168856
17.980000 1.422114
17.990000 2.004510
18.000000 1.767981
18.010000 1.531109
18.020000 1.460493
18.030000 2.372175
18.040000 2.782365
18.050000 2.938126
18.060000 1.963387
18.070000 1.659565
18.080000 1.470560
18.090000 0.574881
18.100000 0.330886
18.110000 0.400788
18.120000 0.419734
18.130000 0.565406
18.140000 0.613699
18.150000 0.734245
18.160000 0.784950
18.170000 0.758274
18.180000 0.892398
18.190000 1.060072
18.200000 1.498713
18.210000 2.077684
18.220000 2.659456
18.230000 3.248303
18.240000 3.541033
18.250000 3.753628
18.260000 4.333397
18.270000 4.779218
18.280000 5.091271
18.290000 5.441117
18.300000 5.876503
18.310000 6.166498
18.320000 6.401227
18.330000 6.819330
18.340000 7.305834
18.350000 7.587977
18.360000 7.565060
18.370000 7.649898
18.380000 7.775699
18.390000 7.869916
18.400000 7.986682
18.410000 7.670813
18.420000 7.078602
18.430000 6.283495
18.440000 5.498811
18.450000 5.006891
18.460000 4.245931
18.470000 3.801317
18.480000 3.322757
18.490000 2.504505
18.500000 1.601007
18.510000 0.967430
18.520000 0.571992
18.530000 0.484482
18.540000 0.405405
18.550000 0.670649
18.560000 0.789666
18.570000 0.227822
18.580000 0.190266
18.590000 0.210004
18.600000 0.243717
18.610000 0.698935
18.620000 1.446629
18.630000 2.449807
18.640000 2.416953
18.650000 2.015986
18.660000 2.058305
18.670000 0.869754
18.680000 0.284871
18.690000 0.280340
18.700000 0.591376
18.710000 0.651977
18.720000 0.724722
18.730000 0.353417
18.740000 0.413321
18.750000 0.154041
18.760000 0.759028
18.770000 0.437031
18.780000 0.263720
18.790000 0.209244
18.800000 0.753208
18.810000 1.634886
18.820000 1.678557
18.830000 0.793338
18.840000 0.482862
18.850000 1.031256
18.860000 1.574784
18.870000 1.744944
18.880000 1.089067
18.890000 1.174848
18.900000 0.688457
18.910000 0.500157
18.920000 0.518780
18.930000 0.555613
18.940000 0.747939
18.950000 0.851085
18.960000 0.981667
18.970000 1.337446
18.980000 1.293424
18.990000 1.365532
19.000000 1.636873
19.010000 2.039175
19.020000 2.211946
19.030000 2.381114
19.040000 2.570029
19.050000 2.887701
19.060000 3.496588
19.070000 3.747140
19.080000 3.944100
19.090000 4.178940
19.100000 4.454897
19.110000 4.795503
19.120000 5.120481
19.130000 5.424538
19.140000 5.739816
19.150000 5.840075
19.160000 5.626864
19.170000 5.319690
19.180000 5.333417
19.190000 5.267519
19.200000 5.080323
19.210000 4.725586
19.220000 4.391838
19.230000 4.050444
19.240000 3.688298
19.250000 3.629553
19.260000 3.437450
19.270000 3.172875
19.280000 2.863805
19.290000 2.473423
19.300000 2.782882
19.310000 3.134186
19.320000 2.648913
19.330000 1.727987
19.340000 1.166614
19.350000 1.059691
19.360000 0.995168
19.370000 1.089625
19.380000 0.834741
19.390000 0.915252
19.400000 0.330086
19.410000 0.535142
19.420000 1.206826
19.430000 1.401057
19.440000 0.936420
19.450000 0.866010
19.460000 0.879292
19.470000 1.210029
19.480000 1.582706
19.490000 1.522791
19.500000 1.201819
19.510000 0.861236
19.520000 0.796243
19.530000 0.951290
19.540000 1.004051
19.550000 1.059560
19.560000 0.960416
19.570000 0.475551
19.580000 0.754802
19.590000 1.108430
19.600000 1.574532
19.610000 1.212354
19.620000 0.780951
19.630000 0.603255
19.640000 0.621936
19.650000 0.369517
19.660000 0.519858
19.670000 0.630570
19.680000 0.501952
19.690000 0.557319
19.700000 0.624055
19.710000 1.150137
19.720000 1.456670
19.730000 1.691014
19.740000 2.319664
19.750000 2.646978
19.760000 2.866185
19.770000 3.224763
19.780000 3.487872
19.790000 3.892547
19.800000 4.458364
19.810000 4.926524
19.820000 5.180690
19.830000 5.326647
19.840000 5.411357
19.850000 5.465258
19.860000 5.816155
19.870000 6.189168
19.880000 6.547052
19.890000 6.929339
19.900000 7.304285
19.910000 7.798265
19.920000 8.402458
19.930000 8.565155
19.940000 8.507786
19.950000 8.436261
19.960000 8.363154
19.970000 8.350377
19.980000 7.896189
19.990000 7.575867
