0.000000 3.447441
0.010000 3.662780
0.020000 3.789224
0.030000 3.734388
0.040000 3.483288
0.050000 3.076063
0.060000 2.604395
0.070000 2.220103
0.080000 2.120039
0.090000 2.357721
0.100000 2.759133
0.110000 3.271532
0.120000 4.083294
0.130000 4.794114
0.140000 5.049861
0.150000 4.752534
0.160000 4.041850
0.170000 4.035721
0.180000 4.212807
0.190000 4.196214
0.200000 4.290996
0.210000 4.480289
0.220000 4.810605
0.230000 5.224658
0.240000 5.390514
0.250000 5.315681
0.260000 5.268930
0.270000 5.424147
0.280000 5.706878
0.290000 5.966645
0.300000 6.187511
0.310000 6.263316
0.320000 5.872328
0.330000 4.980505
0.340000 4.126294
0.350000 3.630911
0.360000 3.433882
0.370000 3.165447
0.380000 3.203852
0.390000 3.081569
0.400000 2.498578
0.410000 2.700484
0.420000 2.388188
0.430000 2.425155
0.440000 3.347974
0.450000 4.400113
0.460000 5.108275
0.470000 5.372621
0.480000 5.165322
0.490000 4.786009
0.500000 4.499284
0.510000 4.276457
0.520000 4.067599
0.530000 3.798897
0.540000 3.589331
0.550000 3.515096
0.560000 3.334136
0.570000 3.172177
0.580000 3.135675
0.590000 3.149559
0.600000 3.169078
0.610000 3.200600
0.620000 3.279904
0.630000 3.391648
0.640000 3.484539
0.650000 3.521754
0.660000 3.454430
0.670000 3.229635
0.680000 2.851413
0.690000 2.393335
0.700000 2.005246
0.710000 1.902078
0.720000 2.168979
0.730000 2.596075
0.740000 3.153260
0.750000 4.004774
0.760000 4.645627
0.770000 4.839809
0.780000 4.398711
0.790000 3.860398
0.800000 4.025525
0.810000 4.008302
0.820000 3.965612
0.830000 4.082738
0.840000 4.382321
0.850000 4.797174
0.860000 5.022025
0.870000 5.133533
0.880000 5.151745
0.890000 4.928579
0.900000 4.871593
0.910000 4.983630
0.920000 5.097136
0.930000 5.279801
0.940000 5.630723
0.950000 6.012004
0.960000 5.596892
0.970000 4.390806
0.980000 3.559713
0.990000 3.243289
1.000000 2.935182
1.010000 2.990471
1.020000 2.858331
1.030000 2.153127
1.040000 2.243201
1.050000 1.823628
1.060000 2.239550
1.070000 3.340764
1.080000 4.233780
1.090000 4.641415
1.100000 4.471887
1.110000 3.919274
1.120000 3.611068
1.130000 3.495267
1.140000 3.390197
1.150000 3.225375
1.160000 3.058715
1.170000 3.064162
1.180000 3.160974
1.190000 3.071574
1.200000 3.016711
1.210000 3.014021
1.220000 3.033030
1.230000 3.070441
1.240000 3.128375
1.250000 3.136799
1.260000 3.054204
1.270000 3.002160
1.280000 3.049845
1.290000 3.094390
1.300000 3.003475
1.310000 2.740638
1.320000 2.367368
1.330000 2.007056
1.340000 1.843158
1.350000 2.048754
1.360000 2.448884
1.370000 2.948765
1.380000 3.720782
1.390000 4.285098
1.400000 4.466633
1.410000 4.066258
1.420000 3.822157
1.430000 4.010629
1.440000 3.843988
1.450000 3.738371
1.460000 3.846918
1.470000 4.146841
1.480000 4.429098
1.490000 4.724264
1.500000 4.865245
1.510000 4.524783
1.520000 4.268475
1.530000 4.335326
1.540000 4.460871
1.550000 4.479644
1.560000 4.492506
1.570000 4.619281
1.580000 4.965347
1.590000 5.513549
1.600000 5.161993
1.610000 3.808213
1.620000 3.120550
1.630000 2.778619
1.640000 2.723558
1.650000 2.711869
1.660000 1.857658
1.670000 1.790528
1.680000 1.370204
1.690000 2.080189
1.700000 3.188100
1.710000 3.893622
1.720000 4.064026
1.730000 3.502091
1.740000 2.873087
1.750000 2.736917
1.760000 2.771221
1.770000 2.693647
1.780000 2.513666
1.790000 2.436650
1.800000 2.627365
1.810000 2.853533
1.820000 2.811498
1.830000 2.764848
1.840000 2.720113
1.850000 2.709769
1.860000 2.775423
1.870000 2.845667
1.880000 2.744951
1.890000 2.532207
1.900000 2.417698
1.910000 2.489923
1.920000 2.660274
1.930000 2.756509
1.940000 2.691450
1.950000 2.471831
1.960000 2.157831
1.970000 1.875733
1.980000 1.859842
1.990000 2.144344
2.000000 2.497106
2.010000 3.088344
2.020000 3.597403
2.030000 3.816836
2.040000 3.600574
2.050000 3.604985
2.060000 3.934966
2.070000 3.706571
2.080000 3.472088
2.090000 3.424181
2.100000 3.629358
2.110000 3.961804
2.120000 4.355888
2.130000 4.230127
2.140000 4.068177
2.150000 4.034178
2.160000 4.251750
2.170000 4.469354
2.180000 4.509768
2.190000 4.437474
2.200000 4.317722
2.210000 4.254473
2.220000 4.424583
2.230000 4.917656
2.240000 4.719228
2.250000 3.344023
2.260000 2.797005
2.270000 2.385089
2.280000 2.555256
2.290000 1.825583
2.300000 1.336601
2.310000 1.010687
2.320000 1.771736
2.330000 2.807154
2.340000 3.469212
2.350000 3.526513
2.360000 2.848330
2.370000 2.160876
2.380000 2.042006
2.390000 2.268264
2.400000 2.189953
2.410000 1.932493
2.420000 1.882986
2.430000 2.198410
2.440000 2.554624
2.450000 2.498448
2.460000 2.365766
2.470000 2.221576
2.480000 2.154907
2.490000 2.237897
2.500000 2.297708
2.510000 2.185401
2.520000 2.035298
2.530000 1.929682
2.540000 1.943146
2.550000 2.134633
2.560000 2.412157
2.570000 2.586320
2.580000 2.523477
2.590000 2.226758
2.600000 1.816522
2.610000 1.507822
2.620000 1.582159
2.630000 1.853505
2.640000 2.186412
2.650000 2.647709
2.660000 2.896807
2.670000 2.918666
2.680000 2.940997
2.690000 3.496795
2.700000 3.462160
2.710000 3.145648
2.720000 2.850623
2.730000 2.933827
2.740000 3.408406
2.750000 3.665600
2.760000 3.718519
2.770000 3.858891
2.780000 4.041231
2.790000 4.297889
2.800000 4.621421
2.810000 4.815955
2.820000 4.863076
2.830000 4.754633
2.840000 4.468242
2.850000 4.075794
2.860000 3.887664
2.870000 4.212937
2.880000 4.275536
2.890000 3.023657
2.900000 2.488278
2.910000 2.156077
2.920000 2.040363
2.930000 1.001270
2.940000 0.756768
2.950000 1.206394
2.960000 2.181302
2.970000 2.925622
2.980000 3.080190
2.990000 2.543684
3.000000 1.883846
3.010000 1.409830
3.020000 1.743980
3.030000 1.885280
3.040000 1.517967
3.050000 1.333773
3.060000 1.658340
3.070000 2.177438
3.080000 2.186972
3.090000 1.942848
3.100000 1.663009
3.110000 1.473979
3.120000 1.507313
3.130000 1.582864
3.140000 1.570462
3.150000 1.572446
3.160000 1.579791
3.170000 1.580845
3.180000 1.668745
3.190000 1.938710
3.200000 2.231671
3.210000 2.302495
3.220000 2.092229
3.230000 1.688954
3.240000 1.242259
3.250000 0.957279
3.260000 1.132364
3.270000 1.402458
3.280000 1.669067
3.290000 1.957451
3.300000 2.103987
3.310000 2.143028
3.320000 2.519257
3.330000 2.890836
3.340000 2.685210
3.350000 2.378006
3.360000 2.169259
3.370000 2.604147
3.380000 2.894570
3.390000 3.131527
3.400000 3.528166
3.410000 3.906053
3.420000 4.130023
3.430000 4.315801
3.440000 4.552722
3.450000 4.686966
3.460000 4.709188
3.470000 4.645054
3.480000 4.525095
3.490000 4.174094
3.500000 3.565025
3.510000 3.382840
3.520000 3.628292
3.530000 2.968807
3.540000 2.299062
3.550000 1.752794
3.560000 1.527601
3.570000 0.608684
3.580000 0.469414
3.590000 1.332886
3.600000 2.110475
3.610000 2.651852
3.620000 2.370222
3.630000 1.924343
3.640000 1.385132
3.650000 1.020184
3.660000 1.396236
3.670000 1.386888
3.680000 0.908745
3.690000 0.980470
3.700000 1.542556
3.710000 1.915054
3.720000 1.672213
3.730000 1.349529
3.740000 1.057095
3.750000 0.905107
3.760000 0.919033
3.770000 1.015042
3.780000 1.158606
3.790000 1.241852
3.800000 1.292148
3.810000 1.369127
3.820000 1.501286
3.830000 1.618915
3.840000 1.704180
3.850000 1.737966
3.860000 1.610301
3.870000 1.286854
3.880000 0.873628
3.890000 0.520022
3.900000 0.620467
3.910000 0.970515
3.920000 1.134659
3.930000 1.350651
3.940000 1.436272
3.950000 1.563090
3.960000 1.865190
3.970000 2.126465
3.980000 1.956894
3.990000 1.716346
4.000000 1.728741
4.010000 2.242061
4.020000 2.265294
4.030000 2.756121
4.040000 3.330117
4.050000 3.695683
4.060000 3.665532
4.070000 3.571773
4.080000 3.728722
4.090000 3.841878
4.100000 3.829200
4.110000 3.709759
4.120000 3.609302
4.130000 3.629154
4.140000 3.588221
4.150000 3.029312
4.160000 2.753083
4.170000 2.704548
4.180000 2.204992
4.190000 1.668296
4.200000 1.223845
4.210000 0.638047
4.220000 0.310452
4.230000 1.038695
4.240000 1.729545
4.250000 2.118026
4.260000 1.861545
4.270000 1.621050
4.280000 1.277962
4.290000 0.827237
4.300000 0.836724
4.310000 0.816160
4.320000 0.476641
4.330000 0.762701
4.340000 1.246787
4.350000 1.503603
4.360000 1.145748
4.370000 0.906712
4.380000 0.785191
4.390000 0.635694
4.400000 0.490282
4.410000 0.586784
4.420000 0.830447
4.430000 1.022534
4.440000 1.106450
4.450000 1.132923
4.460000 1.102245
4.470000 1.027449
4.480000 1.050867
4.490000 1.118206
4.500000 1.191160
4.510000 1.143541
4.520000 0.896467
4.530000 0.551625
4.540000 0.204208
4.550000 0.472780
4.560000 0.766455
4.570000 0.880350
4.580000 0.964018
4.590000 1.041129
4.600000 1.104123
4.610000 1.378249
4.620000 1.412851
4.630000 1.543001
4.640000 1.569933
4.650000 1.945649
4.660000 1.984184
4.670000 2.186439
4.680000 2.722812
4.690000 3.029515
4.700000 2.948570
4.710000 2.841092
4.720000 3.138458
4.730000 3.350683
4.740000 3.294624
4.750000 3.199478
4.760000 3.008137
4.770000 2.668319
4.780000 2.345478
4.790000 2.370184
4.800000 2.610477
4.810000 2.188298
4.820000 2.160515
4.830000 2.117339
4.840000 1.384321
4.850000 0.831094
4.860000 0.515128
4.870000 0.332439
4.880000 1.021538
4.890000 1.559715
4.900000 1.372005
4.910000 1.281535
4.920000 1.257524
4.930000 1.010711
4.940000 0.530044
4.950000 0.208137
4.960000 0.327654
4.970000 0.430958
4.980000 0.671154
4.990000 0.931204
5.000000 0.734621
5.010000 0.464482
5.020000 0.596975
5.030000 0.565857
5.040000 0.420292
5.050000 0.269699
5.060000 0.334816
5.070000 0.520418
5.080000 0.696741
5.090000 0.828266
5.100000 0.883175
5.110000 0.796189
5.120000 0.628258
5.130000 0.575780
5.140000 0.559300
5.150000 0.693857
5.160000 0.947241
5.170000 0.976519
5.180000 0.737765
5.190000 0.394246
5.200000 0.237718
5.210000 0.609732
5.220000 0.704188
5.230000 0.812366
5.240000 0.672095
5.250000 0.645760
5.260000 0.736700
5.270000 1.094108
5.280000 1.542196
5.290000 1.848729
5.300000 2.045045
5.310000 1.817086
5.320000 2.082303
5.330000 2.207917
5.340000 2.180242
5.350000 2.452084
5.360000 2.414239
5.370000 1.887271
5.380000 1.759569
5.390000 1.639903
5.400000 1.518549
5.410000 1.330086
5.420000 1.188920
5.430000 1.426501
5.440000 1.585372
5.450000 1.419828
5.460000 1.654833
5.470000 1.791392
5.480000 1.685028
5.490000 1.686285
5.500000 0.639419
5.510000 0.764626
5.520000 0.448786
5.530000 0.569043
5.540000 1.043704
5.550000 0.730455
5.560000 0.665483
5.570000 0.859895
5.580000 0.945681
5.590000 0.638186
5.600000 0.607803
5.610000 0.865066
5.620000 0.474133
5.630000 0.204053
5.640000 0.231689
5.650000 0.060182
5.660000 0.343723
5.670000 0.368951
5.680000 0.297134
5.690000 0.315012
5.700000 0.201715
5.710000 0.121294
5.720000 0.075154
5.730000 0.267432
5.740000 0.422453
5.750000 0.508342
5.760000 0.579367
5.770000 0.621696
5.780000 0.559620
5.790000 0.425380
5.800000 0.352378
5.810000 0.252548
5.820000 0.440728
5.830000 0.655248
5.840000 0.593934
5.850000 0.371020
5.860000 0.354654
5.870000 0.639536
5.880000 0.780888
5.890000 0.745755
5.900000 0.608788
5.910000 0.264897
5.920000 0.331839
5.930000 0.966653
5.940000 1.551433
5.950000 1.968471
5.960000 2.168860
5.970000 1.575663
5.980000 1.681917
5.990000 1.747062
6.000000 1.775655
6.010000 1.909083
6.020000 1.326307
6.030000 1.117584
6.040000 1.354711
6.050000 1.553433
6.060000 1.359297
6.070000 0.946116
6.080000 0.715446
6.090000 0.597726
6.100000 0.370610
6.110000 0.408884
6.120000 0.523579
6.130000 0.669877
6.140000 1.339057
6.150000 1.239958
6.160000 1.149825
6.170000 0.577142
6.180000 0.682724
6.190000 0.156243
6.200000 1.029557
6.210000 0.303671
6.220000 0.205343
6.230000 0.461641
6.240000 0.725101
6.250000 0.351797
6.260000 0.537454
6.270000 0.576854
6.280000 0.455990
6.290000 0.302786
6.300000 0.268095
6.310000 0.419940
6.320000 0.735122
6.330000 0.650050
6.340000 0.123791
6.350000 0.105218
6.360000 0.102978
6.370000 0.088291
6.380000 0.340314
6.390000 0.500378
6.400000 0.319499
6.410000 0.310937
6.420000 0.352283
6.430000 0.336644
6.440000 0.369913
6.450000 0.584488
6.460000 0.737359
6.470000 0.731023
6.480000 0.670879
6.490000 0.481555
6.500000 0.318254
6.510000 0.444790
6.520000 0.400776
6.530000 0.376505
6.540000 0.690858
6.550000 1.006190
6.560000 1.011407
6.570000 0.768007
6.580000 0.600980
6.590000 0.243797
6.600000 0.467837
6.610000 0.947975
6.620000 1.495701
6.630000 1.945849
6.640000 1.449777
6.650000 1.094290
6.660000 0.945292
6.670000 1.595468
6.680000 1.345128
6.690000 1.583011
6.700000 0.674244
6.710000 1.010548
6.720000 1.032001
6.730000 0.637574
6.740000 0.402370
6.750000 0.470420
6.760000 1.006974
6.770000 1.783117
6.780000 0.959308
6.790000 0.247129
6.800000 0.595972
6.810000 0.338933
6.820000 0.408994
6.830000 1.427116
6.840000 0.423369
6.850000 0.394357
6.860000 0.771108
6.870000 0.217581
6.880000 0.924203
6.890000 0.093749
6.900000 0.266776
6.910000 0.365344
6.920000 0.496967
6.930000 0.426431
6.940000 0.397976
6.950000 0.480790
6.960000 0.270534
6.970000 0.333274
6.980000 0.272313
6.990000 0.259963
7.000000 0.285799
7.010000 0.518375
7.020000 0.362626
7.030000 0.172927
7.040000 0.078709
7.050000 0.169050
7.060000 0.569955
7.070000 0.646553
7.080000 0.539560
7.090000 0.536162
7.100000 0.431257
7.110000 0.450048
7.120000 0.558530
7.130000 0.560902
7.140000 0.518413
7.150000 0.549135
7.160000 0.617763
7.170000 0.620937
7.180000 0.604188
7.190000 0.549429
7.200000 0.478935
7.210000 0.659564
7.220000 0.757158
7.230000 0.596813
7.240000 0.627941
7.250000 0.871563
7.260000 1.011630
7.270000 0.782424
7.280000 0.698558
7.290000 0.443032
7.300000 0.417274
7.310000 0.379017
7.320000 0.878657
7.330000 1.101660
7.340000 0.688763
7.350000 0.422944
7.360000 0.548279
7.370000 0.845102
7.380000 0.581276
7.390000 1.083500
7.400000 0.652076
7.410000 0.515402
7.420000 0.518478
7.430000 0.368038
7.440000 0.407188
7.450000 0.347085
7.460000 0.171724
7.470000 0.177003
7.480000 0.150466
7.490000 0.305760
7.500000 0.777346
7.510000 0.488255
7.520000 0.543086
7.530000 0.357759
7.540000 0.682301
7.550000 0.492249
7.560000 0.674580
7.570000 0.978349
7.580000 0.495603
7.590000 0.616360
7.600000 0.180536
7.610000 0.328322
7.620000 0.445351
7.630000 0.357023
7.640000 0.288079
7.650000 0.613505
7.660000 0.571712
7.670000 0.896259
7.680000 0.294058
7.690000 0.442076
7.700000 0.849683
7.710000 0.664138
7.720000 0.211239
7.730000 0.789696
7.740000 0.762645
7.750000 0.327631
7.760000 0.151951
7.770000 0.238237
7.780000 0.508165
7.790000 0.511136
7.800000 0.340861
7.810000 0.302923
7.820000 0.414350
7.830000 0.484948
7.840000 0.485178
7.850000 0.419761
7.860000 0.323273
7.870000 0.231545
7.880000 0.139740
7.890000 0.118927
7.900000 0.266082
7.910000 0.376172
7.920000 0.421537
7.930000 0.467551
7.940000 0.539453
7.950000 0.584514
7.960000 0.536400
7.970000 0.487675
7.980000 0.522269
7.990000 0.548709
8.000000 0.619936
8.010000 0.647874
8.020000 0.542242
8.030000 0.641448
8.040000 1.038589
8.050000 0.960501
8.060000 0.867808
8.070000 0.625313
8.080000 0.167970
8.090000 0.129450
8.100000 0.272746
8.110000 1.234292
8.120000 0.627386
8.130000 1.046588
8.140000 0.697775
8.150000 0.632913
8.160000 0.331579
8.170000 0.456092
8.180000 0.359322
8.190000 0.442443
8.200000 0.477149
8.210000 0.454348
8.220000 0.287384
8.230000 0.299532
8.240000 0.530613
8.250000 0.370757
8.260000 0.204352
8.270000 0.362845
8.280000 0.134032
8.290000 0.483975
8.300000 0.552305
8.310000 0.536213
8.320000 0.649830
8.330000 0.438722
8.340000 0.675735
8.350000 0.370341
8.360000 0.387374
8.370000 0.648157
8.380000 0.162504
8.390000 0.530320
8.400000 0.646973
8.410000 0.609901
8.420000 0.835206
8.430000 0.289436
8.440000 1.464353
8.450000 0.260699
8.460000 0.775987
8.470000 0.635351
8.480000 0.325317
8.490000 0.118833
8.500000 0.436068
8.510000 0.658566
8.520000 0.529429
8.530000 0.345825
8.540000 0.429112
8.550000 0.451737
8.560000 0.431315
8.570000 0.617885
8.580000 0.655495
8.590000 0.507227
8.600000 0.288568
8.610000 0.132350
8.620000 0.237802
8.630000 0.350135
8.640000 0.421560
8.650000 0.483024
8.660000 0.549524
8.670000 0.613245
8.680000 0.656935
8.690000 0.661426
8.700000 0.613837
8.710000 0.521560
8.720000 0.432495
8.730000 0.436717
8.740000 0.544112
8.750000 0.644571
8.760000 0.639503
8.770000 0.552750
8.780000 0.582882
8.790000 0.768868
8.800000 0.964025
8.810000 1.056939
8.820000 1.106655
8.830000 1.210059
8.840000 1.245822
8.850000 1.105747
8.860000 1.351631
8.870000 1.097990
8.880000 0.906267
8.890000 1.168427
8.900000 0.553837
8.910000 0.377622
8.920000 0.374291
8.930000 0.460851
8.940000 0.771918
8.950000 0.929831
8.960000 0.801156
8.970000 0.986345
8.980000 0.713437
8.990000 0.526765
9.000000 0.580632
9.010000 0.506853
9.020000 0.594822
9.030000 0.681073
9.040000 0.431094
9.050000 0.235643
9.060000 0.319086
9.070000 0.385995
9.080000 0.441716
9.090000 0.552625
9.100000 0.778840
9.110000 1.126646
9.120000 1.293703
9.130000 0.247206
9.140000 0.222600
9.150000 0.601222
9.160000 0.649379
9.170000 0.729073
9.180000 0.833726
9.190000 0.336570
9.200000 0.447652
9.210000 0.559070
9.220000 0.515348
9.230000 0.678999
9.240000 0.647651
9.250000 0.176047
9.260000 0.690205
9.270000 0.296192
9.280000 0.491728
9.290000 0.601285
9.300000 0.524488
9.310000 0.734534
9.320000 0.818297
9.330000 0.694279
9.340000 0.327668
9.350000 0.367249
9.360000 0.582956
9.370000 1.028746
9.380000 0.877489
9.390000 0.683999
9.400000 0.610652
9.410000 0.279037
9.420000 0.170108
9.430000 0.191722
9.440000 0.160829
9.450000 0.115322
9.460000 0.132595
9.470000 0.307715
9.480000 0.482545
9.490000 0.524831
9.500000 0.479938
9.510000 0.601590
9.520000 0.763521
9.530000 0.759435
9.540000 0.702250
9.550000 0.641404
9.560000 0.535223
9.570000 0.488683
9.580000 0.574118
9.590000 0.621273
9.600000 0.744295
9.610000 0.393636
9.620000 0.241010
9.630000 0.282607
9.640000 0.572924
9.650000 0.885818
9.660000 1.382469
9.670000 1.108812
9.680000 1.630468
9.690000 0.860323
9.700000 0.245266
9.710000 0.408669
9.720000 0.225666
9.730000 0.283431
9.740000 0.125029
9.750000 0.138512
9.760000 0.296817
9.770000 0.666455
9.780000 0.306208
9.790000 0.192260
9.800000 0.608970
9.810000 0.337569
9.820000 0.311764
9.830000 0.433940
9.840000 0.728317
9.850000 0.510472
9.860000 0.692447
9.870000 0.661967
9.880000 0.972408
9.890000 0.355274
9.900000 0.583954
9.910000 0.414115
9.920000 0.358964
9.930000 0.201858
9.940000 0.153005
9.950000 0.356124
9.960000 0.536457
9.970000 0.652633
9.980000 0.714880
9.990000 0.592560
10.000000 0.918854
10.010000 0.870585
10.020000 0.394717
10.030000 0.106287
10.040000 0.723414
10.050000 0.914034
10.060000 0.427178
10.070000 0.206978
10.080000 0.169915
10.090000 0.192769
10.100000 0.390488
10.110000 0.307567
10.120000 0.133554
10.130000 0.145821
10.140000 0.198129
10.150000 0.234830
10.160000 0.261613
10.170000 0.277109
10.180000 0.270821
10.190000 0.232518
10.200000 0.177455
10.210000 0.178250
10.220000 0.277589
10.230000 0.401563
10.240000 0.489224
10.250000 0.519529
10.260000 0.511174
10.270000 0.498280
10.280000 0.497705
10.290000 0.502001
10.300000 0.495701
10.310000 0.470491
10.320000 0.436581
10.330000 0.435767
10.340000 0.513938
10.350000 0.650648
10.360000 0.816814
10.370000 1.013762
10.380000 1.145409
10.390000 1.059405
10.400000 0.784187
10.410000 0.411504
10.420000 0.365934
10.430000 0.679093
10.440000 0.534021
10.450000 0.414915
10.460000 0.589827
10.470000 0.244365
10.480000 0.338714
10.490000 1.226561
10.500000 0.923858
10.510000 0.737947
10.520000 0.221487
10.530000 0.164008
10.540000 0.104172
10.550000 0.681886
10.560000 0.324343
10.570000 0.295588
10.580000 0.454315
10.590000 0.405402
10.600000 0.286495
10.610000 0.194522
10.620000 0.129919
10.630000 0.150936
10.640000 0.081146
10.650000 0.294862
10.660000 0.505174
10.670000 0.455610
10.680000 0.565290
10.690000 0.731632
10.700000 0.608310
10.710000 0.259645
10.720000 0.957660
10.730000 0.197955
10.740000 0.289326
10.750000 0.765752
10.760000 0.279468
10.770000 0.442631
10.780000 0.446054
10.790000 0.381842
10.800000 0.277573
10.810000 0.837354
10.820000 0.861764
10.830000 0.610135
10.840000 0.723749
10.850000 0.771256
10.860000 0.707319
10.870000 0.389891
10.880000 0.373596
10.890000 0.403745
10.900000 0.311224
10.910000 0.422072
10.920000 0.197673
10.930000 0.328412
10.940000 0.093707
10.950000 0.120019
10.960000 0.269086
10.970000 0.348235
10.980000 0.647343
10.990000 0.870263
11.000000 0.875149
11.010000 0.773575
11.020000 0.674873
11.030000 0.596209
11.040000 0.458989
11.050000 0.412201
11.060000 0.676816
11.070000 1.049814
11.080000 1.440123
11.090000 1.779670
11.100000 1.889505
11.110000 1.556999
11.120000 0.971488
11.130000 0.756342
11.140000 0.618589
11.150000 0.705574
11.160000 0.677783
11.170000 0.627480
11.180000 0.518105
11.190000 0.664823
11.200000 0.988581
11.210000 1.210308
11.220000 0.950651
11.230000 0.542507
11.240000 0.374958
11.250000 0.608968
11.260000 0.609547
11.270000 0.449542
11.280000 0.363849
11.290000 0.604818
11.300000 0.728787
11.310000 0.614168
11.320000 0.515896
11.330000 0.578571
11.340000 0.353372
11.350000 0.361190
11.360000 0.416319
11.370000 0.437867
11.380000 0.458451
11.390000 0.401296
11.400000 0.189846
11.410000 0.368042
11.420000 0.482034
11.430000 0.796311
11.440000 0.812147
11.450000 0.515195
11.460000 0.529108
11.470000 0.348169
11.480000 0.403783
11.490000 0.331738
11.500000 0.906425
11.510000 0.972779
11.520000 0.400256
11.530000 0.444841
11.540000 0.335609
11.550000 0.551235
11.560000 0.399086
11.570000 0.417400
11.580000 0.208641
11.590000 0.313134
11.600000 0.560728
11.610000 0.620527
11.620000 0.487891
11.630000 0.345397
11.640000 0.149873
11.650000 0.188227
11.660000 0.087971
11.670000 0.093621
11.680000 0.109004
11.690000 0.133979
11.700000 0.308126
11.710000 0.352199
11.720000 0.290733
11.730000 0.186134
11.740000 0.092843
11.750000 0.170065
11.760000 0.299025
11.770000 0.441893
11.780000 0.626295
11.790000 0.729024
11.800000 0.816619
11.810000 0.971707
11.820000 0.858295
11.830000 0.696843
11.840000 0.650224
11.850000 0.771626
11.860000 1.144351
11.870000 1.095554
11.880000 0.488347
11.890000 1.065825
11.900000 0.957389
11.910000 0.583260
11.920000 0.329880
11.930000 0.456581
11.940000 0.492476
11.950000 0.450584
11.960000 0.236772
11.970000 0.653245
11.980000 0.892384
11.990000 0.528814
12.000000 0.272224
12.010000 0.596606
12.020000 0.304199
12.030000 0.396724
12.040000 0.245436
12.050000 0.235418
12.060000 0.091480
12.070000 0.174298
12.080000 0.064103
12.090000 0.142056
12.100000 0.258616
12.110000 0.238037
12.120000 0.315879
12.130000 0.334172
12.140000 0.561975
12.150000 0.427010
12.160000 0.153009
12.170000 0.211037
12.180000 0.162691
12.190000 0.397661
12.200000 0.390376
12.210000 0.574718
12.220000 0.891031
12.230000 0.757772
12.240000 0.627149
12.250000 0.611524
12.260000 0.303783
12.270000 0.367595
12.280000 0.267490
12.290000 0.399494
12.300000 0.285406
12.310000 0.417157
12.320000 0.255985
12.330000 0.381105
12.340000 0.196558
12.350000 0.307813
12.360000 0.212580
12.370000 0.099381
12.380000 0.230353
12.390000 0.660285
12.400000 0.609295
12.410000 0.389512
12.420000 0.353788
12.430000 0.466307
12.440000 0.324121
12.450000 0.404681
12.460000 0.493911
12.470000 0.563581
12.480000 0.578745
12.490000 0.564229
12.500000 0.520305
12.510000 0.425771
12.520000 0.281800
12.530000 0.138503
12.540000 0.200324
12.550000 0.393340
12.560000 0.597218
12.570000 0.789043
12.580000 0.950904
12.590000 1.064791
12.600000 1.119850
12.610000 1.116831
12.620000 1.066157
12.630000 0.982992
12.640000 0.882176
12.650000 0.775570
12.660000 0.671738
12.670000 0.579415
12.680000 0.514013
12.690000 0.499707
12.700000 0.550703
12.710000 0.652492
12.720000 0.782523
12.730000 0.936976
12.740000 1.131709
12.750000 1.372664
12.760000 1.617261
12.770000 1.770735
12.780000 1.731946
12.790000 1.468098
12.800000 1.085100
12.810000 0.886878
12.820000 1.035767
12.830000 1.255626
12.840000 1.420867
12.850000 1.185701
12.860000 0.952041
12.870000 0.864943
12.880000 0.520055
12.890000 0.626288
12.900000 1.362793
12.910000 2.160967
12.920000 1.490370
12.930000 0.273216
12.940000 0.936169
12.950000 1.348360
12.960000 1.398884
12.970000 1.110487
12.980000 0.562101
12.990000 0.584594
13.000000 1.178207
13.010000 1.060094
13.020000 0.407728
13.030000 0.216173
13.040000 0.282738
13.050000 0.308439
13.060000 0.312459
13.070000 0.239812
13.080000 0.545266
13.090000 0.887945
13.100000 1.203452
13.110000 0.744810
13.120000 0.744850
13.130000 1.503102
13.140000 1.100569
13.150000 0.310303
13.160000 0.895987
13.170000 0.434478
13.180000 0.468939
13.190000 0.855221
13.200000 0.504295
13.210000 0.093659
13.220000 0.390970
13.230000 0.622715
13.240000 0.857413
13.250000 1.244203
13.260000 1.228708
13.270000 1.237964
13.280000 0.554818
13.290000 0.848088
13.300000 0.801778
13.310000 0.498289
13.320000 0.333350
13.330000 0.760570
13.340000 0.474437
13.350000 0.499476
13.360000 1.294874
13.370000 1.249233
13.380000 1.702779
13.390000 2.125768
13.400000 1.998660
13.410000 1.632884
13.420000 1.341305
13.430000 1.380447
13.440000 1.581392
13.450000 1.701339
13.460000 1.893052
13.470000 2.035900
13.480000 2.159949
13.490000 2.099622
13.500000 1.983045
13.510000 2.398548
13.520000 3.389505
13.530000 4.123647
13.540000 4.290024
13.550000 4.197316
13.560000 3.718996
13.570000 3.056337
13.580000 2.399883
13.590000 1.876099
13.600000 1.756612
13.610000 2.096251
13.620000 2.334559
13.630000 2.464943
13.640000 2.411267
13.650000 1.878754
13.660000 1.624880
13.670000 1.557743
13.680000 1.413336
13.690000 1.187166
13.700000 1.032487
13.710000 0.763750
13.720000 0.979374
13.730000 1.170961
13.740000 0.917357
13.750000 0.450123
13.760000 0.169998
13.770000 0.232826
13.780000 0.318499
13.790000 0.858368
13.800000 0.996522
13.810000 1.332054
13.820000 1.280716
13.830000 0.871657
13.840000 0.671694
13.850000 1.078878
13.860000 1.283753
13.870000 0.837666
13.880000 0.791506
13.890000 1.169961
13.900000 0.598551
13.910000 0.414701
13.920000 0.450926
13.930000 0.340202
13.940000 0.295703
13.950000 0.386896
13.960000 0.309635
13.970000 0.529136
13.980000 0.579382
13.990000 0.429871
14.000000 0.585213
14.010000 0.356371
14.020000 0.387275
14.030000 0.476239
14.040000 0.493743
14.050000 0.587684
14.060000 0.463423
14.070000 0.508302
14.080000 0.734314
14.090000 0.808316
14.100000 0.673173
14.110000 0.361694
14.120000 0.239592
14.130000 0.763159
14.140000 0.865251
14.150000 0.339138
14.160000 0.648750
14.170000 1.157327
14.180000 1.294696
14.190000 1.043399
14.200000 0.818962
14.210000 0.687635
14.220000 0.827476
14.230000 1.090285
14.240000 1.255475
14.250000 1.461269
14.260000 1.299859
14.270000 1.022993
14.280000 1.022913
14.290000 0.531416
14.300000 0.492364
14.310000 0.783779
14.320000 0.844652
14.330000 0.793700
14.340000 0.887433
14.350000 0.825806
14.360000 0.921329
14.370000 0.833399
14.380000 0.738522
14.390000 0.673820
14.400000 0.464141
14.410000 0.687082
14.420000 0.748760
14.430000 0.738789
14.440000 0.611507
14.450000 0.689969
14.460000 0.729019
14.470000 0.734311
14.480000 0.825513
14.490000 0.679449
14.500000 0.734711
14.510000 0.925329
14.520000 1.234265
14.530000 0.795186
14.540000 0.628265
14.550000 0.900736
14.560000 0.360133
14.570000 0.318155
14.580000 0.349450
14.590000 0.249877
14.600000 0.365105
14.610000 0.316359
14.620000 0.206245
14.630000 0.381934
14.640000 0.556595
14.650000 0.640598
14.660000 0.518199
14.670000 0.267973
14.680000 0.242734
14.690000 0.259476
14.700000 0.449881
14.710000 0.524763
14.720000 0.249150
14.730000 0.356108
14.740000 0.538399
14.750000 0.644326
14.760000 0.598367
14.770000 0.377078
14.780000 0.120550
14.790000 0.616046
14.800000 1.141681
14.810000 1.285890
14.820000 0.689990
14.830000 0.284359
14.840000 1.034919
14.850000 1.414026
14.860000 1.339815
14.870000 1.221513
14.880000 1.058514
14.890000 0.861156
14.900000 0.795641
14.910000 0.918623
14.920000 1.096716
14.930000 0.978837
14.940000 1.155511
14.950000 0.713767
14.960000 0.627096
14.970000 0.682002
14.980000 0.842904
14.990000 0.885475
15.000000 0.768689
15.010000 0.691792
15.020000 0.469354
15.030000 0.539977
15.040000 0.691118
15.050000 0.935246
15.060000 0.804946
15.070000 0.730922
15.080000 0.576520
15.090000 0.328270
15.100000 0.605290
15.110000 0.355530
15.120000 0.367424
15.130000 0.415315
15.140000 0.478940
15.150000 0.672196
15.160000 0.557524
15.170000 0.617912
15.180000 0.651816
15.190000 0.655493
15.200000 0.611949
15.210000 0.405117
15.220000 0.537421
15.230000 0.760057
15.240000 0.152777
15.250000 0.232604
15.260000 0.258723
15.270000 0.412068
15.280000 0.198018
15.290000 0.103523
15.300000 0.143204
15.310000 0.318513
15.320000 0.468907
15.330000 0.240283
15.340000 0.329272
15.350000 0.249813
15.360000 0.108002
15.370000 0.339627
15.380000 0.477814
15.390000 0.230364
15.400000 0.150805
15.410000 0.115756
15.420000 0.070963
15.430000 0.141162
15.440000 0.255872
15.450000 0.303849
15.460000 0.238303
15.470000 0.404676
15.480000 0.862555
15.490000 1.283351
15.500000 1.397979
15.510000 1.033376
15.520000 0.552284
15.530000 0.403341
15.540000 0.959568
15.550000 1.228097
15.560000 1.343988
15.570000 1.275032
15.580000 0.964824
15.590000 0.795141
15.600000 0.659438
15.610000 0.343710
15.620000 0.659778
15.630000 0.421988
15.640000 0.844160
15.650000 1.151352
15.660000 1.188730
15.670000 1.154973
15.680000 0.855775
15.690000 0.667693
15.700000 0.557463
15.710000 0.343939
15.720000 0.232940
15.730000 0.224651
15.740000 0.184208
15.750000 0.229479
15.760000 0.509553
15.770000 0.668436
15.780000 0.591706
15.790000 0.315657
15.800000 0.321206
15.810000 0.115720
15.820000 0.062691
15.830000 0.518802
15.840000 0.566453
15.850000 0.693495
15.860000 0.527610
15.870000 0.640449
15.880000 0.490418
15.890000 0.317712
15.900000 0.403100
15.910000 0.527084
15.920000 0.960085
15.930000 0.742411
15.940000 0.403484
15.950000 0.471925
15.960000 0.381620
15.970000 0.418719
15.980000 0.418187
15.990000 0.340967
16.000000 0.186336
16.010000 0.431306
16.020000 0.632959
16.030000 0.542960
16.040000 0.383468
16.050000 0.266879
16.060000 0.078822
16.070000 0.155433
16.080000 0.186360
16.090000 0.151312
16.100000 0.107706
16.110000 0.203170
16.120000 0.339105
16.130000 0.370139
16.140000 0.334835
16.150000 0.283536
16.160000 0.292137
16.170000 0.319189
16.180000 0.379631
16.190000 0.554874
16.200000 0.692511
16.210000 0.803190
16.220000 0.979007
16.230000 0.872894
16.240000 0.705291
16.250000 0.627618
16.260000 0.727243
16.270000 1.019833
16.280000 0.899354
16.290000 0.726788
16.300000 1.169055
16.310000 1.028820
16.320000 0.670906
16.330000 0.369941
16.340000 0.570193
16.350000 0.495861
16.360000 0.431864
16.370000 0.311049
16.380000 0.755834
16.390000 1.024372
16.400000 0.709577
16.410000 0.276746
16.420000 0.484431
16.430000 0.295367
16.440000 0.406393
16.450000 0.259511
16.460000 0.228106
16.470000 0.119567
16.480000 0.158045
16.490000 0.069094
16.500000 0.124339
16.510000 0.203469
16.520000 0.049163
16.530000 0.412258
16.540000 0.183866
16.550000 0.526042
16.560000 0.329593
16.570000 0.134784
16.580000 0.330288
16.590000 0.235576
16.600000 0.437822
16.610000 0.276360
16.620000 0.525364
16.630000 0.843406
16.640000 0.665454
16.650000 0.462642
16.660000 0.673898
16.670000 0.277105
16.680000 0.390732
16.690000 0.303562
16.700000 0.489508
16.710000 0.359517
16.720000 0.357564
16.730000 0.264291
16.740000 0.415664
16.750000 0.141255
16.760000 0.266549
16.770000 0.176180
16.780000 0.145781
16.790000 0.353824
16.800000 0.638091
16.810000 0.496008
16.820000 0.305180
16.830000 0.365213
16.840000 0.525187
16.850000 0.410705
16.860000 0.459525
16.870000 0.526505
16.880000 0.579896
16.890000 0.573128
16.900000 0.512524
16.910000 0.414500
16.920000 0.272873
16.930000 0.094882
16.940000 0.152230
16.950000 0.383842
16.960000 0.626191
16.970000 0.859792
16.980000 1.055210
16.990000 1.184046
17.000000 1.239088
17.010000 1.237110
17.020000 1.204210
17.030000 1.161129
17.040000 1.118764
17.050000 1.080693
17.060000 1.046889
17.070000 1.015228
17.080000 0.979979
17.090000 0.927432
17.100000 0.830769
17.110000 0.654001
17.120000 0.391507
17.130000 0.321983
17.140000 0.730319
17.150000 1.212083
17.160000 1.640312
17.170000 1.981179
17.180000 2.228849
17.190000 2.407459
17.200000 2.576698
17.210000 2.712306
17.220000 2.610607
17.230000 2.069584
17.240000 1.111278
17.250000 0.671427
17.260000 1.452916
17.270000 2.391822
17.280000 2.977276
17.290000 3.673641
17.300000 2.520816
17.310000 1.889111
17.320000 1.603708
17.330000 1.165534
17.340000 0.510187
17.350000 0.721122
17.360000 1.277031
17.370000 0.822575
17.380000 0.781366
17.390000 0.220024
17.400000 0.190669
17.410000 0.127891
17.420000 0.294239
17.430000 0.216415
17.440000 0.171079
17.450000 0.446582
17.460000 0.586999
17.470000 0.333210
17.480000 0.561502
17.490000 0.462443
17.500000 1.076518
17.510000 1.832564
17.520000 2.149103
17.530000 1.503986
17.540000 0.785515
17.550000 1.432729
17.560000 1.812839
17.570000 0.950570
17.580000 0.525865
17.590000 0.568478
17.600000 1.490920
17.610000 0.908092
17.620000 0.396543
17.630000 1.122719
17.640000 1.125399
17.650000 0.881607
17.660000 0.447071
17.670000 0.897867
17.680000 0.453811
17.690000 0.556905
17.700000 0.998715
17.710000 0.777803
17.720000 0.154324
17.730000 0.839457
17.740000 0.974314
17.750000 0.567267
17.760000 0.245408
17.770000 0.483990
17.780000 0.498476
17.790000 0.823787
17.800000 1.741159
17.810000 1.460958
17.820000 0.601226
17.830000 0.528147
17.840000 1.141413
17.850000 1.519161
17.860000 1.467716
17.870000 1.216706
17.880000 0.991101
17.890000 0.808147
17.900000 0.680918
17.910000 0.934822
17.920000 1.099716
17.930000 1.204737
17.940000 1.457089
17.950000 1.646937
17.960000 1.527451
17.970000 1.419762
17.980000 1.573479
17.990000 1.866080
18.000000 2.814286
18.010000 2.841445
18.020000 2.439724
18.030000 2.255653
18.040000 1.736382
18.050000 1.205759
18.060000 1.423646
18.070000 1.250928
18.080000 0.986066
18.090000 0.782445
18.100000 0.651905
18.110000 0.620499
18.120000 0.497407
18.130000 0.470483
18.140000 0.539826
18.150000 0.838499
18.160000 0.987681
18.170000 1.149718
18.180000 1.504161
18.190000 1.039615
18.200000 1.245928
18.210000 0.866770
18.220000 0.181807
18.230000 0.756791
18.240000 0.544828
18.250000 0.467777
18.260000 0.708334
18.270000 0.826326
18.280000 0.558296
18.290000 0.493972
18.300000 0.833471
18.310000 0.503564
18.320000 0.236556
18.330000 0.313015
18.340000 0.146838
18.350000 0.268502
18.360000 0.350341
18.370000 0.285885
18.380000 0.321052
18.390000 0.205865
18.400000 0.116392
18.410000 0.082222
18.420000 0.244916
18.430000 0.423444
18.440000 0.502851
18.450000 0.582791
18.460000 0.631599
18.470000 0.573451
18.480000 0.430852
18.490000 0.351772
18.500000 0.261790
18.510000 0.445827
18.520000 0.669939
18.530000 0.620740
18.540000 0.389551
18.550000 0.330511
18.560000 0.602935
18.570000 0.777089
18.580000 0.742510
18.590000 0.631797
18.600000 0.302767
18.610000 0.313021
18.620000 0.916267
18.630000 1.515226
18.640000 1.955013
18.650000 2.208804
18.660000 1.604828
18.670000 1.687332
18.680000 1.772766
18.690000 1.735381
18.700000 1.996010
18.710000 1.389417
18.720000 1.103514
18.730000 1.279047
18.740000 1.486539
18.750000 1.333234
18.760000 0.944015
18.770000 0.718432
18.780000 0.609307
18.790000 0.389544
18.800000 0.439386
18.810000 0.556364
18.820000 0.670735
18.830000 1.340528
18.840000 1.309560
18.850000 1.177636
18.860000 0.555666
18.870000 0.714479
18.880000 0.166166
18.890000 0.998467
18.900000 0.357608
18.910000 0.220538
18.920000 0.437353
18.930000 0.743592
18.940000 0.409058
18.950000 0.505700
18.960000 0.594599
18.970000 0.483070
18.980000 0.262729
18.990000 0.297260
19.000000 0.391094
19.010000 0.717140
19.020000 0.665067
19.030000 0.144882
19.040000 0.111869
19.050000 0.112969
19.060000 0.066614
19.070000 0.312223
19.080000 0.481745
19.090000 0.325436
19.100000 0.305506
19.110000 0.346996
19.120000 0.334090
19.130000 0.356564
19.140000 0.573442
19.150000 0.733162
19.160000 0.728692
19.170000 0.667484
19.180000 0.473606
19.190000 0.311769
19.200000 0.442417
19.210000 0.398229
19.220000 0.375294
19.230000 0.685948
19.240000 1.000257
19.250000 1.004138
19.260000 0.764622
19.270000 0.596859
19.280000 0.238619
19.290000 0.462807
19.300000 0.958637
19.310000 1.511632
19.320000 1.969057
19.330000 1.476549
19.340000 1.118445
19.350000 0.979946
19.360000 1.599481
19.370000 1.336748
19.380000 1.631881
19.390000 0.725504
19.400000 0.970521
19.410000 1.073787
19.420000 0.736214
19.430000 0.498692
19.440000 0.573815
19.450000 1.127578
19.460000 1.728613
19.470000 0.892814
19.480000 0.204859
19.490000 0.582389
19.500000 0.281172
19.510000 0.467864
19.520000 1.461407
19.530000 0.439405
19.540000 0.407888
19.550000 0.767180
19.560000 0.191087
19.570000 0.930320
19.580000 0.086256
19.590000 0.273616
19.600000 0.364279
19.610000 0.483390
19.620000 0.415014
19.630000 0.395089
19.640000 0.477650
19.650000 0.261586
19.660000 0.334370
19.670000 0.270073
19.680000 0.267574
19.690000 0.299694
19.700000 0.545133
19.710000 0.349621
19.720000 0.154737
19.730000 0.063899
19.740000 0.176068
19.750000 0.574457
19.760000 0.647020
19.770000 0.530162
19.780000 0.531383
19.790000 0.435363
19.800000 0.445461
19.810000 0.551822
19.820000 0.555475
19.830000 0.519293
19.840000 0.557776
19.850000 0.621603
19.860000 0.618614
19.870000 0.603502
19.880000 0.538651
19.890000 0.483758
19.900000 0.675079
19.910000 0.729671
19.920000 0.563669
19.930000 0.655644
19.940000 0.914508
19.950000 1.006649
19.960000 0.772805
19.970000 0.673665
19.980000 0.386959
19.990000 0.430410
