0.000000 7.930460
0.010000 8.197214
0.020000 8.529438
0.030000 8.876651
0.040000 9.163124
0.050000 9.353778
0.060000 9.507702
0.070000 9.999973
0.080000 11.304769
0.090000 13.252867
0.100000 15.308950
0.110000 17.082005
0.120000 18.342930
0.130000 18.913742
0.140000 18.724195
0.150000 17.906485
0.160000 16.742928
0.170000 15.515868
0.180000 14.382306
0.190000 13.383317
0.200000 12.500779
0.210000 11.721462
0.220000 11.066974
0.230000 10.517720
0.240000 9.991355
0.250000 9.483464
0.260000 9.073848
0.270000 8.727116
0.280000 8.370189
0.290000 8.064890
0.300000 7.889547
0.310000 7.801011
0.320000 7.714541
0.330000 7.699566
0.340000 7.732037
0.350000 7.763915
0.360000 7.914296
0.370000 8.122871
0.380000 8.184628
0.390000 8.322042
0.400000 8.758465
0.410000 9.231984
0.420000 9.678991
0.430000 9.896758
0.440000 9.640669
0.450000 8.875592
0.460000 7.438142
0.470000 5.478528
0.480000 2.953441
0.490000 0.354699
0.500000 2.484582
0.510000 3.087337
0.520000 3.266709
0.530000 3.840804
0.540000 4.528223
0.550000 5.037189
0.560000 5.362585
0.570000 5.632515
0.580000 5.918884
0.590000 6.227578
0.600000 6.522869
0.610000 6.731616
0.620000 6.918830
0.630000 7.155467
0.640000 7.455182
0.650000 7.801106
0.660000 8.110863
0.670000 8.314175
0.680000 8.440075
0.690000 8.502193
0.700000 8.820804
0.710000 10.104079
0.720000 12.139420
0.730000 14.184184
0.740000 15.870431
0.750000 17.036148
0.760000 17.524271
0.770000 17.290035
0.780000 16.495102
0.790000 15.426247
0.800000 14.325830
0.810000 13.312181
0.820000 12.389142
0.830000 11.521097
0.840000 10.733425
0.850000 10.102921
0.860000 9.628622
0.870000 9.181726
0.880000 8.726824
0.890000 8.379172
0.900000 8.128202
0.910000 7.855469
0.920000 7.597200
0.930000 7.468466
0.940000 7.379516
0.950000 7.238633
0.960000 7.267380
0.970000 7.388761
0.980000 7.402622
0.990000 7.446705
1.000000 7.583286
1.010000 7.583143
1.020000 7.705015
1.030000 8.088120
1.040000 8.422720
1.050000 8.754763
1.060000 8.809772
1.070000 8.435678
1.080000 7.483438
1.090000 5.873578
1.100000 3.727840
1.110000 1.040747
1.120000 2.270838
1.130000 3.037240
1.140000 2.918407
1.150000 3.133974
1.160000 3.599483
1.170000 4.002792
1.180000 4.283017
1.190000 4.523150
1.200000 4.802445
1.210000 5.144797
1.220000 5.519278
1.230000 5.836828
1.240000 6.067847
1.250000 6.291615
1.260000 6.545879
1.270000 6.848316
1.280000 7.173589
1.290000 7.426420
1.300000 7.571031
1.310000 7.652628
1.320000 7.668216
1.330000 7.720660
1.340000 8.646218
1.350000 10.547176
1.360000 12.516207
1.370000 14.169477
1.380000 15.379171
1.390000 15.973309
1.400000 15.882130
1.410000 15.240908
1.420000 14.295420
1.430000 13.263564
1.440000 12.269927
1.450000 11.336654
1.460000 10.495510
1.470000 9.810512
1.480000 9.283302
1.490000 8.855778
1.500000 8.425591
1.510000 7.952336
1.520000 7.581177
1.530000 7.380374
1.540000 7.218073
1.550000 7.024650
1.560000 6.921645
1.570000 6.873091
1.580000 6.723023
1.590000 6.729885
1.600000 6.968061
1.610000 7.062745
1.620000 6.982872
1.630000 7.005816
1.640000 6.954256
1.650000 7.026491
1.660000 7.352334
1.670000 7.551125
1.680000 7.771293
1.690000 7.739139
1.700000 7.349319
1.710000 6.337248
1.720000 4.734616
1.730000 2.539192
1.740000 1.694880
1.750000 3.128434
1.760000 3.040096
1.770000 2.889218
1.780000 3.002844
1.790000 3.211060
1.800000 3.411587
1.810000 3.633410
1.820000 3.891992
1.830000 4.177080
1.840000 4.529746
1.850000 4.930456
1.860000 5.271069
1.870000 5.539004
1.880000 5.787712
1.890000 6.044425
1.900000 6.339295
1.910000 6.640503
1.920000 6.867226
1.930000 7.002461
1.940000 7.036407
1.950000 6.967116
1.960000 6.767525
1.970000 6.846229
1.980000 8.174795
1.990000 10.113605
2.000000 11.902741
2.010000 13.349181
2.020000 14.279307
2.030000 14.568220
2.040000 14.242893
2.050000 13.457577
2.060000 12.425314
2.070000 11.323114
2.080000 10.281094
2.090000 9.482808
2.100000 8.952136
2.110000 8.398388
2.120000 7.689891
2.130000 7.019114
2.140000 6.471171
2.150000 6.141723
2.160000 6.141151
2.170000 6.244545
2.180000 6.154989
2.190000 6.124596
2.200000 6.177109
2.210000 6.093056
2.220000 6.053272
2.230000 6.298159
2.240000 6.628094
2.250000 6.605255
2.260000 6.440585
2.270000 6.330328
2.280000 6.264568
2.290000 6.549926
2.300000 6.678406
2.310000 6.782393
2.320000 6.728643
2.330000 6.412108
2.340000 5.522873
2.350000 4.091628
2.360000 2.170965
2.370000 2.671015
2.380000 3.444058
2.390000 3.177613
2.400000 2.960475
2.410000 2.861349
2.420000 2.895567
2.430000 3.068935
2.440000 3.333504
2.450000 3.581763
2.460000 3.770514
2.470000 4.013175
2.480000 4.378696
2.490000 4.738507
2.500000 5.043594
2.510000 5.317672
2.520000 5.581213
2.530000 5.873950
2.540000 6.179221
2.550000 6.414643
2.560000 6.537727
2.570000 6.521510
2.580000 6.347977
2.590000 5.996685
2.600000 5.438144
2.610000 5.341599
2.620000 6.899060
2.630000 8.932197
2.640000 10.704604
2.650000 12.089133
2.660000 12.983988
2.670000 13.284436
2.680000 12.909042
2.690000 11.961654
2.700000 10.722092
2.710000 9.548565
2.720000 8.732635
2.730000 7.730717
2.740000 6.423031
2.750000 5.537959
2.760000 5.085382
2.770000 4.731339
2.780000 4.312636
2.790000 3.967985
2.800000 3.879223
2.810000 4.226275
2.820000 4.810170
2.830000 4.938724
2.840000 5.109946
2.850000 5.133739
2.860000 5.309887
2.870000 5.731927
2.880000 6.133758
2.890000 6.036313
2.900000 5.775725
2.910000 5.523897
2.920000 5.617980
2.930000 5.837198
2.940000 5.832392
2.950000 5.788540
2.960000 5.560229
2.970000 4.953406
2.980000 3.845301
2.990000 2.395597
3.000000 3.085955
3.010000 3.559320
3.020000 3.171669
3.030000 2.817586
3.040000 2.572732
3.050000 2.505808
3.060000 2.699871
3.070000 3.070679
3.080000 3.378124
3.090000 3.523375
3.100000 3.589035
3.110000 3.814121
3.120000 4.160889
3.130000 4.489265
3.140000 4.788512
3.150000 5.075181
3.160000 5.383911
3.170000 5.721895
3.180000 5.971972
3.190000 6.057733
3.200000 6.013710
3.210000 5.848703
3.220000 5.460150
3.230000 4.881460
3.240000 4.169317
3.250000 3.602134
3.260000 5.097774
3.270000 7.266665
3.280000 9.095456
3.290000 10.546704
3.300000 11.610029
3.310000 12.120677
3.320000 11.825117
3.330000 10.736819
3.340000 9.415628
3.350000 8.229676
3.360000 6.396906
3.370000 4.851917
3.380000 4.110959
3.390000 3.936432
3.400000 4.045166
3.410000 4.087798
3.420000 3.712718
3.430000 3.022227
3.440000 2.284561
3.450000 1.795936
3.460000 2.106505
3.470000 3.442886
3.480000 3.544180
3.490000 3.835592
3.500000 4.260974
3.510000 4.833083
3.520000 5.428589
3.530000 5.438038
3.540000 5.059986
3.550000 4.709119
3.560000 4.858594
3.570000 4.971811
3.580000 4.942788
3.590000 4.750933
3.600000 4.402858
3.610000 3.725664
3.620000 2.873723
3.630000 2.901330
3.640000 3.524239
3.650000 2.997272
3.660000 2.513255
3.670000 2.155890
3.680000 1.982940
3.690000 2.040646
3.700000 2.355807
3.710000 2.703401
3.720000 2.920866
3.730000 3.024640
3.740000 3.092311
3.750000 3.337233
3.760000 3.702822
3.770000 4.069577
3.780000 4.408286
3.790000 4.746753
3.800000 5.145312
3.810000 5.471123
3.820000 5.554983
3.830000 5.523763
3.840000 5.460882
3.850000 5.208575
3.860000 4.729770
3.870000 4.160940
3.880000 3.596292
3.890000 2.670933
3.900000 2.699382
3.910000 4.994116
3.920000 7.032498
3.930000 8.652008
3.940000 9.929881
3.950000 10.717550
3.960000 10.738947
3.970000 9.939619
3.980000 8.632257
3.990000 6.386003
4.000000 4.523961
4.010000 3.772234
4.020000 3.922697
4.030000 4.380281
4.040000 4.777529
4.050000 4.903025
4.060000 4.517632
4.070000 3.778689
4.080000 2.935393
4.090000 1.951502
4.100000 0.838296
4.110000 0.696621
4.120000 2.445307
4.130000 2.229668
4.140000 2.574144
4.150000 3.389794
4.160000 4.242624
4.170000 4.769838
4.180000 4.498629
4.190000 4.006940
4.200000 3.970238
4.210000 4.123474
4.220000 4.062541
4.230000 3.883318
4.240000 3.435883
4.250000 3.048220
4.260000 2.877284
4.270000 3.168415
4.280000 3.033636
4.290000 2.367812
4.300000 1.727047
4.310000 1.424955
4.320000 1.279182
4.330000 1.338042
4.340000 1.677839
4.350000 1.933214
4.360000 2.027750
4.370000 2.112957
4.380000 2.219151
4.390000 2.439160
4.400000 2.759705
4.410000 3.146999
4.420000 3.613719
4.430000 4.137096
4.440000 4.682621
4.450000 4.981379
4.460000 5.037312
4.470000 5.071767
4.480000 5.030743
4.490000 4.776220
4.500000 4.395838
4.510000 3.950359
4.520000 3.460433
4.530000 3.005665
4.540000 2.162839
4.550000 1.600641
4.560000 3.904914
4.570000 5.819633
4.580000 7.378268
4.590000 8.551607
4.600000 9.082217
4.610000 8.937459
4.620000 7.752658
4.630000 5.527548
4.640000 3.951777
4.650000 3.866473
4.660000 4.651474
4.670000 5.470678
4.680000 5.942686
4.690000 5.829345
4.700000 5.043250
4.710000 3.967086
4.720000 3.041888
4.730000 2.233645
4.740000 1.559390
4.750000 1.253218
4.760000 1.497438
4.770000 2.261471
4.780000 3.059678
4.790000 1.576071
4.800000 1.985423
4.810000 3.146988
4.820000 3.995193
4.830000 3.786578
4.840000 3.175553
4.850000 3.162207
4.860000 3.161601
4.870000 3.140378
4.880000 2.903671
4.890000 2.558423
4.900000 2.801761
4.910000 2.679430
4.920000 2.890685
4.930000 1.977263
4.940000 1.051552
4.950000 0.728263
4.960000 0.615836
4.970000 0.468025
4.980000 0.711139
4.990000 1.098549
5.000000 1.201580
5.010000 1.204544
5.020000 1.313707
5.030000 1.493375
5.040000 1.602644
5.050000 1.860559
5.060000 2.203646
5.070000 2.714600
5.080000 3.436716
5.090000 4.019796
5.100000 4.330934
5.110000 4.569076
5.120000 4.686172
5.130000 4.554763
5.140000 4.326148
5.150000 4.055468
5.160000 3.732339
5.170000 3.342767
5.180000 2.872857
5.190000 2.651497
5.200000 1.967997
5.210000 1.851212
5.220000 3.674359
5.230000 5.310818
5.240000 6.659886
5.250000 7.437216
5.260000 7.466360
5.270000 5.558908
5.280000 3.812850
5.290000 3.314256
5.300000 4.379177
5.310000 5.724508
5.320000 6.510571
5.330000 6.333269
5.340000 5.443300
5.350000 4.016858
5.360000 2.553072
5.370000 1.495902
5.380000 0.622503
5.390000 0.350964
5.400000 0.805963
5.410000 1.323731
5.420000 1.919577
5.430000 2.654891
5.440000 3.700883
5.450000 2.215573
5.460000 0.876314
5.470000 2.363961
5.480000 3.329787
5.490000 2.829541
5.500000 2.236983
5.510000 2.118259
5.520000 1.888133
5.530000 1.895772
5.540000 1.953777
5.550000 2.234567
5.560000 2.254790
5.570000 2.488888
5.580000 1.444669
5.590000 0.333210
5.600000 0.680872
5.610000 0.750568
5.620000 0.782299
5.630000 0.334947
5.640000 0.357993
5.650000 0.704967
5.660000 0.907465
5.670000 1.120477
5.680000 1.408780
5.690000 1.205836
5.700000 0.953834
5.710000 1.123312
5.720000 1.493134
5.730000 2.078120
5.740000 2.524846
5.750000 2.978198
5.760000 3.585320
5.770000 4.020474
5.780000 4.143132
5.790000 4.152369
5.800000 4.085773
5.810000 3.906105
5.820000 3.571269
5.830000 3.153399
5.840000 2.754182
5.850000 2.658937
5.860000 3.346423
5.870000 3.215704
5.880000 3.487765
5.890000 4.661647
5.900000 5.809477
5.910000 6.822924
5.920000 5.733571
5.930000 3.708313
5.940000 2.779760
5.950000 3.702506
5.960000 5.293017
5.970000 6.540029
5.980000 6.583823
5.990000 5.420454
6.000000 3.615620
6.010000 1.833310
6.020000 1.835549
6.030000 2.316213
6.040000 2.219011
6.050000 1.954264
6.060000 1.922124
6.070000 1.958868
6.080000 1.919356
6.090000 2.227494
6.100000 2.708886
6.110000 3.517945
6.120000 2.736567
6.130000 1.105708
6.140000 1.390185
6.150000 2.619496
6.160000 2.008257
6.170000 1.452348
6.180000 0.955010
6.190000 1.064977
6.200000 1.645342
6.210000 1.778840
6.220000 2.418308
6.230000 2.283118
6.240000 0.989455
6.250000 0.719323
6.260000 1.322730
6.270000 1.472555
6.280000 1.620334
6.290000 1.101693
6.300000 0.620835
6.310000 0.689871
6.320000 0.956386
6.330000 1.324097
6.340000 1.688317
6.350000 1.643152
6.360000 1.038343
6.370000 0.765289
6.380000 0.868331
6.390000 1.012753
6.400000 1.098075
6.410000 1.367285
6.420000 1.875810
6.430000 2.349768
6.440000 2.854068
6.450000 3.406121
6.460000 3.836579
6.470000 3.968461
6.480000 3.790635
6.490000 3.377630
6.500000 2.859820
6.510000 2.446361
6.520000 2.294673
6.530000 2.699498
6.540000 3.950179
6.550000 4.680885
6.560000 5.218394
6.570000 6.219221
6.580000 7.109349
6.590000 5.348380
6.600000 3.226166
6.610000 2.097096
6.620000 3.374120
6.630000 5.136420
6.640000 6.232539
6.650000 5.702837
6.660000 3.916041
6.670000 1.510574
6.680000 1.862048
6.690000 2.994658
6.700000 3.484451
6.710000 3.133755
6.720000 2.133408
6.730000 1.553930
6.740000 1.394530
6.750000 1.460440
6.760000 1.522685
6.770000 1.823907
6.780000 1.952356
6.790000 2.567953
6.800000 3.639926
6.810000 2.485662
6.820000 1.063328
6.830000 1.680764
6.840000 2.026608
6.850000 1.327285
6.860000 0.834022
6.870000 1.543132
6.880000 1.757607
6.890000 1.956611
6.900000 2.662921
6.910000 1.433755
6.920000 0.666135
6.930000 1.333693
6.940000 1.647871
6.950000 2.075054
6.960000 2.285299
6.970000 1.639041
6.980000 1.312009
6.990000 1.260101
7.000000 1.313384
7.010000 1.636745
7.020000 2.052515
7.030000 1.757793
7.040000 1.148442
7.050000 0.928068
7.060000 0.802739
7.070000 0.824550
7.080000 1.169205
7.090000 1.386397
7.100000 1.431798
7.110000 1.383874
7.120000 1.372330
7.130000 1.690980
7.140000 2.247327
7.150000 2.754119
7.160000 3.122624
7.170000 3.295951
7.180000 3.258295
7.190000 3.039984
7.200000 2.662341
7.210000 2.185511
7.220000 1.802091
7.230000 2.042845
7.240000 3.299305
7.250000 5.152719
7.260000 6.446319
7.270000 8.136032
7.280000 7.298697
7.290000 4.481243
7.300000 2.509251
7.310000 1.462802
7.320000 3.069487
7.330000 4.571022
7.340000 4.602875
7.350000 2.877242
7.360000 1.070870
7.370000 2.450898
7.380000 3.010513
7.390000 2.870448
7.400000 2.599611
7.410000 2.245877
7.420000 1.709947
7.430000 0.797005
7.440000 0.333155
7.450000 0.397433
7.460000 0.762464
7.470000 1.107364
7.480000 1.275283
7.490000 1.285848
7.500000 1.904752
7.510000 2.554229
7.520000 2.699177
7.530000 1.922161
7.540000 0.867671
7.550000 2.409439
7.560000 1.599028
7.570000 1.045152
7.580000 2.007091
7.590000 2.402428
7.600000 2.148578
7.610000 1.319178
7.620000 0.739142
7.630000 0.625591
7.640000 1.016540
7.650000 1.793176
7.660000 2.825228
7.670000 2.546706
7.680000 2.271579
7.690000 2.122536
7.700000 1.941765
7.710000 1.734614
7.720000 1.670920
7.730000 1.681953
7.740000 1.080120
7.750000 0.725306
7.760000 0.614784
7.770000 0.735045
7.780000 1.044274
7.790000 1.453632
7.800000 1.891861
7.810000 2.146261
7.820000 2.064298
7.830000 1.738588
7.840000 1.372002
7.850000 0.912508
7.860000 0.560320
7.870000 0.786510
7.880000 1.289035
7.890000 1.784240
7.900000 2.226619
7.910000 2.608993
7.920000 2.920484
7.930000 3.125187
7.940000 3.154690
7.950000 2.999238
7.960000 2.787374
7.970000 2.605765
7.980000 2.463744
7.990000 2.634143
8.000000 3.553401
8.010000 5.465558
8.020000 7.734365
8.030000 7.211690
8.040000 5.908447
8.050000 4.242401
8.060000 2.432963
8.070000 0.876401
8.080000 0.720068
8.090000 1.309963
8.100000 1.867021
8.110000 1.179186
8.120000 2.127495
8.130000 3.351506
8.140000 3.913423
8.150000 4.383137
8.160000 4.110015
8.170000 3.364888
8.180000 2.400292
8.190000 0.902245
8.200000 0.600506
8.210000 0.996759
8.220000 1.076503
8.230000 1.065652
8.240000 1.115662
8.250000 1.327466
8.260000 1.657955
8.270000 1.896590
8.280000 1.747313
8.290000 2.200593
8.300000 2.049171
8.310000 1.441310
8.320000 2.135864
8.330000 2.556593
8.340000 1.206171
8.350000 2.214063
8.360000 3.026561
8.370000 2.620152
8.380000 0.775294
8.390000 0.559462
8.400000 0.568885
8.410000 0.520881
8.420000 1.526848
8.430000 2.468444
8.440000 2.740083
8.450000 2.379897
8.460000 1.980444
8.470000 1.590299
8.480000 1.035823
8.490000 0.638926
8.500000 0.642381
8.510000 1.003004
8.520000 1.202691
8.530000 1.222124
8.540000 1.399245
8.550000 1.717568
8.560000 1.905587
8.570000 1.957000
8.580000 1.959748
8.590000 1.878738
8.600000 1.520122
8.610000 1.210013
8.620000 1.001862
8.630000 0.837605
8.640000 0.677789
8.650000 0.534023
8.660000 0.429149
8.670000 0.362644
8.680000 0.339020
8.690000 0.378527
8.700000 0.485547
8.710000 0.641199
8.720000 0.826987
8.730000 1.035960
8.740000 1.277791
8.750000 1.576082
8.760000 1.941689
8.770000 2.419689
8.780000 3.029006
8.790000 3.699514
8.800000 4.566948
8.810000 5.386837
8.820000 5.927212
8.830000 5.912920
8.840000 5.143961
8.850000 3.978787
8.860000 2.905354
8.870000 1.996244
8.880000 1.887552
8.890000 1.829087
8.900000 1.355349
8.910000 1.035237
8.920000 0.805480
8.930000 0.850307
8.940000 1.336613
8.950000 1.576308
8.960000 1.996927
8.970000 2.495015
8.980000 3.162711
8.990000 3.537572
9.000000 3.803089
9.010000 3.842666
9.020000 3.701591
9.030000 3.202011
9.040000 2.355263
9.050000 1.456502
9.060000 1.102837
9.070000 1.201644
9.080000 0.935281
9.090000 0.685422
9.100000 0.956800
9.110000 1.709289
9.120000 0.579232
9.130000 0.607192
9.140000 1.330355
9.150000 1.694596
9.160000 1.404988
9.170000 2.028192
9.180000 1.069256
9.190000 0.833094
9.200000 0.974561
9.210000 0.824665
9.220000 0.666542
9.230000 0.680385
9.240000 1.184396
9.250000 0.718663
9.260000 0.327837
9.270000 0.568404
9.280000 0.549335
9.290000 0.776068
9.300000 0.808713
9.310000 0.597618
9.320000 0.674112
9.330000 0.644083
9.340000 0.126232
9.350000 0.361423
9.360000 0.653235
9.370000 1.218320
9.380000 1.504008
9.390000 1.269209
9.400000 1.294691
9.410000 1.467554
9.420000 1.552105
9.430000 1.663432
9.440000 1.657992
9.450000 1.355540
9.460000 1.087517
9.470000 1.103008
9.480000 1.242829
9.490000 1.345237
9.500000 1.491148
9.510000 1.527312
9.520000 1.440315
9.530000 2.027299
9.540000 3.372292
9.550000 5.157527
9.560000 7.038949
9.570000 7.779027
9.580000 5.998147
9.590000 3.863925
9.600000 1.831430
9.610000 1.022183
9.620000 2.483227
9.630000 3.788153
9.640000 3.736798
9.650000 2.140226
9.660000 2.306010
9.670000 3.933237
9.680000 4.517291
9.690000 4.030733
9.700000 3.904623
9.710000 3.593195
9.720000 3.020850
9.730000 2.468912
9.740000 1.558753
9.750000 0.660257
9.760000 0.481083
9.770000 0.808288
9.780000 1.043033
9.790000 1.265949
9.800000 1.419156
9.810000 1.560660
9.820000 2.109201
9.830000 2.851224
9.840000 2.104756
9.850000 0.391538
9.860000 2.630882
9.870000 1.861651
9.880000 1.106550
9.890000 2.173204
9.900000 2.767620
9.910000 2.436035
9.920000 1.117505
9.930000 0.788016
9.940000 0.775474
9.950000 1.128201
9.960000 2.014605
9.970000 2.962940
9.980000 2.701887
9.990000 2.481256
10.000000 2.299722
10.010000 2.025836
10.020000 1.602692
10.030000 1.200114
10.040000 1.009148
10.050000 0.846798
10.060000 0.769686
10.070000 0.864459
10.080000 0.967838
10.090000 1.274842
10.100000 1.660401
10.110000 1.921216
10.120000 1.955929
10.130000 1.839113
10.140000 1.643947
10.150000 1.233947
10.160000 0.770314
10.170000 0.370854
10.180000 0.294156
10.190000 0.574848
10.200000 0.902663
10.210000 1.241039
10.220000 1.573953
10.230000 1.881444
10.240000 2.151120
10.250000 2.377444
10.260000 2.559182
10.270000 2.701252
10.280000 2.816331
10.290000 2.916966
10.300000 3.004069
10.310000 3.062056
10.320000 3.040367
10.330000 2.815274
10.340000 2.270159
10.350000 1.519323
10.360000 1.153535
10.370000 1.932492
10.380000 3.496022
10.390000 5.261872
10.400000 5.750905
10.410000 5.581657
10.420000 5.628408
10.430000 5.040459
10.440000 4.197726
10.450000 3.314839
10.460000 2.757443
10.470000 3.791177
10.480000 3.579798
10.490000 1.461414
10.500000 1.401328
10.510000 3.454154
10.520000 4.727683
10.530000 5.072917
10.540000 4.307520
10.550000 3.245446
10.560000 1.737977
10.570000 0.623270
10.580000 2.100810
10.590000 2.940121
10.600000 3.157772
10.610000 2.805141
10.620000 2.211853
10.630000 1.473001
10.640000 0.765316
10.650000 0.670172
10.660000 0.945502
10.670000 0.878683
10.680000 0.882730
10.690000 0.651421
10.700000 0.701236
10.710000 1.421044
10.720000 2.601104
10.730000 4.129305
10.740000 2.440404
10.750000 1.470355
10.760000 2.309891
10.770000 1.084025
10.780000 1.018686
10.790000 0.700321
10.800000 0.995244
10.810000 1.249717
10.820000 0.202082
10.830000 0.739107
10.840000 1.681118
10.850000 1.428615
10.860000 1.059645
10.870000 0.750402
10.880000 0.549006
10.890000 0.636353
10.900000 1.163095
10.910000 1.637880
10.920000 2.305233
10.930000 2.986406
10.940000 3.458575
10.950000 3.861970
10.960000 3.995754
10.970000 4.163722
10.980000 4.419543
10.990000 4.560471
11.000000 4.676057
11.010000 4.800268
11.020000 4.841543
11.030000 4.787501
11.040000 4.706305
11.050000 4.634302
11.060000 4.660499
11.070000 4.863796
11.080000 5.116121
11.090000 5.225139
11.100000 4.794450
11.110000 4.724473
11.120000 5.055793
11.130000 5.796376
11.140000 7.202519
11.150000 8.380604
11.160000 8.584579
11.170000 8.353920
11.180000 7.435617
11.190000 6.738863
11.200000 6.267099
11.210000 6.053757
11.220000 6.149033
11.230000 5.623295
11.240000 5.139230
11.250000 4.410041
11.260000 3.511285
11.270000 2.715656
11.280000 1.726281
11.290000 0.696139
11.300000 0.546567
11.310000 0.841765
11.320000 1.138206
11.330000 1.284993
11.340000 1.227040
11.350000 1.195525
11.360000 1.395117
11.370000 1.576969
11.380000 1.498241
11.390000 3.196992
11.400000 3.571346
11.410000 2.922923
11.420000 1.565738
11.430000 1.427562
11.440000 1.507612
11.450000 1.315127
11.460000 0.945922
11.470000 0.488314
11.480000 0.385250
11.490000 0.698003
11.500000 0.494139
11.510000 0.282089
11.520000 0.361833
11.530000 0.405410
11.540000 0.791070
11.550000 1.304984
11.560000 1.291699
11.570000 1.392698
11.580000 1.344919
11.590000 1.021379
11.600000 0.769877
11.610000 0.884747
11.620000 0.873557
11.630000 0.720996
11.640000 0.726076
11.650000 0.872195
11.660000 1.042627
11.670000 1.102586
11.680000 1.086122
11.690000 1.101406
11.700000 1.056974
11.710000 0.994139
11.720000 0.989488
11.730000 0.974373
11.740000 0.917401
11.750000 0.891579
11.760000 0.901290
11.770000 0.876269
11.780000 0.796194
11.790000 0.735437
11.800000 0.831231
11.810000 1.193295
11.820000 1.642657
11.830000 2.057018
11.840000 2.625170
11.850000 3.023969
11.860000 2.860187
11.870000 2.061388
11.880000 1.816942
11.890000 2.423619
11.900000 2.807425
11.910000 3.336142
11.920000 3.173745
11.930000 2.925891
11.940000 2.848842
11.950000 2.972061
11.960000 3.049700
11.970000 2.582989
11.980000 1.822375
11.990000 0.833063
12.000000 1.247188
12.010000 1.082625
12.020000 1.444935
12.030000 1.936585
12.040000 2.002641
12.050000 1.923030
12.060000 1.903007
12.070000 1.619872
12.080000 1.375931
12.090000 1.634563
12.100000 2.296012
12.110000 2.763659
12.120000 2.518334
12.130000 2.551801
12.140000 2.444474
12.150000 3.049827
12.160000 3.202389
12.170000 1.509851
12.180000 0.746430
12.190000 0.718218
12.200000 1.373382
12.210000 1.634496
12.220000 1.000720
12.230000 1.147010
12.240000 0.675782
12.250000 0.544075
12.260000 0.507854
12.270000 0.780970
12.280000 1.119650
12.290000 1.199195
12.300000 1.009252
12.310000 0.753084
12.320000 0.889982
12.330000 0.846039
12.340000 0.683494
12.350000 0.749243
12.360000 0.776125
12.370000 0.738629
12.380000 0.685641
12.390000 0.738558
12.400000 0.964793
12.410000 0.874086
12.420000 0.752770
12.430000 0.608596
12.440000 0.621095
12.450000 0.720175
12.460000 0.848968
12.470000 0.999973
12.480000 1.165779
12.490000 1.321405
12.500000 1.448424
12.510000 1.547719
12.520000 1.628968
12.530000 1.701308
12.540000 1.770890
12.550000 1.841895
12.560000 1.920038
12.570000 2.016502
12.580000 2.149119
12.590000 2.334448
12.600000 2.572199
12.610000 2.839775
12.620000 3.110790
12.630000 3.374839
12.640000 3.637075
12.650000 3.904908
12.660000 4.179391
12.670000 4.455406
12.680000 4.724674
12.690000 4.975142
12.700000 5.185303
12.710000 5.321759
12.720000 5.352445
12.730000 5.274079
12.740000 5.130250
12.750000 5.007842
12.760000 5.031677
12.770000 5.349535
12.780000 6.003489
12.790000 6.718651
12.800000 6.829341
12.810000 5.917498
12.820000 5.231868
12.830000 5.101121
12.840000 4.974928
12.850000 4.840512
12.860000 4.775879
12.870000 4.211818
12.880000 3.680796
12.890000 4.926517
12.900000 4.891311
12.910000 5.106335
12.920000 6.557368
12.930000 7.533509
12.940000 7.276191
12.950000 5.743677
12.960000 3.682421
12.970000 2.099626
12.980000 1.782829
12.990000 4.403804
13.000000 6.598175
13.010000 7.963350
13.020000 8.479896
13.030000 8.266914
13.040000 7.370723
13.050000 6.033650
13.060000 4.311205
13.070000 2.333851
13.080000 0.440516
13.090000 1.598801
13.100000 2.992535
13.110000 3.580067
13.120000 3.255163
13.130000 3.200920
13.140000 4.049774
13.150000 4.540805
13.160000 4.659476
13.170000 6.784575
13.180000 5.379058
13.190000 1.939145
13.200000 1.182813
13.210000 2.617313
13.220000 2.463956
13.230000 1.636575
13.240000 2.986038
13.250000 3.620967
13.260000 2.738507
13.270000 1.555889
13.280000 0.332744
13.290000 0.515490
13.300000 0.900303
13.310000 0.869592
13.320000 0.944684
13.330000 1.758856
13.340000 2.711216
13.350000 3.545727
13.360000 4.680529
13.370000 6.157235
13.380000 7.079457
13.390000 7.766729
13.400000 8.545332
13.410000 8.793687
13.420000 8.398793
13.430000 7.872144
13.440000 7.417540
13.450000 7.060516
13.460000 6.975893
13.470000 7.165505
13.480000 7.451943
13.490000 7.777546
13.500000 8.047321
13.510000 8.721034
13.520000 9.973150
13.530000 11.541310
13.540000 12.481909
13.550000 12.497408
13.560000 12.666005
13.570000 12.227033
13.580000 12.090345
13.590000 12.442625
13.600000 12.600798
13.610000 12.523582
13.620000 12.431695
13.630000 11.737709
13.640000 10.431081
13.650000 9.225884
13.660000 7.912080
13.670000 6.750777
13.680000 5.562095
13.690000 4.502956
13.700000 3.733361
13.710000 3.167231
13.720000 2.828161
13.730000 2.330616
13.740000 1.623942
13.750000 1.788045
13.760000 2.601375
13.770000 2.488012
13.780000 1.428715
13.790000 0.448084
13.800000 0.980397
13.810000 2.119562
13.820000 2.721606
13.830000 2.086119
13.840000 1.100399
13.850000 0.496293
13.860000 1.684109
13.870000 2.482698
13.880000 2.242495
13.890000 1.801672
13.900000 1.300319
13.910000 0.683433
13.920000 0.763847
13.930000 1.277379
13.940000 1.646695
13.950000 1.602090
13.960000 1.546105
13.970000 1.528017
13.980000 1.368930
13.990000 1.212412
14.000000 1.321792
14.010000 1.801371
14.020000 2.110856
14.030000 2.470781
14.040000 2.848529
14.050000 3.200816
14.060000 3.567294
14.070000 3.887031
14.080000 4.024581
14.090000 3.913666
14.100000 3.578324
14.110000 3.359778
14.120000 3.234067
14.130000 3.163828
14.140000 3.331844
14.150000 3.995320
14.160000 5.131018
14.170000 5.734175
14.180000 5.475061
14.190000 6.214746
14.200000 7.336310
14.210000 7.658058
14.220000 7.476944
14.230000 6.837745
14.240000 6.615112
14.250000 6.600110
14.260000 6.514616
14.270000 6.565128
14.280000 6.403285
14.290000 5.948460
14.300000 5.046788
14.310000 4.238008
14.320000 3.311741
14.330000 2.482059
14.340000 1.698310
14.350000 1.300578
14.360000 1.399981
14.370000 1.603050
14.380000 1.627523
14.390000 1.253283
14.400000 0.561588
14.410000 0.966475
14.420000 2.320944
14.430000 3.542625
14.440000 2.701436
14.450000 1.803750
14.460000 1.102036
14.470000 1.825312
14.480000 2.507630
14.490000 2.155987
14.500000 1.315521
14.510000 0.403123
14.520000 1.101841
14.530000 1.465046
14.540000 1.200887
14.550000 0.874617
14.560000 0.594198
14.570000 0.515245
14.580000 1.055319
14.590000 1.393005
14.600000 1.598351
14.610000 1.543962
14.620000 1.634033
14.630000 1.593692
14.640000 1.468997
14.650000 1.150862
14.660000 0.995425
14.670000 1.181697
14.680000 1.367187
14.690000 1.588453
14.700000 1.927133
14.710000 2.407286
14.720000 2.988770
14.730000 3.537138
14.740000 3.788597
14.750000 3.549310
14.760000 3.165437
14.770000 2.735028
14.780000 2.397899
14.790000 2.180125
14.800000 2.048543
14.810000 2.264739
14.820000 3.180792
14.830000 4.645909
14.840000 4.799802
14.850000 4.747530
14.860000 5.356398
14.870000 6.595333
14.880000 7.108260
14.890000 6.918600
14.900000 6.453857
14.910000 6.103903
14.920000 5.873889
14.930000 5.607170
14.940000 5.431314
14.950000 5.235239
14.960000 4.919020
14.970000 4.254450
14.980000 3.301714
14.990000 2.632419
15.000000 1.955566
15.010000 1.164769
15.020000 0.626663
15.030000 0.762937
15.040000 1.269830
15.050000 1.663292
15.060000 2.017110
15.070000 1.945326
15.080000 1.267542
15.090000 0.615726
15.100000 2.062024
15.110000 3.431276
15.120000 2.896573
15.130000 1.993192
15.140000 1.016706
15.150000 1.752487
15.160000 2.050586
15.170000 1.564589
15.180000 0.831159
15.190000 0.380389
15.200000 0.628667
15.210000 0.492219
15.220000 0.483842
15.230000 0.545970
15.240000 0.456440
15.250000 0.504662
15.260000 0.779361
15.270000 1.311012
15.280000 1.522882
15.290000 1.639415
15.300000 1.616426
15.310000 1.457314
15.320000 1.059783
15.330000 0.737562
15.340000 0.657871
15.350000 0.818938
15.360000 0.976993
15.370000 1.123842
15.380000 1.476359
15.390000 2.011804
15.400000 2.462539
15.410000 2.511808
15.420000 2.496562
15.430000 2.446168
15.440000 2.266818
15.450000 1.899161
15.460000 1.456984
15.470000 1.137524
15.480000 1.006454
15.490000 1.012046
15.500000 1.388611
15.510000 2.504329
15.520000 3.617792
15.530000 3.698609
15.540000 3.694369
15.550000 3.728469
15.560000 4.763423
15.570000 5.661907
15.580000 5.756825
15.590000 5.505095
15.600000 5.041515
15.610000 4.701949
15.620000 4.449557
15.630000 4.382782
15.640000 4.064917
15.650000 3.778626
15.660000 3.279096
15.670000 2.685446
15.680000 1.974541
15.690000 1.318542
15.700000 0.555519
15.710000 0.596334
15.720000 0.881490
15.730000 0.988037
15.740000 1.173485
15.750000 1.360954
15.760000 1.363156
15.770000 1.449909
15.780000 1.756731
15.790000 1.418458
15.800000 2.399002
15.810000 3.723712
15.820000 3.322246
15.830000 2.402194
15.840000 1.382890
15.850000 1.851520
15.860000 1.548729
15.870000 1.292745
15.880000 0.913930
15.890000 0.266221
15.900000 0.638973
15.910000 0.586686
15.920000 0.435864
15.930000 0.262508
15.940000 0.440331
15.950000 0.456927
15.960000 1.116682
15.970000 1.378711
15.980000 1.386307
15.990000 1.460894
16.000000 1.253230
16.010000 0.906874
16.020000 0.787253
16.030000 0.844161
16.040000 0.755797
16.050000 0.697720
16.060000 0.803515
16.070000 0.977243
16.080000 1.188393
16.090000 1.236426
16.100000 1.279631
16.110000 1.283311
16.120000 1.233726
16.130000 1.185492
16.140000 1.140825
16.150000 1.042013
16.160000 0.930741
16.170000 0.854933
16.180000 0.777620
16.190000 0.689089
16.200000 0.659025
16.210000 0.779700
16.220000 1.116759
16.230000 1.536942
16.240000 2.003829
16.250000 2.573436
16.260000 2.915561
16.270000 2.686634
16.280000 1.988255
16.290000 2.153591
16.300000 2.836481
16.310000 3.283039
16.320000 3.725872
16.330000 3.435319
16.340000 3.212096
16.350000 3.152947
16.360000 3.158067
16.370000 3.160312
16.380000 2.684692
16.390000 1.949189
16.400000 0.861067
16.410000 1.105130
16.420000 0.984310
16.430000 1.281494
16.440000 1.754548
16.450000 1.799597
16.460000 1.738103
16.470000 1.767471
16.480000 1.521583
16.490000 1.367393
16.500000 1.806322
16.510000 2.773875
16.520000 2.497755
16.530000 2.611489
16.540000 2.587623
16.550000 2.846810
16.560000 3.430551
16.570000 2.964450
16.580000 1.142587
16.590000 0.981481
16.600000 0.986420
16.610000 1.478402
16.620000 1.433996
16.630000 1.011625
16.640000 0.967570
16.650000 0.650039
16.660000 0.494548
16.670000 0.461339
16.680000 0.849114
16.690000 1.069266
16.700000 1.187372
16.710000 0.986716
16.720000 0.853305
16.730000 0.950280
16.740000 0.859622
16.750000 0.765930
16.760000 0.863439
16.770000 0.859977
16.780000 0.754462
16.790000 0.717681
16.800000 0.800306
16.810000 0.945032
16.820000 0.815772
16.830000 0.658824
16.840000 0.569831
16.850000 0.641142
16.860000 0.753213
16.870000 0.837108
16.880000 0.903804
16.890000 0.993228
16.900000 1.113143
16.910000 1.241274
16.920000 1.358611
16.930000 1.462160
16.940000 1.559501
16.950000 1.661949
16.960000 1.781586
16.970000 1.930943
16.980000 2.123667
16.990000 2.365588
17.000000 2.637619
17.010000 2.919140
17.020000 3.224957
17.030000 3.579236
17.040000 3.990287
17.050000 4.460293
17.060000 4.996320
17.070000 5.609192
17.080000 6.308980
17.090000 7.101546
17.100000 7.987597
17.110000 8.957087
17.120000 9.980904
17.130000 11.007747
17.140000 11.990067
17.150000 12.905113
17.160000 13.708930
17.170000 14.341174
17.180000 14.748973
17.190000 14.868940
17.200000 14.642546
17.210000 14.038838
17.220000 13.038792
17.230000 11.619570
17.240000 9.848368
17.250000 7.880146
17.260000 6.004448
17.270000 4.528305
17.280000 3.231632
17.290000 2.181688
17.300000 1.661963
17.310000 1.347038
17.320000 1.543712
17.330000 3.414842
17.340000 3.228667
17.350000 4.104681
17.360000 6.368102
17.370000 9.072350
17.380000 10.946366
17.390000 12.106236
17.400000 13.152485
17.410000 12.751733
17.420000 11.215382
17.430000 8.910797
17.440000 6.158199
17.450000 2.930266
17.460000 0.968899
17.470000 3.486110
17.480000 5.471433
17.490000 6.605204
17.500000 7.117269
17.510000 7.492103
17.520000 7.593050
17.530000 6.746500
17.540000 5.417046
17.550000 5.499263
17.560000 6.037217
17.570000 5.515417
17.580000 6.387481
17.590000 5.475930
17.600000 3.868850
17.610000 3.031662
17.620000 1.601231
17.630000 2.126719
17.640000 2.970767
17.650000 3.289955
17.660000 2.681435
17.670000 2.398165
17.680000 1.574729
17.690000 1.872666
17.700000 3.032748
17.710000 2.809796
17.720000 2.401460
17.730000 2.356439
17.740000 2.656020
17.750000 2.864596
17.760000 2.412470
17.770000 1.729194
17.780000 1.298063
17.790000 0.518983
17.800000 0.948012
17.810000 2.217767
17.820000 4.087466
17.830000 4.953402
17.840000 4.579925
17.850000 3.730658
17.860000 2.801387
17.870000 1.891765
17.880000 1.558786
17.890000 1.756870
17.900000 1.311397
17.910000 3.102342
17.920000 4.612145
17.930000 5.742576
17.940000 6.181844
17.950000 6.820085
17.960000 7.833584
17.970000 8.690413
17.980000 9.093127
17.990000 9.238822
18.000000 9.296077
18.010000 9.081643
18.020000 8.319727
18.030000 7.276584
18.040000 6.107908
18.050000 4.985843
18.060000 4.298671
18.070000 3.455934
18.080000 2.368162
18.090000 1.566344
18.100000 1.018672
18.110000 0.954880
18.120000 1.530251
18.130000 2.835023
18.140000 1.823850
18.150000 1.546644
18.160000 3.092401
18.170000 4.080845
18.180000 3.570092
18.190000 2.791961
18.200000 2.657118
18.210000 2.395561
18.220000 2.320450
18.230000 2.172878
18.240000 2.303804
18.250000 2.080491
18.260000 2.469244
18.270000 1.496607
18.280000 0.466317
18.290000 0.673361
18.300000 0.773097
18.310000 0.830508
18.320000 0.427225
18.330000 0.336478
18.340000 0.691762
18.350000 0.904711
18.360000 1.106776
18.370000 1.391917
18.380000 1.267900
18.390000 0.975519
18.400000 1.121844
18.410000 1.472940
18.420000 2.059650
18.430000 2.538974
18.440000 2.977964
18.450000 3.570800
18.460000 4.034253
18.470000 4.164375
18.480000 4.169454
18.490000 4.101326
18.500000 3.931225
18.510000 3.612478
18.520000 3.199363
18.530000 2.790760
18.540000 2.636646
18.550000 3.275311
18.560000 3.177620
18.570000 3.372492
18.580000 4.550938
18.590000 5.728517
18.600000 6.760888
18.610000 5.994822
18.620000 3.892304
18.630000 2.814037
18.640000 3.563101
18.650000 5.136670
18.660000 6.459410
18.670000 6.654587
18.680000 5.600178
18.690000 3.863868
18.700000 2.008882
18.710000 1.717335
18.720000 2.213046
18.730000 2.169623
18.740000 1.929650
18.750000 1.886329
18.760000 1.916272
18.770000 1.895143
18.780000 2.209963
18.790000 2.689870
18.800000 3.478514
18.810000 2.780343
18.820000 1.146640
18.830000 1.344931
18.840000 2.627628
18.850000 2.076057
18.860000 1.507592
18.870000 1.001065
18.880000 1.043955
18.890000 1.600555
18.900000 1.761975
18.910000 2.353412
18.920000 2.415616
18.930000 1.064557
18.940000 0.650409
18.950000 1.279023
18.960000 1.431584
18.970000 1.597116
18.980000 1.123766
18.990000 0.610427
19.000000 0.662459
19.010000 0.927821
19.020000 1.292704
19.030000 1.654230
19.040000 1.672410
19.050000 1.062082
19.060000 0.770547
19.070000 0.858853
19.080000 1.033958
19.090000 1.125522
19.100000 1.389431
19.110000 1.897938
19.120000 2.387783
19.130000 2.883597
19.140000 3.423396
19.150000 3.843681
19.160000 3.981732
19.170000 3.811545
19.180000 3.404452
19.190000 2.888755
19.200000 2.474268
19.210000 2.318011
19.220000 2.715619
19.230000 3.955255
19.240000 4.641035
19.250000 5.161210
19.260000 6.154581
19.270000 7.061949
19.280000 5.430009
19.290000 3.279911
19.300000 2.120651
19.310000 3.349071
19.320000 5.112663
19.330000 6.248230
19.340000 5.781341
19.350000 4.056788
19.360000 1.651153
19.370000 1.775934
19.380000 2.956876
19.390000 3.487131
19.400000 3.156549
19.410000 2.178133
19.420000 1.597381
19.430000 1.423555
19.440000 1.482765
19.450000 1.563339
19.460000 1.892609
19.470000 1.975149
19.480000 2.625722
19.490000 3.678767
19.500000 2.458927
19.510000 0.963196
19.520000 1.755685
19.530000 2.003986
19.540000 1.313968
19.550000 0.830934
19.560000 1.530830
19.570000 1.749697
19.580000 1.950106
19.590000 2.678225
19.600000 1.448734
19.610000 0.673313
19.620000 1.344641
19.630000 1.648045
19.640000 2.060957
19.650000 2.260551
19.660000 1.612916
19.670000 1.280163
19.680000 1.228208
19.690000 1.293654
19.700000 1.629956
19.710000 2.049243
19.720000 1.751557
19.730000 1.143401
19.740000 0.920734
19.750000 0.802877
19.760000 0.819443
19.770000 1.152685
19.780000 1.346563
19.790000 1.381407
19.800000 1.354726
19.810000 1.397108
19.820000 1.765030
19.830000 2.341056
19.840000 2.848109
19.850000 3.191970
19.860000 3.321930
19.870000 3.245661
19.880000 2.995878
19.890000 2.593975
19.900000 2.116699
19.910000 1.788063
19.920000 2.155232
19.930000 3.522244
19.940000 5.322705
19.950000 6.559649
19.960000 8.228866
19.970000 6.972173
19.980000 4.227768
19.990000 2.310686
